0.74437251684711
0.83679883729943
0.19632891725689
-0.61609239533582
-0.88891950653562
-0.38320136240857
0.45813727417533
0.89822405558544
0.55161634828768
-0.27811529493745
-0.86426431710925
-0.69346191849821
0.08469748198666
0.78867601203948
0.80190587176953
0.11279991020787
-0.67509996266741
-0.87172484501577
-0.30486412822076
0.52900672706323
0.89955590432916
0.48224411548110
-0.35743310157130
-0.88405852565582
-0.63639610306789
0.16864318312715
0.82597916311558
0.75989513295181
0.02826968317031
-0.72811529493745
-0.84679269205880
-0.22382089844837
0.59518067879129
0.89290323118303
0.40859144976559
-0.43357830669154
-0.89600576814277
-0.57368159077382
0.25109199543530
0.85595086466564
0.71113951113812
-0.05651146757638
-0.77466782430355
-0.81434434721942
-0.14079101853621
0.65607176467927
0.87832508574487
0.33131209741621
-0.50587504006691
-0.90000000000000
-0.50587504006692
0.33131209741621
0.87832508574487
0.65607176467927
-0.14079101853621
-0.81434434721942
-0.77466782430355
-0.05651146757638
0.71113951113812
0.85595086466564
0.25109199543531
-0.57368159077382
-0.89600576814277
-0.43357830669154
0.40859144976559
0.89290323118303
0.59518067879129
-0.22382089844837
-0.84679269205880
-0.72811529493745
0.02826968317031
0.75989513295181
0.82597916311559
0.16864318312715
-0.63639610306790
-0.88405852565582
-0.35743310157131
0.48224411548108
0.89955590432916
0.52900672706323
-0.30486412822075
-0.87172484501577
-0.67509996266741
0.11279991020787
0.80190587176953
0.78867601203948
0.08469748198667
-0.69346191849820
-0.86426431710925
-0.27811529493746
0.55161634828767
0.89822405558544
0.45813727417534
-0.38320136240856
-0.88891950653562
-0.61609239533582
0.19632891725688
0.83679883729942
0.74437251684711
0.00000000000001
-0.74437251684710
-0.83679883729943
-0.19632891725690
0.61609239533582
0.88891950653562
0.38320136240856
-0.45813727417533
-0.89822405558544
-0.55161634828768
0.27811529493746
0.86426431710925
0.69346191849821
-0.08469748198666
-0.78867601203947
-0.80190587176953
-0.11279991020787
0.67509996266741
0.87172484501577
0.30486412822077
-0.52900672706322
-0.89955590432916
-0.48224411548110
0.35743310157130
0.88405852565582
0.63639610306790
-0.16864318312715
-0.82597916311558
-0.75989513295181
-0.02826968317032
0.72811529493745
0.84679269205881
0.22382089844837
-0.59518067879129
-0.89290323118303
-0.40859144976560
0.43357830669154
0.89600576814277
0.57368159077381
-0.25109199543530
-0.85595086466564
-0.71113951113813
0.05651146757637
0.77466782430356
0.81434434721942
0.14079101853620
-0.65607176467926
-0.87832508574487
-0.33131209741621
0.50587504006690
0.90000000000000
0.50587504006693
-0.33131209741621
-0.87832508574487
-0.65607176467928
0.14079101853620
0.81434434721940
0.77466782430355
0.05651146757637
-0.71113951113811
-0.85595086466564
-0.25109199543533
0.57368159077381
0.89600576814277
0.43357830669155
-0.40859144976557
-0.89290323118303
-0.59518067879128
0.22382089844836
0.84679269205880
0.72811529493745
-0.02826968317033
-0.75989513295181
-0.82597916311558
-0.16864318312717
0.63639610306788
0.88405852565583
0.35743310157128
-0.48224411548110
-0.89955590432916
-0.52900672706323
0.30486412822076
0.87172484501576
0.67509996266741
-0.11279991020786
-0.80190587176953
-0.78867601203949
-0.08469748198665
0.69346191849820
0.86426431710925
0.27811529493745
-0.55161634828768
-0.89822405558545
-0.45813727417534
0.38320136240854
0.88891950653562
0.61609239533585
-0.19632891725688
-0.83679883729943
-0.74437251684710
-0.00000000000001
0.74437251684710
0.83679883729944
0.19632891725688
-0.61609239533581
-0.88891950653563
-0.38320136240859
0.45813727417532
0.89822405558545
0.55161634828769
-0.27811529493747
-0.86426431710925
-0.69346191849820
0.08469748198665
0.78867601203948
0.80190587176954
0.11279991020786
-0.67509996266741
-0.87172484501577
-0.30486412822076
0.52900672706323
0.89955590432916
0.48224411548110
-0.35743310157130
-0.88405852565582
-0.63639610306790
0.16864318312715
0.82597916311557
0.75989513295182
0.02826968317035
-0.72811529493746
-0.84679269205880
-0.22382089844836
0.59518067879128
0.89290323118303
0.40859144976562
-0.43357830669155
-0.89600576814277
-0.57368159077383
0.25109199543528
0.85595086466563
0.71113951113813
-0.05651146757637
-0.77466782430355
-0.81434434721942
-0.14079101853622
0.65607176467926
0.87832508574488
0.33131209741623
-0.50587504006688
-0.90000000000000
-0.50587504006690
0.33131209741621
0.87832508574487
0.65607176467928
-0.14079101853620
-0.81434434721942
-0.77466782430355
-0.05651146757639
0.71113951113812
0.85595086466565
0.25109199543532
-0.57368159077381
-0.89600576814277
-0.43357830669154
0.40859144976560
0.89290323118303
0.59518067879127
-0.22382089844834
-0.84679269205880
-0.72811529493746
0.02826968317031
0.75989513295181
0.82597916311558
0.16864318312714
-0.63639610306787
-0.88405852565582
-0.35743310157132
0.48224411548108
0.89955590432916
0.52900672706323
-0.30486412822077
-0.87172484501576
-0.67509996266740
0.11279991020784
0.80190587176952
0.78867601203946
0.08469748198667
-0.69346191849821
-0.86426431710926
-0.27811529493745
0.55161634828765
0.89822405558545
0.45813727417536
-0.38320136240855
-0.88891950653563
-0.61609239533582
0.19632891725689
0.83679883729941
0.74437251684710
-0.00000000000002
-0.74437251684709
-0.83679883729943
-0.19632891725690
0.61609239533581
0.88891950653562
0.38320136240856
-0.45813727417534
-0.89822405558544
-0.55161634828766
0.27811529493743
0.86426431710924
0.69346191849825
-0.08469748198666
-0.78867601203948
-0.80190587176953
-0.11279991020786
0.67509996266739
0.87172484501577
0.30486412822073
-0.52900672706322
-0.89955590432916
-0.48224411548114
0.35743310157131
0.88405852565581
0.63639610306791
-0.16864318312713
-0.82597916311558
-0.75989513295182
-0.02826968317032
0.72811529493742
0.84679269205882
0.22382089844836
-0.59518067879130
-0.89290323118303
-0.40859144976561
0.43357830669153
0.89600576814277
0.57368159077382
-0.25109199543526
-0.85595086466564
-0.71113951113814
0.05651146757641
0.77466782430354
0.81434434721942
0.14079101853622
-0.65607176467927
-0.87832508574487
-0.33131209741625
0.50587504006693
0.90000000000000
0.50587504006694
-0.33131209741615
-0.87832508574487
-0.65607176467924
0.14079101853616
0.81434434721942
0.77466782430357
0.05651146757636
-0.71113951113811
-0.85595086466564
-0.25109199543532
0.57368159077382
0.89600576814277
0.43357830669158
-0.40859144976560
-0.89290323118303
-0.59518067879127
0.22382089844835
0.84679269205880
0.72811529493746
-0.02826968317026
-0.75989513295179
-0.82597916311558
-0.16864318312714
0.63639610306787
0.88405852565582
0.35743310157132
-0.48224411548109
-0.89955590432916
-0.52900672706322
0.30486412822072
0.87172484501577
0.67509996266747
-0.11279991020785
-0.80190587176952
-0.78867601203948
-0.08469748198662
0.69346191849818
0.86426431710925
0.27811529493749
-0.55161634828769
-0.89822405558545
-0.45813727417535
0.38320136240855
0.88891950653562
0.61609239533582
-0.19632891725684
-0.83679883729943
-0.74437251684710
-0.00000000000003
0.74437251684709
0.83679883729943
0.19632891725690
-0.61609239533578
-0.88891950653563
-0.38320136240856
0.45813727417535
0.89822405558544
0.55161634828770
-0.27811529493744
-0.86426431710925
-0.69346191849825
0.08469748198667
0.78867601203946
0.80190587176952
0.11279991020785
-0.67509996266740
-0.87172484501577
-0.30486412822077
0.52900672706326
0.89955590432916
0.48224411548109
-0.35743310157127
-0.88405852565582
-0.63639610306795
0.16864318312713
0.82597916311560
0.75989513295182
0.02826968317032
-0.72811529493743
-0.84679269205880
-0.22382089844835
0.59518067879127
0.89290323118303
0.40859144976560
-0.43357830669154
-0.89600576814277
-0.57368159077382
0.25109199543532
0.85595086466564
0.71113951113814
-0.05651146757636
-0.77466782430354
-0.81434434721942
-0.14079101853626
0.65607176467927
0.87832508574488
0.33131209741620
-0.50587504006694
-0.90000000000000
-0.50587504006693
0.33131209741620
0.87832508574488
0.65607176467930
-0.14079101853622
-0.81434434721940
-0.77466782430354
-0.05651146757646
0.71113951113811
0.85595086466563
0.25109199543536
-0.57368159077382
-0.89600576814278
-0.43357830669153
0.40859144976552
0.89290323118303
0.59518067879130
-0.22382089844836
-0.84679269205878
-0.72811529493748
0.02826968317032
0.75989513295182
0.82597916311558
0.16864318312718
-0.63639610306788
-0.88405852565582
-0.35743310157131
0.48224411548105
0.89955590432916
0.52900672706326
-0.30486412822078
-0.87172484501576
-0.67509996266743
0.11279991020786
0.80190587176953
0.78867601203948
0.08469748198671
-0.69346191849822
-0.86426431710926
-0.27811529493748
0.55161634828766
0.89822405558545
0.45813727417530
-0.38320136240851
-0.88891950653562
-0.61609239533585
0.19632891725690
0.83679883729940
0.74437251684712
0.00000000000002
-0.74437251684710
-0.83679883729941
-0.19632891725694
0.61609239533582
0.88891950653562
0.38320136240855
-0.45813727417531
-0.89822405558544
-0.55161634828769
0.27811529493744
0.86426431710923
0.69346191849821
-0.08469748198667
-0.78867601203948
-0.80190587176954
-0.11279991020790
0.67509996266740
0.87172484501577
0.30486412822077
-0.52900672706319
-0.89955590432916
-0.48224411548113
0.35743310157127
0.88405852565582
0.63639610306791
-0.16864318312714
-0.82597916311558
-0.75989513295181
-0.02826968317031
0.72811529493746
0.84679269205883
0.22382089844835
-0.59518067879123
-0.89290323118303
-0.40859144976555
0.43357830669150
0.89600576814277
0.57368159077385
-0.25109199543527
-0.85595086466563
-0.71113951113807
0.05651146757637
0.77466782430354
0.81434434721942
0.14079101853620
-0.65607176467928
-0.87832508574489
-0.33131209741619
0.50587504006686
0.90000000000000
0.50587504006697
-0.33131209741625
-0.87832508574486
-0.65607176467930
0.14079101853627
0.81434434721940
0.77466782430356
0.05651146757650
-0.71113951113811
-0.85595086466564
-0.25109199543531
0.57368159077383
0.89600576814277
0.43357830669162
-0.40859144976561
-0.89290323118303
-0.59518067879134
0.22382089844831
0.84679269205882
0.72811529493748
-0.02826968317028
-0.75989513295185
-0.82597916311559
-0.16864318312717
0.63639610306781
0.88405852565582
0.35743310157131
-0.48224411548101
-0.89955590432916
-0.52900672706321
0.30486412822078
0.87172484501575
0.67509996266739
-0.11279991020781
-0.80190587176951
-0.78867601203950
-0.08469748198671
0.69346191849819
0.86426431710926
0.27811529493738
-0.55161634828766
-0.89822405558545
-0.45813727417534
0.38320136240857
0.88891950653561
0.61609239533589
-0.19632891725691
-0.83679883729944
-0.74437251684715
0.00000000000004
0.74437251684713
0.83679883729945
0.19632891725693
-0.61609239533579
-0.88891950653563
-0.38320136240859
0.45813727417532
0.89822405558544
0.55161634828769
-0.27811529493745
-0.86426431710925
-0.69346191849820
0.08469748198658
0.78867601203949
0.80190587176956
0.11279991020794
-0.67509996266737
-0.87172484501576
-0.30486412822071
0.52900672706319
0.89955590432916
0.48224411548112
-0.35743310157128
-0.88405852565580
-0.63639610306790
0.16864318312715
0.82597916311558
0.75989513295181
0.02826968317030
-0.72811529493746
-0.84679269205883
-0.22382089844834
0.59518067879124
0.89290323118304
0.40859144976564
-0.43357830669150
-0.89600576814277
-0.57368159077377
0.25109199543528
0.85595086466563
0.71113951113813
-0.05651146757637
-0.77466782430355
-0.81434434721946
-0.14079101853620
0.65607176467928
0.87832508574487
0.33131209741628
-0.50587504006695
-0.90000000000000
-0.50587504006696
0.33131209741616
0.87832508574489
0.65607176467930
-0.14079101853618
-0.81434434721941
-0.77466782430356
-0.05651146757639
0.71113951113812
0.85595086466567
0.25109199543530
-0.57368159077375
-0.89600576814277
-0.43357830669152
0.40859144976553
0.89290323118303
0.59518067879133
-0.22382089844842
-0.84679269205879
-0.72811529493748
0.02826968317028
0.75989513295180
0.82597916311559
0.16864318312717
-0.63639610306789
-0.88405852565582
-0.35743310157130
0.48224411548102
0.89955590432916
0.52900672706321
-0.30486412822069
-0.87172484501575
-0.67509996266745
0.11279991020792
0.80190587176951
0.78867601203950
0.08469748198660
-0.69346191849819
-0.86426431710928
-0.27811529493747
0.55161634828767
0.89822405558544
0.45813727417542
-0.38320136240857
-0.88891950653563
-0.61609239533588
0.19632891725701
0.83679883729944
0.74437251684714
0.00000000000006
-0.74437251684713
-0.83679883729944
-0.19632891725693
0.61609239533572
0.88891950653561
0.38320136240859
-0.45813727417523
-0.89822405558545
-0.55161634828768
0.27811529493736
0.86426431710925
0.69346191849820
-0.08469748198668
-0.78867601203944
-0.80190587176952
-0.11279991020783
0.67509996266738
0.87172484501578
0.30486412822071
-0.52900672706320
-0.89955590432916
-0.48224411548112
0.35743310157129
0.88405852565582
0.63639610306790
-0.16864318312725
-0.82597916311559
-0.75989513295186
-0.02826968317040
0.72811529493747
0.84679269205883
0.22382089844833
-0.59518067879124
-0.89290323118302
-0.40859144976563
0.43357830669151
0.89600576814278
0.57368159077384
-0.25109199543529
-0.85595086466563
-0.71113951113813
0.05651146757628
0.77466782430355
0.81434434721946
0.14079101853619
-0.65607176467929
-0.87832508574489
-0.33131209741618
0.50587504006687
0.90000000000000
0.50587504006696
-0.33131209741617
-0.87832508574489
-0.65607176467929
0.14079101853608
0.81434434721941
0.77466782430356
0.05651146757649
-0.71113951113812
-0.85595086466564
-0.25109199543529
0.57368159077376
0.89600576814278
0.43357830669152
-0.40859144976553
-0.89290323118301
-0.59518067879125
0.22382089844832
0.84679269205879
0.72811529493747
-0.02826968317029
-0.75989513295180
-0.82597916311563
-0.16864318312706
0.63639610306789
0.88405852565584
0.35743310157139
-0.48224411548111
-0.89955590432916
-0.52900672706329
0.30486412822079
0.87172484501578
0.67509996266745
-0.11279991020772
-0.80190587176956
-0.78867601203950
-0.08469748198680
0.69346191849819
0.86426431710925
0.27811529493746
-0.55161634828767
-0.89822405558544
-0.45813727417533
0.38320136240848
0.88891950653561
0.61609239533580
-0.19632891725682
-0.83679883729944
-0.74437251684714
-0.00000000000005
0.74437251684708
0.83679883729944
0.19632891725682
-0.61609239533580
-0.88891950653563
-0.38320136240858
0.45813727417533
0.89822405558544
0.55161634828768
-0.27811529493736
-0.86426431710925
-0.69346191849820
0.08469748198659
0.78867601203949
0.80190587176956
0.11279991020793
-0.67509996266738
-0.87172484501578
-0.30486412822070
0.52900672706320
0.89955590432916
0.48224411548111
-0.35743310157129
-0.88405852565580
-0.63639610306789
0.16864318312716
0.82597916311559
0.75989513295186
0.02826968317039
-0.72811529493747
-0.84679269205883
-0.22382089844833
0.59518067879132
0.89290323118304
0.40859144976563
-0.43357830669151
-0.89600576814277
-0.57368159077384
0.25109199543519
0.85595086466567
0.71113951113812
-0.05651146757628
-0.77466782430355
-0.81434434721941
-0.14079101853629
0.65607176467922
0.87832508574487
0.33131209741617
-0.50587504006687
-0.90000000000000
-0.50587504006687
0.33131209741618
0.87832508574484
0.65607176467922
-0.14079101853619
-0.81434434721941
-0.77466782430360
-0.05651146757638
0.71113951113813
0.85595086466567
0.25109199543539
-0.57368159077384
-0.89600576814278
-0.43357830669151
0.40859144976563
0.89290323118302
0.59518067879132
-0.22382089844833
-0.84679269205883
-0.72811529493747
0.02826968317029
0.75989513295181
0.82597916311559
0.16864318312726
-0.63639610306789
-0.88405852565582
-0.35743310157129
0.48224411548112
0.89955590432916
0.52900672706320
-0.30486412822070
-0.87172484501575
-0.67509996266745
0.11279991020783
0.80190587176956
0.78867601203949
0.08469748198669
-0.69346191849820
-0.86426431710925
-0.27811529493756
0.55161634828768
0.89822405558544
0.45813727417532
-0.38320136240849
-0.88891950653561
-0.61609239533580
0.19632891725682
0.83679883729944
0.74437251684708
0.00000000000005
-0.74437251684703
-0.83679883729944
-0.19632891725692
0.61609239533580
0.88891950653564
0.38320136240848
-0.45813727417533
-0.89822405558544
-0.55161634828767
0.27811529493747
0.86426431710923
0.69346191849826
-0.08469748198670
-0.78867601203950
-0.80190587176956
-0.11279991020802
0.67509996266745
0.87172484501578
0.30486412822089
-0.52900672706329
-0.89955590432916
-0.48224411548119
0.35743310157120
0.88405852565582
0.63639610306789
-0.16864318312706
-0.82597916311555
-0.75989513295180
-0.02826968317039
0.72811529493735
0.84679269205879
0.22382089844842
-0.59518067879125
-0.89290323118304
-0.40859144976562
0.43357830669152
0.89600576814277
0.57368159077391
-0.25109199543530
-0.85595086466561
-0.71113951113812
0.05651146757639
0.77466782430350
0.81434434721941
0.14079101853628
-0.65607176467929
-0.87832508574489
-0.33131209741626
0.50587504006688
0.90000000000000
0.50587504006695
-0.33131209741618
-0.87832508574487
-0.65607176467928
0.14079101853620
0.81434434721937
0.77466782430355
0.05651146757638
-0.71113951113807
-0.85595086466566
-0.25109199543538
0.57368159077384
0.89600576814278
0.43357830669160
-0.40859144976564
-0.89290323118302
-0.59518067879139
0.22382089844834
0.84679269205879
0.72811529493747
-0.02826968317030
-0.75989513295181
-0.82597916311558
-0.16864318312725
0.63639610306790
0.88405852565582
0.35743310157138
-0.48224411548103
-0.89955590432916
-0.52900672706328
0.30486412822071
0.87172484501576
0.67509996266737
-0.11279991020784
-0.80190587176947
-0.78867601203944
-0.08469748198668
0.69346191849814
0.86426431710928
0.27811529493745
-0.55161634828768
-0.89822405558545
-0.45813727417532
0.38320136240859
0.88891950653561
0.61609239533594
-0.19632891725693
-0.83679883729941
-0.74437251684713
-0.00000000000004
