0.84679269205880
0.57368159077382
-0.45813727417533
-0.88405852565582
-0.14079101853621
0.78867601203948
0.67509996266741
-0.33131209741621
-0.89955590432916
-0.27811529493745
0.71113951113812
0.75989513295181
-0.19632891725689
-0.89290323118303
-0.40859144976559
0.61609239533582
0.82597916311558
-0.05651146757638
-0.86426431710925
-0.52900672706323
0.50587504006692
0.87172484501577
0.08469748198666
-0.81434434721942
-0.63639610306789
0.38320136240857
0.89600576814277
0.22382089844837
-0.74437251684711
-0.72811529493746
0.25109199543530
0.89822405558544
0.35743310157131
-0.65607176467927
-0.80190587176953
0.11279991020787
0.87832508574487
0.48224411548110
-0.55161634828768
-0.85595086466564
-0.02826968317032
0.83679883729943
0.59518067879129
-0.43357830669154
-0.88891950653562
-0.16864318312716
0.77466782430355
0.69346191849821
-0.30486412822075
-0.90000000000000
-0.30486412822077
0.69346191849821
0.77466782430355
-0.16864318312715
-0.88891950653562
-0.43357830669155
0.59518067879128
0.83679883729942
-0.02826968317031
-0.85595086466563
-0.55161634828768
0.48224411548108
0.87832508574487
0.11279991020788
-0.80190587176953
-0.65607176467928
0.35743310157130
0.89822405558544
0.25109199543531
-0.72811529493744
-0.74437251684711
0.22382089844837
0.89600576814277
0.38320136240857
-0.63639610306789
-0.81434434721942
0.08469748198667
0.87172484501577
0.50587504006692
-0.52900672706322
-0.86426431710925
-0.05651146757639
0.82597916311558
0.61609239533582
-0.40859144976559
-0.89290323118303
-0.19632891725690
0.75989513295181
0.71113951113812
-0.27811529493746
-0.89955590432916
-0.33131209741622
0.67509996266740
0.78867601203948
-0.14079101853621
-0.88405852565582
-0.45813727417534
0.57368159077381
0.84679269205880
-0.00000000000001
-0.84679269205880
-0.57368159077383
0.45813727417532
0.88405852565582
0.14079101853622
-0.78867601203948
-0.67509996266741
0.33131209741620
0.89955590432916
0.27811529493745
-0.71113951113813
-0.75989513295182
0.19632891725689
0.89290323118303
0.40859144976558
-0.61609239533583
-0.82597916311558
0.05651146757637
0.86426431710924
0.52900672706325
-0.50587504006693
-0.87172484501577
-0.08469748198666
0.81434434721940
0.63639610306790
-0.38320136240857
-0.89600576814277
-0.22382089844838
0.74437251684711
0.72811529493747
-0.25109199543532
-0.89822405558544
-0.35743310157130
0.65607176467927
0.80190587176954
-0.11279991020788
-0.87832508574487
-0.48224411548111
0.55161634828768
0.85595086466565
0.02826968317033
-0.83679883729942
-0.59518067879129
0.43357830669154
0.88891950653563
0.16864318312715
-0.77466782430355
-0.69346191849822
0.30486412822077
0.90000000000000
0.30486412822077
-0.69346191849821
-0.77466782430355
0.16864318312717
0.88891950653562
0.43357830669154
-0.59518067879128
-0.83679883729943
0.02826968317032
0.85595086466564
0.55161634828769
-0.48224411548110
-0.87832508574488
-0.11279991020789
0.80190587176951
0.65607176467927
-0.35743310157132
-0.89822405558544
-0.25109199543531
0.72811529493745
0.74437251684712
-0.22382089844837
-0.89600576814277
-0.38320136240858
0.63639610306788
0.81434434721943
-0.08469748198668
-0.87172484501577
-0.50587504006692
0.52900672706324
0.86426431710925
0.05651146757638
-0.82597916311557
-0.61609239533583
0.40859144976559
0.89290323118303
0.19632891725688
-0.75989513295182
-0.71113951113812
0.27811529493746
0.89955590432916
0.33131209741621
-0.67509996266739
-0.78867601203949
0.14079101853621
0.88405852565581
0.45813727417535
-0.57368159077384
-0.84679269205881
0.00000000000001
0.84679269205880
0.57368159077382
-0.45813727417534
-0.88405852565582
-0.14079101853621
0.78867601203946
0.67509996266743
-0.33131209741623
-0.89955590432916
-0.27811529493747
0.71113951113812
0.75989513295180
-0.19632891725687
-0.89290323118303
-0.40859144976562
0.61609239533581
0.82597916311560
-0.05651146757635
-0.86426431710926
-0.52900672706322
0.50587504006690
0.87172484501576
0.08469748198665
-0.81434434721941
-0.63639610306793
0.38320136240857
0.89600576814277
0.22382089844842
-0.74437251684711
-0.72811529493743
0.25109199543530
0.89822405558545
0.35743310157132
-0.65607176467927
-0.80190587176952
0.11279991020786
0.87832508574486
0.48224411548112
-0.55161634828767
-0.85595086466565
-0.02826968317035
0.83679883729944
0.59518067879128
-0.43357830669152
-0.88891950653563
-0.16864318312715
0.77466782430354
0.69346191849825
-0.30486412822077
-0.90000000000000
-0.30486412822077
0.69346191849822
0.77466782430356
-0.16864318312715
-0.88891950653563
-0.43357830669156
0.59518067879128
0.83679883729942
-0.02826968317030
-0.85595086466562
-0.55161634828771
0.48224411548113
0.87832508574487
0.11279991020791
-0.80190587176955
-0.65607176467927
0.35743310157127
0.89822405558545
0.25109199543530
-0.72811529493744
-0.74437251684714
0.22382089844838
0.89600576814277
0.38320136240857
-0.63639610306790
-0.81434434721943
0.08469748198666
0.87172484501577
0.50587504006694
-0.52900672706318
-0.86426431710925
-0.05651146757640
0.82597916311558
0.61609239533585
-0.40859144976562
-0.89290323118303
-0.19632891725692
0.75989513295180
0.71113951113812
-0.27811529493742
-0.89955590432916
-0.33131209741621
0.67509996266739
0.78867601203948
-0.14079101853621
-0.88405852565581
-0.45813727417534
0.57368159077383
0.84679269205881
0.00000000000001
-0.84679269205881
-0.57368159077384
0.45813727417528
0.88405852565582
0.14079101853618
-0.78867601203947
-0.67509996266744
0.33131209741624
0.89955590432916
0.27811529493749
-0.71113951113811
-0.75989513295181
0.19632891725685
0.89290323118303
0.40859144976559
-0.61609239533580
-0.82597916311559
0.05651146757638
0.86426431710924
0.52900672706324
-0.50587504006692
-0.87172484501578
-0.08469748198673
0.81434434721942
0.63639610306791
-0.38320136240851
-0.89600576814277
-0.22382089844839
0.74437251684710
0.72811529493751
-0.25109199543528
-0.89822405558544
-0.35743310157134
0.65607176467929
0.80190587176953
-0.11279991020789
-0.87832508574487
-0.48224411548110
0.55161634828765
0.85595086466564
0.02826968317037
-0.83679883729941
-0.59518067879130
0.43357830669155
0.88891950653562
0.16864318312722
-0.77466782430355
-0.69346191849823
0.30486412822075
0.90000000000000
0.30486412822079
-0.69346191849817
-0.77466782430357
0.16864318312718
0.88891950653562
0.43357830669154
-0.59518067879127
-0.83679883729943
0.02826968317028
0.85595086466565
0.55161634828772
-0.48224411548107
-0.87832508574488
-0.11279991020788
0.80190587176954
0.65607176467932
-0.35743310157130
-0.89822405558545
-0.25109199543532
0.72811529493745
0.74437251684709
-0.22382089844831
-0.89600576814277
-0.38320136240855
0.63639610306788
0.81434434721942
-0.08469748198664
-0.87172484501577
-0.50587504006695
0.52900672706325
0.86426431710927
0.05651146757642
-0.82597916311557
-0.61609239533582
0.40859144976560
0.89290323118304
0.19632891725684
-0.75989513295179
-0.71113951113813
0.27811529493745
0.89955590432916
0.33131209741627
-0.67509996266741
-0.78867601203949
0.14079101853619
0.88405852565583
0.45813727417536
-0.57368159077381
-0.84679269205882
0.00000000000002
0.84679269205878
0.57368159077386
-0.45813727417531
-0.88405852565582
-0.14079101853625
0.78867601203949
0.67509996266739
-0.33131209741617
-0.89955590432916
-0.27811529493746
0.71113951113813
0.75989513295185
-0.19632891725688
-0.89290323118303
-0.40859144976561
0.61609239533586
0.82597916311560
-0.05651146757641
-0.86426431710923
-0.52900672706325
0.50587504006690
0.87172484501577
0.08469748198675
-0.81434434721943
-0.63639610306793
0.38320136240854
0.89600576814277
0.22382089844836
-0.74437251684712
-0.72811529493749
0.25109199543526
0.89822405558544
0.35743310157131
-0.65607176467921
-0.80190587176952
0.11279991020782
0.87832508574486
0.48224411548103
-0.55161634828759
-0.85595086466563
-0.02826968317028
0.83679883729941
0.59518067879131
-0.43357830669162
-0.88891950653564
-0.16864318312714
0.77466782430357
0.69346191849824
-0.30486412822083
-0.90000000000000
-0.30486412822076
0.69346191849822
0.77466782430358
-0.16864318312711
-0.88891950653562
-0.43357830669164
0.59518067879129
0.83679883729942
-0.02826968317026
-0.85595086466566
-0.55161634828770
0.48224411548109
0.87832508574487
0.11279991020785
-0.80190587176951
-0.65607176467930
0.35743310157128
0.89822405558544
0.25109199543539
-0.72811529493747
-0.74437251684713
0.22382089844834
0.89600576814277
0.38320136240866
-0.63639610306791
-0.81434434721945
0.08469748198661
0.87172484501576
0.50587504006693
-0.52900672706315
-0.86426431710924
-0.05651146757644
0.82597916311557
0.61609239533576
-0.40859144976549
-0.89290323118303
-0.19632891725686
0.75989513295178
0.71113951113815
-0.27811529493743
-0.89955590432916
-0.33131209741620
0.67509996266743
0.78867601203950
-0.14079101853627
-0.88405852565580
-0.45813727417534
0.57368159077383
0.84679269205883
0.00000000000005
-0.84679269205879
-0.57368159077383
0.45813727417534
0.88405852565582
0.14079101853627
-0.78867601203945
-0.67509996266743
0.33131209741620
0.89955590432916
0.27811529493743
-0.71113951113808
-0.75989513295184
0.19632891725696
0.89290323118303
0.40859144976558
-0.61609239533584
-0.82597916311561
0.05651146757634
0.86426431710924
0.52900672706331
-0.50587504006693
-0.87172484501579
-0.08469748198672
0.81434434721945
0.63639610306798
-0.38320136240857
-0.89600576814277
-0.22382089844843
0.74437251684708
0.72811529493741
-0.25109199543520
-0.89822405558544
-0.35743310157128
0.65607176467923
0.80190587176950
-0.11279991020785
-0.87832508574487
-0.48224411548109
0.55161634828770
0.85595086466566
0.02826968317036
-0.83679883729938
-0.59518067879129
0.43357830669155
0.88891950653564
0.16864318312711
-0.77466782430353
-0.69346191849822
0.30486412822076
0.90000000000000
0.30486412822083
-0.69346191849818
-0.77466782430357
0.16864318312714
0.88891950653562
0.43357830669153
-0.59518067879124
-0.83679883729944
0.02826968317039
0.85595086466560
0.55161634828767
-0.48224411548112
-0.87832508574489
-0.11279991020792
0.80190587176952
0.65607176467928
-0.35743310157131
-0.89822405558545
-0.25109199543536
0.72811529493749
0.74437251684718
-0.22382089844837
-0.89600576814277
-0.38320136240863
0.63639610306786
0.81434434721943
-0.08469748198665
-0.87172484501577
-0.50587504006690
0.52900672706317
0.86426431710923
0.05651146757641
-0.82597916311558
-0.61609239533582
0.40859144976561
0.89290323118304
0.19632891725693
-0.75989513295180
-0.71113951113813
0.27811529493746
0.89955590432916
0.33131209741626
-0.67509996266739
-0.78867601203949
0.14079101853610
0.88405852565582
0.45813727417540
-0.57368159077378
-0.84679269205878
-0.00000000000002
0.84679269205880
0.57368159077381
-0.45813727417528
-0.88405852565583
-0.14079101853614
0.78867601203942
0.67509996266741
-0.33131209741623
-0.89955590432916
-0.27811529493740
0.71113951113804
0.75989513295182
-0.19632891725689
-0.89290323118302
-0.40859144976565
0.61609239533586
0.82597916311563
-0.05651146757637
-0.86426431710925
-0.52900672706329
0.50587504006696
0.87172484501578
0.08469748198668
-0.81434434721942
-0.63639610306788
0.38320136240850
0.89600576814278
0.22382089844840
-0.74437251684710
-0.72811529493745
0.25109199543532
0.89822405558544
0.35743310157135
-0.65607176467925
-0.80190587176954
0.11279991020788
0.87832508574486
0.48224411548115
-0.55161634828764
-0.85595086466565
-0.02826968317033
0.83679883729943
0.59518067879134
-0.43357830669149
-0.88891950653561
-0.16864318312728
0.77466782430355
0.69346191849820
-0.30486412822069
-0.90000000000000
-0.30486412822070
0.69346191849813
0.77466782430350
-0.16864318312717
-0.88891950653561
-0.43357830669159
0.59518067879126
0.83679883729943
-0.02826968317032
-0.85595086466558
-0.55161634828765
0.48224411548106
0.87832508574490
0.11279991020789
-0.80190587176953
-0.65607176467932
0.35743310157125
0.89822405558544
0.25109199543533
-0.72811529493745
-0.74437251684716
0.22382089844840
0.89600576814277
0.38320136240860
-0.63639610306788
-0.81434434721942
0.08469748198668
0.87172484501575
0.50587504006688
-0.52900672706320
-0.86426431710928
-0.05651146757648
0.82597916311555
0.61609239533587
-0.40859144976555
-0.89290323118303
-0.19632891725690
0.75989513295182
0.71113951113817
-0.27811529493749
-0.89955590432916
-0.33131209741633
0.67509996266734
0.78867601203947
-0.14079101853613
-0.88405852565581
-0.45813727417528
0.57368159077380
0.84679269205881
0.00000000000009
-0.84679269205881
-0.57368159077386
0.45813727417521
0.88405852565584
0.14079101853621
-0.78867601203944
-0.67509996266746
0.33131209741626
0.89955590432916
0.27811529493747
-0.71113951113806
-0.75989513295180
0.19632891725682
0.89290323118302
0.40859144976562
-0.61609239533581
-0.82597916311558
0.05651146757630
0.86426431710926
0.52900672706318
-0.50587504006681
-0.87172484501580
-0.08469748198655
0.81434434721939
0.63639610306793
-0.38320136240853
-0.89600576814277
-0.22382089844837
0.74437251684706
0.72811529493743
-0.25109199543535
-0.89822405558544
-0.35743310157141
0.65607176467927
0.80190587176957
-0.11279991020781
-0.87832508574488
-0.48224411548112
0.55161634828767
0.85595086466564
0.02826968317029
-0.83679883729944
-0.59518067879132
0.43357830669143
0.88891950653563
0.16864318312715
-0.77466782430351
-0.69346191849818
0.30486412822072
0.90000000000000
0.30486412822086
-0.69346191849822
-0.77466782430359
0.16864318312710
0.88891950653560
0.43357830669156
-0.59518067879128
-0.83679883729946
0.02826968317035
0.85595086466565
0.55161634828771
-0.48224411548100
-0.87832508574485
-0.11279991020796
0.80190587176950
0.65607176467930
-0.35743310157127
-0.89822405558545
-0.25109199543530
0.72811529493747
0.74437251684708
-0.22382089844823
-0.89600576814276
-0.38320136240848
0.63639610306783
0.81434434721945
-0.08469748198661
-0.87172484501576
-0.50587504006694
0.52900672706322
0.86426431710925
0.05651146757635
-0.82597916311556
-0.61609239533592
0.40859144976558
0.89290323118303
0.19632891725697
-0.75989513295178
-0.71113951113809
0.27811529493742
0.89955590432915
0.33131209741611
-0.67509996266743
-0.78867601203951
0.14079101853606
0.88405852565581
0.45813727417534
-0.57368159077375
-0.84679269205883
0.00000000000004
0.84679269205879
0.57368159077392
-0.45813727417542
-0.88405852565584
-0.14079101853628
0.78867601203945
0.67509996266744
-0.33131209741619
-0.89955590432916
-0.27811529493754
0.71113951113814
0.75989513295179
-0.19632891725675
-0.89290323118304
-0.40859144976559
0.61609239533576
0.82597916311561
-0.05651146757633
-0.86426431710924
-0.52900672706324
0.50587504006675
0.87172484501576
0.08469748198672
-0.81434434721936
-0.63639610306791
0.38320136240856
0.89600576814278
0.22382089844844
-0.74437251684713
-0.72811529493748
0.25109199543528
0.89822405558545
0.35743310157129
-0.65607176467922
-0.80190587176956
0.11279991020794
0.87832508574485
0.48224411548118
-0.55161634828761
-0.85595086466566
-0.02826968317037
0.83679883729941
0.59518067879130
-0.43357830669155
-0.88891950653562
-0.16864318312732
0.77466782430358
0.69346191849816
-0.30486412822066
-0.90000000000000
-0.30486412822064
0.69346191849817
0.77466782430357
-0.16864318312713
-0.88891950653562
-0.43357830669153
0.59518067879115
0.83679883729941
-0.02826968317017
-0.85595086466560
-0.55161634828776
0.48224411548102
0.87832508574489
0.11279991020793
-0.80190587176952
-0.65607176467928
0.35743310157130
0.89822405558546
0.25109199543527
-0.72811529493748
-0.74437251684718
0.22382089844826
0.89600576814278
0.38320136240864
-0.63639610306785
-0.81434434721935
0.08469748198664
0.87172484501571
0.50587504006691
-0.52900672706325
-0.86426431710929
-0.05651146757632
0.82597916311553
0.61609239533590
-0.40859144976569
-0.89290323118304
-0.19632891725694
0.75989513295190
0.71113951113813
-0.27811529493726
-0.89955590432916
-0.33131209741618
0.67509996266731
0.78867601203944
-0.14079101853629
-0.88405852565580
-0.45813727417523
0.57368159077393
0.84679269205882
0.00000000000023
-0.84679269205880
-0.57368159077382
0.45813727417518
0.88405852565581
0.14079101853635
-0.78867601203942
-0.67509996266735
0.33131209741612
0.89955590432916
0.27811529493751
-0.71113951113810
-0.75989513295193
0.19632891725688
0.89290323118303
0.40859144976575
-0.61609239533586
-0.82597916311556
0.05651146757626
0.86426431710922
0.52900672706313
-0.50587504006686
-0.87172484501578
-0.08469748198669
0.81434434721941
0.63639610306789
-0.38320136240859
-0.89600576814279
-0.22382089844831
0.74437251684703
0.72811529493752
-0.25109199543541
-0.89822405558544
-0.35743310157136
0.65607176467924
0.80190587176954
-0.11279991020787
-0.87832508574488
-0.48224411548124
0.55161634828772
0.85595086466562
0.02826968317044
-0.83679883729939
-0.59518067879120
0.43357830669148
0.88891950653563
0.16864318312718
-0.77466782430354
-0.69346191849834
0.30486412822059
0.90000000000000
0.30486412822090
-0.69346191849813
-0.77466782430350
0.16864318312706
0.88891950653561
0.43357830669160
-0.59518067879125
-0.83679883729944
0.02826968317031
0.85595086466558
0.55161634828782
-0.48224411548114
-0.87832508574490
-0.11279991020800
0.80190587176958
0.65607176467933
-0.35743310157105
-0.89822405558543
-0.25109199543534
0.72811529493732
0.74437251684699
-0.22382089844839
-0.89600576814276
-0.38320136240852
0.63639610306794
0.81434434721947
-0.08469748198677
-0.87172484501575
-0.50587504006697
0.52900672706319
0.86426431710926
0.05651146757639
-0.82597916311559
-0.61609239533580
0.40859144976545
0.89290323118302
0.19632891725681
-0.75989513295176
-0.71113951113830
0.27811529493758
0.89955590432916
0.33131209741644
-0.67509996266740
-0.78867601203948
0.14079101853602
0.88405852565583
0.45813727417529
-0.57368159077372
-0.84679269205884
-0.00000000000010
