0.87832508574487
0.38320136240857
-0.71113951113812
-0.69346191849821
0.40859144976559
0.87172484501577
-0.02826968317031
-0.88405852565582
-0.35743310157130
0.72811529493745
0.67509996266742
-0.43357830669154
-0.86426431710925
0.05651146757638
0.88891950653562
0.33131209741621
-0.74437251684711
-0.65607176467927
0.45813727417533
0.85595086466564
-0.08469748198666
-0.89290323118303
-0.30486412822077
0.75989513295181
0.63639610306789
-0.48224411548110
-0.84679269205881
0.11279991020787
0.89600576814277
0.27811529493745
-0.77466782430355
-0.61609239533582
0.50587504006692
0.83679883729942
-0.14079101853620
-0.89822405558544
-0.25109199543531
0.78867601203948
0.59518067879129
-0.52900672706322
-0.82597916311559
0.16864318312715
0.89955590432916
0.22382089844838
-0.80190587176953
-0.57368159077383
0.55161634828768
0.81434434721942
-0.19632891725689
-0.90000000000000
-0.19632891725689
0.81434434721942
0.55161634828768
-0.57368159077381
-0.80190587176953
0.22382089844837
0.89955590432916
0.16864318312716
-0.82597916311558
-0.52900672706323
0.59518067879129
0.78867601203948
-0.25109199543531
-0.89822405558544
-0.14079101853622
0.83679883729943
0.50587504006692
-0.61609239533583
-0.77466782430355
0.27811529493744
0.89600576814277
0.11279991020787
-0.84679269205880
-0.48224411548110
0.63639610306789
0.75989513295182
-0.30486412822076
-0.89290323118303
-0.08469748198666
0.85595086466564
0.45813727417534
-0.65607176467926
-0.74437251684710
0.33131209741621
0.88891950653563
0.05651146757639
-0.86426431710925
-0.43357830669156
0.67509996266742
0.72811529493745
-0.35743310157129
-0.88405852565582
-0.02826968317032
0.87172484501577
0.40859144976559
-0.69346191849821
-0.71113951113812
0.38320136240856
0.87832508574487
-0.00000000000002
-0.87832508574487
-0.38320136240858
0.71113951113811
0.69346191849820
-0.40859144976558
-0.87172484501577
0.02826968317029
0.88405852565582
0.35743310157130
-0.72811529493745
-0.67509996266740
0.43357830669154
0.86426431710925
-0.05651146757634
-0.88891950653563
-0.33131209741623
0.74437251684711
0.65607176467927
-0.45813727417531
-0.85595086466564
0.08469748198666
0.89290323118303
0.30486412822077
-0.75989513295181
-0.63639610306790
0.48224411548111
0.84679269205880
-0.11279991020786
-0.89600576814277
-0.27811529493747
0.77466782430355
0.61609239533582
-0.50587504006692
-0.83679883729943
0.14079101853620
0.89822405558545
0.25109199543532
-0.78867601203948
-0.59518067879130
0.52900672706321
0.82597916311559
-0.16864318312716
-0.89955590432916
-0.22382089844837
0.80190587176953
0.57368159077384
-0.55161634828769
-0.81434434721942
0.19632891725688
0.90000000000000
0.19632891725690
-0.81434434721941
-0.55161634828767
0.57368159077382
0.80190587176954
-0.22382089844837
-0.89955590432916
-0.16864318312716
0.82597916311558
0.52900672706323
-0.59518067879128
-0.78867601203948
0.25109199543529
0.89822405558545
0.14079101853623
-0.83679883729943
-0.50587504006691
0.61609239533582
0.77466782430355
-0.27811529493743
-0.89600576814277
-0.11279991020788
0.84679269205879
0.48224411548111
-0.63639610306786
-0.75989513295184
0.30486412822077
0.89290323118303
0.08469748198669
-0.85595086466564
-0.45813727417534
0.65607176467925
0.74437251684711
-0.33131209741618
-0.88891950653563
-0.05651146757639
0.86426431710925
0.43357830669154
-0.67509996266742
-0.72811529493745
0.35743310157128
0.88405852565582
0.02826968317034
-0.87172484501577
-0.40859144976562
0.69346191849821
0.71113951113814
-0.38320136240855
-0.87832508574487
0.00000000000004
0.87832508574486
0.38320136240858
-0.71113951113812
-0.69346191849823
0.40859144976559
0.87172484501578
-0.02826968317026
-0.88405852565582
-0.35743310157126
0.72811529493743
0.67509996266742
-0.43357830669155
-0.86426431710925
0.05651146757634
0.88891950653562
0.33131209741626
-0.74437251684709
-0.65607176467927
0.45813727417531
0.85595086466564
-0.08469748198668
-0.89290323118304
-0.30486412822080
0.75989513295181
0.63639610306789
-0.48224411548108
-0.84679269205880
0.11279991020780
0.89600576814277
0.27811529493743
-0.77466782430357
-0.61609239533584
0.50587504006691
0.83679883729942
-0.14079101853619
-0.89822405558545
-0.25109199543532
0.78867601203946
0.59518067879130
-0.52900672706323
-0.82597916311559
0.16864318312715
0.89955590432916
0.22382089844838
-0.80190587176954
-0.57368159077383
0.55161634828765
0.81434434721942
-0.19632891725690
-0.90000000000000
-0.19632891725688
0.81434434721943
0.55161634828768
-0.57368159077384
-0.80190587176953
0.22382089844834
0.89955590432916
0.16864318312714
-0.82597916311558
-0.52900672706326
0.59518067879127
0.78867601203947
-0.25109199543533
-0.89822405558544
-0.14079101853623
0.83679883729943
0.50587504006690
-0.61609239533581
-0.77466782430357
0.27811529493744
0.89600576814278
0.11279991020784
-0.84679269205881
-0.48224411548111
0.63639610306790
0.75989513295180
-0.30486412822071
-0.89290323118303
-0.08469748198667
0.85595086466563
0.45813727417534
-0.65607176467925
-0.74437251684711
0.33131209741622
0.88891950653562
0.05651146757643
-0.86426431710924
-0.43357830669154
0.67509996266740
0.72811529493745
-0.35743310157127
-0.88405852565583
-0.02826968317035
0.87172484501578
0.40859144976563
-0.69346191849820
-0.71113951113812
0.38320136240855
0.87832508574487
0.00000000000002
-0.87832508574486
-0.38320136240859
0.71113951113812
0.69346191849823
-0.40859144976558
-0.87172484501576
0.02826968317030
0.88405852565582
0.35743310157132
-0.72811529493743
-0.67509996266743
0.43357830669155
0.86426431710926
-0.05651146757633
-0.88891950653563
-0.33131209741622
0.74437251684712
0.65607176467928
-0.45813727417530
-0.85595086466564
0.08469748198667
0.89290323118303
0.30486412822081
-0.75989513295180
-0.63639610306793
0.48224411548107
0.84679269205880
-0.11279991020779
-0.89600576814277
-0.27811529493749
0.77466782430354
0.61609239533581
-0.50587504006690
-0.83679883729942
0.14079101853619
0.89822405558544
0.25109199543538
-0.78867601203948
-0.59518067879131
0.52900672706318
0.82597916311562
-0.16864318312714
-0.89955590432916
-0.22382089844838
0.80190587176953
0.57368159077388
-0.55161634828768
-0.81434434721943
0.19632891725684
0.90000000000000
0.19632891725689
-0.81434434721938
-0.55161634828769
0.57368159077383
0.80190587176956
-0.22382089844838
-0.89955590432916
-0.16864318312720
0.82597916311555
0.52900672706322
-0.59518067879123
-0.78867601203948
0.25109199543533
0.89822405558545
0.14079101853619
-0.83679883729942
-0.50587504006695
0.61609239533577
0.77466782430354
-0.27811529493739
-0.89600576814277
-0.11279991020790
0.84679269205880
0.48224411548108
-0.63639610306789
-0.75989513295180
0.30486412822071
0.89290323118303
0.08469748198668
-0.85595086466564
-0.45813727417535
0.65607176467924
0.74437251684715
-0.33131209741621
-0.88891950653563
-0.05651146757644
0.86426431710925
0.43357830669155
-0.67509996266739
-0.72811529493749
0.35743310157131
0.88405852565582
0.02826968317036
-0.87172484501575
-0.40859144976559
0.69346191849820
0.71113951113815
-0.38320136240859
-0.87832508574490
0.00000000000007
0.87832508574486
0.38320136240864
-0.71113951113811
-0.69346191849824
0.40859144976553
0.87172484501577
-0.02826968317029
-0.88405852565581
-0.35743310157128
0.72811529493745
0.67509996266743
-0.43357830669149
-0.86426431710924
0.05651146757627
0.88891950653562
0.33131209741618
-0.74437251684705
-0.65607176467921
0.45813727417529
0.85595086466566
-0.08469748198666
-0.89290323118303
-0.30486412822081
0.75989513295182
0.63639610306797
-0.48224411548107
-0.84679269205879
0.11279991020778
0.89600576814277
0.27811529493749
-0.77466782430356
-0.61609239533589
0.50587504006690
0.83679883729945
-0.14079101853613
-0.89822405558544
-0.25109199543534
0.78867601203945
0.59518067879128
-0.52900672706321
-0.82597916311556
0.16864318312718
0.89955590432916
0.22382089844829
-0.80190587176951
-0.57368159077388
0.55161634828759
0.81434434721943
-0.19632891725693
-0.90000000000000
-0.19632891725690
0.81434434721940
0.55161634828765
-0.57368159077383
-0.80190587176954
0.22382089844822
0.89955590432916
0.16864318312725
-0.82597916311561
-0.52900672706319
0.59518067879122
0.78867601203943
-0.25109199543527
-0.89822405558545
-0.14079101853620
0.83679883729942
0.50587504006696
-0.61609239533584
-0.77466782430355
0.27811529493743
0.89600576814277
0.11279991020785
-0.84679269205880
-0.48224411548113
0.63639610306792
0.75989513295186
-0.30486412822084
-0.89290323118304
-0.08469748198673
0.85595086466564
0.45813727417536
-0.65607176467923
-0.74437251684709
0.33131209741620
0.88891950653563
0.05651146757634
-0.86426431710922
-0.43357830669156
0.67509996266739
0.72811529493743
-0.35743310157131
-0.88405852565582
-0.02826968317026
0.87172484501575
0.40859144976560
-0.69346191849819
-0.71113951113816
0.38320136240858
0.87832508574488
0.00000000000004
-0.87832508574488
-0.38320136240856
0.71113951113811
0.69346191849818
-0.40859144976552
-0.87172484501577
0.02826968317029
0.88405852565583
0.35743310157138
-0.72811529493745
-0.67509996266744
0.43357830669149
0.86426431710925
-0.05651146757636
-0.88891950653562
-0.33131209741618
0.74437251684711
0.65607176467929
-0.45813727417538
-0.85595086466566
0.08469748198666
0.89290323118303
0.30486412822082
-0.75989513295182
-0.63639610306790
0.48224411548115
0.84679269205883
-0.11279991020788
-0.89600576814277
-0.27811529493750
0.77466782430356
0.61609239533582
-0.50587504006681
-0.83679883729941
0.14079101853622
0.89822405558544
0.25109199543525
-0.78867601203944
-0.59518067879128
0.52900672706321
0.82597916311560
-0.16864318312708
-0.89955590432916
-0.22382089844830
0.80190587176950
0.57368159077381
-0.55161634828767
-0.81434434721943
0.19632891725692
0.90000000000000
0.19632891725701
-0.81434434721944
-0.55161634828774
0.57368159077374
0.80190587176950
-0.22382089844831
-0.89955590432916
-0.16864318312716
0.82597916311557
0.52900672706328
-0.59518067879129
-0.78867601203949
0.25109199543526
0.89822405558545
0.14079101853621
-0.83679883729942
-0.50587504006688
0.61609239533583
0.77466782430361
-0.27811529493752
-0.89600576814278
-0.11279991020796
0.84679269205880
0.48224411548113
-0.63639610306784
-0.75989513295181
0.30486412822074
0.89290323118304
0.08469748198664
-0.85595086466564
-0.45813727417536
0.65607176467923
0.74437251684710
-0.33131209741610
-0.88891950653561
-0.05651146757645
0.86426431710922
0.43357830669147
-0.67509996266738
-0.72811529493750
0.35743310157130
0.88405852565583
0.02826968317037
-0.87172484501577
-0.40859144976560
0.69346191849819
0.71113951113816
-0.38320136240857
-0.87832508574488
-0.00000000000005
0.87832508574488
0.38320136240866
-0.71113951113817
-0.69346191849825
0.40859144976552
0.87172484501577
-0.02826968317028
-0.88405852565581
-0.35743310157129
0.72811529493744
0.67509996266744
-0.43357830669157
-0.86426431710928
0.05651146757636
0.88891950653562
0.33131209741619
-0.74437251684704
-0.65607176467929
0.45813727417537
0.85595086466567
-0.08469748198665
-0.89290323118302
-0.30486412822083
0.75989513295182
0.63639610306791
-0.48224411548105
-0.84679269205880
0.11279991020777
0.89600576814277
0.27811529493741
-0.77466782430350
-0.61609239533583
0.50587504006688
0.83679883729941
-0.14079101853611
-0.89822405558544
-0.25109199543535
0.78867601203944
0.59518067879129
-0.52900672706320
-0.82597916311561
0.16864318312717
0.89955590432916
0.22382089844841
-0.80190587176955
-0.57368159077389
0.55161634828766
0.81434434721944
-0.19632891725682
-0.90000000000000
-0.19632891725692
0.81434434721939
0.55161634828766
-0.57368159077381
-0.80190587176955
0.22382089844821
0.89955590432916
0.16864318312717
-0.82597916311552
-0.52900672706328
0.59518067879129
0.78867601203949
-0.25109199543525
-0.89822405558544
-0.14079101853621
0.83679883729941
0.50587504006697
-0.61609239533583
-0.77466782430356
0.27811529493741
0.89600576814279
0.11279991020787
-0.84679269205879
-0.48224411548123
0.63639610306791
0.75989513295182
-0.30486412822064
-0.89290323118304
-0.08469748198665
0.85595086466560
0.45813727417537
-0.65607176467915
-0.74437251684710
0.33131209741619
0.88891950653563
0.05651146757636
-0.86426431710925
-0.43357830669157
0.67509996266731
0.72811529493744
-0.35743310157129
-0.88405852565585
-0.02826968317038
0.87172484501577
0.40859144976570
-0.69346191849818
-0.71113951113810
0.38320136240847
0.87832508574488
0.00000000000016
-0.87832508574488
-0.38320136240857
0.71113951113810
0.69346191849832
-0.40859144976560
-0.87172484501577
0.02826968317017
0.88405852565583
0.35743310157130
-0.72811529493738
-0.67509996266745
0.43357830669156
0.86426431710928
-0.05651146757635
-0.88891950653563
-0.33131209741629
0.74437251684710
0.65607176467937
-0.45813727417545
-0.85595086466564
0.08469748198654
0.89290323118301
0.30486412822074
-0.75989513295181
-0.63639610306799
0.48224411548113
0.84679269205880
-0.11279991020776
-0.89600576814277
-0.27811529493742
0.77466782430350
0.61609239533584
-0.50587504006679
-0.83679883729945
0.14079101853621
0.89822405558544
0.25109199543517
-0.78867601203949
-0.59518067879137
0.52900672706311
0.82597916311557
-0.16864318312716
-0.89955590432915
-0.22382089844841
0.80190587176954
0.57368159077382
-0.55161634828766
-0.81434434721940
0.19632891725691
0.90000000000000
0.19632891725702
-0.81434434721943
-0.55161634828767
0.57368159077373
0.80190587176955
-0.22382089844840
-0.89955590432916
-0.16864318312718
0.82597916311560
0.52900672706321
-0.59518067879128
-0.78867601203949
0.25109199543544
0.89822405558545
0.14079101853632
-0.83679883729937
-0.50587504006689
0.61609239533582
0.77466782430356
-0.27811529493740
-0.89600576814278
-0.11279991020798
0.84679269205876
0.48224411548106
-0.63639610306790
-0.75989513295182
0.30486412822053
0.89290323118304
0.08469748198655
-0.85595086466560
-0.45813727417529
0.65607176467929
0.74437251684722
-0.33131209741618
-0.88891950653560
-0.05651146757647
0.86426431710922
0.43357830669167
-0.67509996266730
-0.72811529493745
0.35743310157129
0.88405852565583
0.02826968317039
-0.87172484501574
-0.40859144976571
0.69346191849824
0.71113951113811
-0.38320136240837
-0.87832508574493
0.00000000000014
0.87832508574485
0.38320136240867
-0.71113951113816
-0.69346191849832
0.40859144976559
0.87172484501577
-0.02826968317026
-0.88405852565580
-0.35743310157140
0.72811529493737
0.67509996266739
-0.43357830669156
-0.86426431710931
0.05651146757634
0.88891950653561
0.33131209741630
-0.74437251684704
-0.65607176467924
0.45813727417518
0.85595086466564
-0.08469748198663
-0.89290323118302
-0.30486412822084
0.75989513295175
0.63639610306799
-0.48224411548113
-0.84679269205880
0.11279991020765
0.89600576814277
0.27811529493753
-0.77466782430350
-0.61609239533577
0.50587504006696
0.83679883729950
-0.14079101853600
-0.89822405558545
-0.25109199543537
0.78867601203943
0.59518067879138
-0.52900672706311
-0.82597916311557
0.16864318312715
0.89955590432916
0.22382089844842
-0.80190587176949
-0.57368159077391
0.55161634828773
0.81434434721940
-0.19632891725670
-0.90000000000000
-0.19632891725693
0.81434434721939
0.55161634828776
-0.57368159077388
-0.80190587176960
0.22382089844819
0.89955590432916
0.16864318312718
-0.82597916311556
-0.52900672706330
0.59518067879120
0.78867601203945
-0.25109199543534
-0.89822405558546
-0.14079101853623
0.83679883729941
0.50587504006698
-0.61609239533574
-0.77466782430351
0.27811529493730
0.89600576814279
0.11279991020789
-0.84679269205886
-0.48224411548115
0.63639610306783
0.75989513295188
-0.30486412822081
-0.89290323118303
-0.08469748198687
0.85595086466563
0.45813727417538
-0.65607176467935
-0.74437251684717
0.33131209741627
0.88891950653565
0.05651146757658
-0.86426431710924
-0.43357830669140
0.67509996266736
0.72811529493751
-0.35743310157137
-0.88405852565585
-0.02826968317030
0.87172484501572
0.40859144976562
-0.69346191849817
-0.71113951113805
0.38320136240864
0.87832508574486
-0.00000000000003
-0.87832508574483
-0.38320136240859
0.71113951113821
0.69346191849826
-0.40859144976550
-0.87172484501575
0.02826968317015
0.88405852565582
0.35743310157113
-0.72811529493743
-0.67509996266746
0.43357830669128
0.86426431710923
-0.05651146757643
-0.88891950653563
-0.33131209741640
0.74437251684709
0.65607176467917
-0.45813727417526
-0.85595086466561
0.08469748198673
0.89290323118301
0.30486412822076
-0.75989513295191
-0.63639610306793
0.48224411548103
0.84679269205884
-0.11279991020774
-0.89600576814278
-0.27811529493744
0.77466782430354
0.61609239533585
-0.50587504006686
-0.83679883729946
0.14079101853629
0.89822405558545
0.25109199543548
-0.78867601203948
-0.59518067879115
0.52900672706318
0.82597916311562
-0.16864318312725
-0.89955590432915
-0.22382089844833
0.80190587176954
0.57368159077383
-0.55161634828764
-0.81434434721945
0.19632891725679
0.90000000000000
0.19632891725684
-0.81434434721934
-0.55161634828768
0.57368159077395
0.80190587176956
-0.22382089844828
-0.89955590432916
-0.16864318312729
0.82597916311560
0.52900672706322
-0.59518067879127
-0.78867601203950
0.25109199543523
0.89822405558545
0.14079101853614
-0.83679883729944
-0.50587504006707
0.61609239533581
0.77466782430357
-0.27811529493739
-0.89600576814276
-0.11279991020779
0.84679269205875
0.48224411548125
-0.63639610306804
-0.75989513295183
0.30486412822071
0.89290323118304
0.08469748198677
-0.85595086466566
-0.45813727417530
0.65607176467928
0.74437251684712
-0.33131209741617
-0.88891950653564
-0.05651146757628
0.86426431710927
0.43357830669168
-0.67509996266729
-0.72811529493746
0.35743310157127
0.88405852565583
0.02826968317020
-0.87172484501574
-0.40859144976554
0.69346191849823
0.71113951113812
-0.38320136240854
-0.87832508574488
-0.00000000000008
