0.14079101853621
0.27811529493745
0.40859144976559
0.52900672706323
0.63639610306789
0.72811529493745
0.80190587176953
0.85595086466564
0.88891950653562
0.90000000000000
0.88891950653562
0.85595086466564
0.80190587176953
0.72811529493745
0.63639610306789
0.52900672706323
0.40859144976559
0.27811529493745
0.14079101853621
0.00000000000000
-0.14079101853621
-0.27811529493745
-0.40859144976559
-0.52900672706323
-0.63639610306789
-0.72811529493745
-0.80190587176953
-0.85595086466564
-0.88891950653562
-0.90000000000000
-0.88891950653562
-0.85595086466564
-0.80190587176953
-0.72811529493745
-0.63639610306789
-0.52900672706323
-0.40859144976559
-0.27811529493745
-0.14079101853621
-0.00000000000000
0.14079101853621
0.27811529493745
0.40859144976559
0.52900672706323
0.63639610306789
0.72811529493745
0.80190587176953
0.85595086466564
0.88891950653562
0.90000000000000
0.88891950653562
0.85595086466564
0.80190587176953
0.72811529493745
0.63639610306789
0.52900672706323
0.40859144976559
0.27811529493745
0.14079101853621
0.00000000000000
-0.14079101853621
-0.27811529493745
-0.40859144976559
-0.52900672706323
-0.63639610306789
-0.72811529493745
-0.80190587176953
-0.85595086466564
-0.88891950653562
-0.90000000000000
-0.88891950653562
-0.85595086466564
-0.80190587176953
-0.72811529493745
-0.63639610306789
-0.52900672706323
-0.40859144976559
-0.27811529493745
-0.14079101853621
-0.00000000000000
0.14079101853621
0.27811529493745
0.40859144976559
0.52900672706323
0.63639610306789
0.72811529493745
0.80190587176953
0.85595086466564
0.88891950653562
0.90000000000000
0.88891950653562
0.85595086466564
0.80190587176953
0.72811529493745
0.63639610306789
0.52900672706323
0.40859144976559
0.27811529493745
0.14079101853621
0.00000000000000
-0.14079101853621
-0.27811529493745
-0.40859144976559
-0.52900672706323
-0.63639610306789
-0.72811529493745
-0.80190587176953
-0.85595086466564
-0.88891950653562
-0.90000000000000
-0.88891950653562
-0.85595086466564
-0.80190587176953
-0.72811529493745
-0.63639610306789
-0.52900672706323
-0.40859144976559
-0.27811529493745
-0.14079101853621
-0.00000000000000
0.14079101853621
0.27811529493745
0.40859144976559
0.52900672706323
0.63639610306789
0.72811529493745
0.80190587176953
0.85595086466564
0.88891950653562
0.90000000000000
0.88891950653562
0.85595086466564
0.80190587176953
0.72811529493745
0.63639610306789
0.52900672706322
0.40859144976559
0.27811529493745
0.14079101853621
0.00000000000000
-0.14079101853620
-0.27811529493745
-0.40859144976559
-0.52900672706323
-0.63639610306789
-0.72811529493745
-0.80190587176953
-0.85595086466564
-0.88891950653562
-0.90000000000000
-0.88891950653562
-0.85595086466564
-0.80190587176953
-0.72811529493745
-0.63639610306789
-0.52900672706323
-0.40859144976559
-0.27811529493745
-0.14079101853621
-0.00000000000000
0.14079101853621
0.27811529493745
0.40859144976559
0.52900672706323
0.63639610306789
0.72811529493745
0.80190587176953
0.85595086466564
0.88891950653562
0.90000000000000
0.88891950653562
0.85595086466564
0.80190587176953
0.72811529493745
0.63639610306789
0.52900672706323
0.40859144976559
0.27811529493745
0.14079101853621
0.00000000000000
-0.14079101853621
-0.27811529493745
-0.40859144976559
-0.52900672706323
-0.63639610306789
-0.72811529493745
-0.80190587176953
-0.85595086466564
-0.88891950653562
-0.90000000000000
-0.88891950653562
-0.85595086466564
-0.80190587176953
-0.72811529493745
-0.63639610306789
-0.52900672706323
-0.40859144976560
-0.27811529493745
-0.14079101853621
-0.00000000000000
0.14079101853620
0.27811529493745
0.40859144976559
0.52900672706322
0.63639610306789
0.72811529493745
0.80190587176953
0.85595086466564
0.88891950653562
0.90000000000000
0.88891950653562
0.85595086466564
0.80190587176953
0.72811529493745
0.63639610306789
0.52900672706323
0.40859144976559
0.27811529493745
0.14079101853621
-0.00000000000000
-0.14079101853621
-0.27811529493745
-0.40859144976559
-0.52900672706322
-0.63639610306789
-0.72811529493745
-0.80190587176953
-0.85595086466564
-0.88891950653562
-0.90000000000000
-0.88891950653562
-0.85595086466564
-0.80190587176953
-0.72811529493745
-0.63639610306789
-0.52900672706323
-0.40859144976560
-0.27811529493746
-0.14079101853621
-0.00000000000000
0.14079101853621
0.27811529493745
0.40859144976559
0.52900672706323
0.63639610306789
0.72811529493745
0.80190587176953
0.85595086466564
0.88891950653562
0.90000000000000
0.88891950653562
0.85595086466564
0.80190587176953
0.72811529493745
0.63639610306789
0.52900672706323
0.40859144976559
0.27811529493745
0.14079101853621
0.00000000000000
-0.14079101853620
-0.27811529493745
-0.40859144976560
-0.52900672706322
-0.63639610306789
-0.72811529493745
-0.80190587176953
-0.85595086466564
-0.88891950653562
-0.90000000000000
-0.88891950653562
-0.85595086466564
-0.80190587176953
-0.72811529493745
-0.63639610306789
-0.52900672706323
-0.40859144976559
-0.27811529493746
-0.14079101853621
-0.00000000000000
0.14079101853620
0.27811529493745
0.40859144976559
0.52900672706322
0.63639610306789
0.72811529493745
0.80190587176953
0.85595086466564
0.88891950653562
0.90000000000000
0.88891950653562
0.85595086466564
0.80190587176953
0.72811529493745
0.63639610306789
0.52900672706323
0.40859144976559
0.27811529493746
0.14079101853621
-0.00000000000000
-0.14079101853620
-0.27811529493745
-0.40859144976559
-0.52900672706322
-0.63639610306789
-0.72811529493745
-0.80190587176953
-0.85595086466564
-0.88891950653562
-0.90000000000000
-0.88891950653562
-0.85595086466564
-0.80190587176953
-0.72811529493745
-0.63639610306789
-0.52900672706322
-0.40859144976559
-0.27811529493746
-0.14079101853621
-0.00000000000000
0.14079101853621
0.27811529493745
0.40859144976559
0.52900672706322
0.63639610306789
0.72811529493745
0.80190587176953
0.85595086466564
0.88891950653562
0.90000000000000
0.88891950653562
0.85595086466564
0.80190587176953
0.72811529493745
0.63639610306789
0.52900672706322
0.40859144976559
0.27811529493745
0.14079101853621
0.00000000000001
-0.14079101853620
-0.27811529493745
-0.40859144976559
-0.52900672706322
-0.63639610306790
-0.72811529493745
-0.80190587176953
-0.85595086466564
-0.88891950653562
-0.90000000000000
-0.88891950653562
-0.85595086466564
-0.80190587176953
-0.72811529493745
-0.63639610306790
-0.52900672706322
-0.40859144976560
-0.27811529493746
-0.14079101853621
-0.00000000000000
0.14079101853620
0.27811529493745
0.40859144976559
0.52900672706322
0.63639610306789
0.72811529493745
0.80190587176953
0.85595086466564
0.88891950653562
0.90000000000000
0.88891950653562
0.85595086466564
0.80190587176953
0.72811529493745
0.63639610306789
0.52900672706322
0.40859144976560
0.27811529493745
0.14079101853621
-0.00000000000000
-0.14079101853620
-0.27811529493746
-0.40859144976558
-0.52900672706322
-0.63639610306790
-0.72811529493745
-0.80190587176953
-0.85595086466564
-0.88891950653562
-0.90000000000000
-0.88891950653562
-0.85595086466564
-0.80190587176953
-0.72811529493746
-0.63639610306789
-0.52900672706322
-0.40859144976560
-0.27811529493745
-0.14079101853621
-0.00000000000000
0.14079101853621
0.27811529493745
0.40859144976559
0.52900672706323
0.63639610306788
0.72811529493745
0.80190587176953
0.85595086466564
0.88891950653562
0.90000000000000
0.88891950653562
0.85595086466564
0.80190587176953
0.72811529493745
0.63639610306790
0.52900672706323
0.40859144976559
0.27811529493745
0.14079101853621
-0.00000000000000
-0.14079101853620
-0.27811529493746
-0.40859144976559
-0.52900672706323
-0.63639610306789
-0.72811529493745
-0.80190587176953
-0.85595086466564
-0.88891950653562
-0.90000000000000
-0.88891950653562
-0.85595086466564
-0.80190587176953
-0.72811529493745
-0.63639610306790
-0.52900672706323
-0.40859144976558
-0.27811529493745
-0.14079101853621
0.00000000000000
0.14079101853621
0.27811529493746
0.40859144976558
0.52900672706322
0.63639610306788
0.72811529493745
0.80190587176953
0.85595086466564
0.88891950653562
0.90000000000000
0.88891950653562
0.85595086466564
0.80190587176953
0.72811529493745
0.63639610306790
0.52900672706323
0.40859144976559
0.27811529493746
0.14079101853621
0.00000000000001
-0.14079101853620
-0.27811529493745
-0.40859144976558
-0.52900672706322
-0.63639610306790
-0.72811529493745
-0.80190587176953
-0.85595086466564
-0.88891950653562
-0.90000000000000
-0.88891950653562
-0.85595086466564
-0.80190587176953
-0.72811529493746
-0.63639610306789
-0.52900672706323
-0.40859144976560
-0.27811529493746
-0.14079101853620
-0.00000000000000
0.14079101853621
0.27811529493746
0.40859144976559
0.52900672706323
0.63639610306789
0.72811529493745
0.80190587176953
0.85595086466564
0.88891950653562
0.90000000000000
0.88891950653562
0.85595086466564
0.80190587176953
0.72811529493746
0.63639610306789
0.52900672706323
0.40859144976559
0.27811529493745
0.14079101853620
0.00000000000001
-0.14079101853620
-0.27811529493745
-0.40859144976559
-0.52900672706323
-0.63639610306788
-0.72811529493745
-0.80190587176953
-0.85595086466564
-0.88891950653562
-0.90000000000000
-0.88891950653563
-0.85595086466564
-0.80190587176953
-0.72811529493745
-0.63639610306789
-0.52900672706323
-0.40859144976560
-0.27811529493746
-0.14079101853621
-0.00000000000001
0.14079101853621
0.27811529493745
0.40859144976558
0.52900672706322
0.63639610306789
0.72811529493746
0.80190587176953
0.85595086466564
0.88891950653562
0.90000000000000
0.88891950653563
0.85595086466564
0.80190587176953
0.72811529493746
0.63639610306790
0.52900672706323
0.40859144976559
0.27811529493745
0.14079101853621
0.00000000000001
-0.14079101853621
-0.27811529493745
-0.40859144976559
-0.52900672706323
-0.63639610306789
-0.72811529493745
-0.80190587176953
-0.85595086466564
-0.88891950653562
-0.90000000000000
-0.88891950653563
-0.85595086466564
-0.80190587176953
-0.72811529493745
-0.63639610306788
-0.52900672706323
-0.40859144976559
-0.27811529493746
-0.14079101853621
-0.00000000000000
0.14079101853621
0.27811529493744
0.40859144976559
0.52900672706322
0.63639610306789
0.72811529493745
0.80190587176954
0.85595086466564
0.88891950653562
0.90000000000000
0.88891950653562
0.85595086466564
0.80190587176954
0.72811529493746
0.63639610306790
0.52900672706323
0.40859144976559
0.27811529493745
0.14079101853621
0.00000000000001
-0.14079101853620
-0.27811529493745
-0.40859144976560
-0.52900672706322
-0.63639610306789
-0.72811529493745
-0.80190587176953
-0.85595086466564
-0.88891950653562
-0.90000000000000
-0.88891950653563
-0.85595086466564
-0.80190587176954
-0.72811529493745
-0.63639610306790
-0.52900672706324
-0.40859144976560
-0.27811529493745
-0.14079101853620
0.00000000000000
0.14079101853621
0.27811529493744
0.40859144976559
0.52900672706322
0.63639610306789
0.72811529493745
0.80190587176953
0.85595086466563
0.88891950653562
0.90000000000000
0.88891950653563
0.85595086466564
0.80190587176953
0.72811529493745
0.63639610306790
0.52900672706322
0.40859144976559
0.27811529493746
0.14079101853621
0.00000000000001
-0.14079101853621
-0.27811529493745
-0.40859144976559
-0.52900672706321
-0.63639610306789
-0.72811529493745
-0.80190587176953
-0.85595086466564
-0.88891950653563
-0.90000000000000
-0.88891950653562
-0.85595086466564
-0.80190587176953
-0.72811529493745
-0.63639610306790
-0.52900672706323
-0.40859144976560
-0.27811529493746
-0.14079101853622
-0.00000000000000
0.14079101853620
0.27811529493745
0.40859144976560
0.52900672706323
0.63639610306790
0.72811529493745
0.80190587176953
0.85595086466564
0.88891950653562
0.90000000000000
0.88891950653562
0.85595086466564
0.80190587176953
0.72811529493746
0.63639610306789
0.52900672706323
0.40859144976559
0.27811529493745
0.14079101853622
0.00000000000001
-0.14079101853621
-0.27811529493745
-0.40859144976558
-0.52900672706323
-0.63639610306789
-0.72811529493745
-0.80190587176952
-0.85595086466564
-0.88891950653562
-0.90000000000000
-0.88891950653563
-0.85595086466564
-0.80190587176953
-0.72811529493745
-0.63639610306789
-0.52900672706323
-0.40859144976560
-0.27811529493746
-0.14079101853620
-0.00000000000001
0.14079101853619
0.27811529493743
0.40859144976559
0.52900672706322
0.63639610306789
0.72811529493745
0.80190587176953
0.85595086466564
0.88891950653562
0.90000000000000
0.88891950653562
0.85595086466564
0.80190587176954
0.72811529493745
0.63639610306790
0.52900672706323
0.40859144976559
0.27811529493746
0.14079101853622
0.00000000000001
-0.14079101853621
-0.27811529493746
-0.40859144976558
-0.52900672706321
-0.63639610306790
-0.72811529493745
-0.80190587176953
-0.85595086466564
-0.88891950653562
-0.90000000000000
-0.88891950653563
-0.85595086466564
-0.80190587176953
-0.72811529493746
-0.63639610306789
-0.52900672706323
-0.40859144976559
-0.27811529493746
-0.14079101853619
-0.00000000000000
0.14079101853620
0.27811529493744
0.40859144976560
0.52900672706323
0.63639610306788
0.72811529493745
0.80190587176953
0.85595086466563
0.88891950653562
0.90000000000000
0.88891950653562
0.85595086466564
0.80190587176954
0.72811529493745
0.63639610306789
0.52900672706323
0.40859144976559
0.27811529493746
0.14079101853622
0.00000000000001
-0.14079101853621
-0.27811529493744
-0.40859144976559
-0.52900672706322
-0.63639610306789
-0.72811529493745
-0.80190587176953
-0.85595086466564
-0.88891950653562
-0.90000000000000
-0.88891950653563
-0.85595086466564
-0.80190587176953
-0.72811529493746
-0.63639610306791
-0.52900672706323
-0.40859144976560
-0.27811529493745
-0.14079101853621
0.00000000000000
0.14079101853620
0.27811529493744
0.40859144976560
0.52900672706323
0.63639610306788
0.72811529493744
0.80190587176953
0.85595086466564
0.88891950653562
0.90000000000000
0.88891950653563
0.85595086466564
0.80190587176953
0.72811529493745
0.63639610306789
0.52900672706323
0.40859144976561
0.27811529493745
0.14079101853621
0.00000000000001
-0.14079101853622
-0.27811529493745
-0.40859144976558
-0.52900672706321
-0.63639610306789
-0.72811529493745
-0.80190587176952
-0.85595086466563
-0.88891950653562
-0.90000000000000
-0.88891950653562
-0.85595086466563
-0.80190587176953
-0.72811529493746
-0.63639610306790
-0.52900672706322
-0.40859144976559
-0.27811529493746
-0.14079101853623
-0.00000000000000
0.14079101853620
0.27811529493745
0.40859144976560
0.52900672706321
0.63639610306789
0.72811529493745
0.80190587176953
0.85595086466564
0.88891950653562
0.90000000000000
0.88891950653562
0.85595086466564
0.80190587176954
0.72811529493745
0.63639610306790
0.52900672706324
0.40859144976559
0.27811529493746
0.14079101853622
0.00000000000001
-0.14079101853619
-0.27811529493745
-0.40859144976559
-0.52900672706322
-0.63639610306790
-0.72811529493745
-0.80190587176953
-0.85595086466564
-0.88891950653563
-0.90000000000000
-0.88891950653562
-0.85595086466564
-0.80190587176954
-0.72811529493745
-0.63639610306791
-0.52900672706323
-0.40859144976560
-0.27811529493746
-0.14079101853623
0.00000000000000
0.14079101853620
0.27811529493744
0.40859144976560
0.52900672706323
0.63639610306789
0.72811529493745
0.80190587176953
0.85595086466564
0.88891950653562
0.90000000000000
0.88891950653563
0.85595086466564
0.80190587176954
0.72811529493745
0.63639610306790
0.52900672706323
0.40859144976558
0.27811529493745
0.14079101853621
0.00000000000001
-0.14079101853619
-0.27811529493746
-0.40859144976559
-0.52900672706320
-0.63639610306790
-0.72811529493744
-0.80190587176953
-0.85595086466564
-0.88891950653562
-0.90000000000000
-0.88891950653563
-0.85595086466564
-0.80190587176953
-0.72811529493744
-0.63639610306790
-0.52900672706322
-0.40859144976559
-0.27811529493746
-0.14079101853622
0.00000000000001
0.14079101853618
0.27811529493745
0.40859144976558
0.52900672706323
0.63639610306790
0.72811529493744
0.80190587176953
0.85595086466563
0.88891950653563
0.90000000000000
0.88891950653562
0.85595086466564
0.80190587176954
0.72811529493746
0.63639610306789
0.52900672706323
0.40859144976560
0.27811529493747
0.14079101853620
0.00000000000000
-0.14079101853620
-0.27811529493746
-0.40859144976558
-0.52900672706323
-0.63639610306787
-0.72811529493746
-0.80190587176952
-0.85595086466564
-0.88891950653562
-0.90000000000000
-0.88891950653563
-0.85595086466564
-0.80190587176953
-0.72811529493745
-0.63639610306790
-0.52900672706324
-0.40859144976559
-0.27811529493745
-0.14079101853621
-0.00000000000001
0.14079101853622
0.27811529493743
0.40859144976559
0.52900672706322
0.63639610306790
0.72811529493744
0.80190587176952
0.85595086466564
0.88891950653562
0.90000000000000
0.88891950653562
0.85595086466564
0.80190587176953
0.72811529493746
0.63639610306789
0.52900672706322
0.40859144976562
0.27811529493746
0.14079101853622
-0.00000000000000
-0.14079101853621
-0.27811529493747
-0.40859144976558
-0.52900672706321
-0.63639610306789
-0.72811529493745
-0.80190587176954
-0.85595086466563
-0.88891950653562
-0.90000000000000
-0.88891950653562
-0.85595086466564
-0.80190587176953
-0.72811529493747
-0.63639610306789
-0.52900672706323
-0.40859144976558
-0.27811529493745
-0.14079101853621
-0.00000000000001
0.14079101853620
0.27811529493746
0.40859144976557
0.52900672706324
0.63639610306789
0.72811529493744
0.80190587176952
0.85595086466564
0.88891950653562
0.90000000000000
0.88891950653563
0.85595086466564
0.80190587176953
0.72811529493746
0.63639610306788
0.52900672706322
0.40859144976559
0.27811529493748
0.14079101853619
0.00000000000001
-0.14079101853621
-0.27811529493745
-0.40859144976559
-0.52900672706322
-0.63639610306788
-0.72811529493745
-0.80190587176953
-0.85595086466564
-0.88891950653562
-0.90000000000000
-0.88891950653562
-0.85595086466564
-0.80190587176952
-0.72811529493745
-0.63639610306791
-0.52900672706323
-0.40859144976560
-0.27811529493744
-0.14079101853623
-0.00000000000002
