0.48338509082590
0.46709352980836
0.05186366077241
-0.18460866426111
0.11390232665115
0.65089844285564
0.83308509443939
0.48437538743676
0.05712584111604
0.08594235253127
0.54262421189626
0.87000469516073
0.65389045591822
0.12293558972818
-0.12626170173387
0.15259291430743
0.55986548045186
0.53339565348847
0.02804676827477
-0.42797543233282
-0.36798584866375
0.05254303373556
0.24548222728178
-0.09884731482351
-0.63639610306789
-0.78245706611844
-0.41508777746992
-0.02080325872311
-0.10690977193410
-0.58905764746873
-0.89246263733920
-0.64476458567859
-0.12514476174093
0.07180477503916
-0.24780254226584
-0.64445093000752
-0.57648198330635
-0.05473605590515
0.36876703360433
0.26450336353161
-0.15867312781956
-0.30739396812279
0.07874972716514
0.61123432278072
0.71915098741871
0.33580191368054
-0.02244341014464
0.11992923466491
0.62317630405346
0.90000000000000
0.62317630405347
0.11992923466491
-0.02244341014464
0.33580191368053
0.71915098741871
0.61123432278072
0.07874972716514
-0.30739396812279
-0.15867312781956
0.26450336353161
0.36876703360433
-0.05473605590514
-0.57648198330635
-0.64445093000752
-0.24780254226585
0.07180477503916
-0.12514476174092
-0.64476458567859
-0.89246263733920
-0.58905764746873
-0.10690977193410
-0.02080325872311
-0.41508777746992
-0.78245706611844
-0.63639610306789
-0.09884731482351
0.24548222728178
0.05254303373556
-0.36798584866375
-0.42797543233282
0.02804676827477
0.53339565348846
0.55986548045185
0.15259291430743
-0.12626170173387
0.12293558972818
0.65389045591822
0.87000469516073
0.54262421189625
0.08594235253127
0.05712584111604
0.48437538743675
0.83308509443939
0.65089844285564
0.11390232665116
-0.18460866426111
0.05186366077241
0.46709352980836
0.48338509082590
0.00000000000000
-0.48338509082589
-0.46709352980836
-0.05186366077242
0.18460866426111
-0.11390232665115
-0.65089844285564
-0.83308509443939
-0.48437538743676
-0.05712584111604
-0.08594235253128
-0.54262421189626
-0.87000469516073
-0.65389045591822
-0.12293558972818
0.12626170173387
-0.15259291430742
-0.55986548045186
-0.53339565348846
-0.02804676827477
0.42797543233282
0.36798584866375
-0.05254303373555
-0.24548222728178
0.09884731482349
0.63639610306790
0.78245706611844
0.41508777746993
0.02080325872311
0.10690977193409
0.58905764746872
0.89246263733920
0.64476458567860
0.12514476174094
-0.07180477503916
0.24780254226583
0.64445093000752
0.57648198330635
0.05473605590515
-0.36876703360433
-0.26450336353162
0.15867312781955
0.30739396812279
-0.07874972716514
-0.61123432278071
-0.71915098741872
-0.33580191368054
0.02244341014464
-0.11992923466491
-0.62317630405346
-0.90000000000000
-0.62317630405347
-0.11992923466492
0.02244341014464
-0.33580191368054
-0.71915098741871
-0.61123432278072
-0.07874972716516
0.30739396812279
0.15867312781956
-0.26450336353161
-0.36876703360433
0.05473605590515
0.57648198330634
0.64445093000753
0.24780254226586
-0.07180477503916
0.12514476174093
0.64476458567860
0.89246263733920
0.58905764746872
0.10690977193410
0.02080325872311
0.41508777746991
0.78245706611843
0.63639610306790
0.09884731482352
-0.24548222728178
-0.05254303373555
0.36798584866376
0.42797543233282
-0.02804676827477
-0.53339565348846
-0.55986548045186
-0.15259291430743
0.12626170173387
-0.12293558972816
-0.65389045591823
-0.87000469516073
-0.54262421189626
-0.08594235253128
-0.05712584111604
-0.48437538743676
-0.83308509443939
-0.65089844285564
-0.11390232665115
0.18460866426111
-0.05186366077241
-0.46709352980836
-0.48338509082589
-0.00000000000000
0.48338509082589
0.46709352980837
0.05186366077242
-0.18460866426111
0.11390232665114
0.65089844285563
0.83308509443939
0.48437538743675
0.05712584111604
0.08594235253127
0.54262421189626
0.87000469516073
0.65389045591823
0.12293558972819
-0.12626170173387
0.15259291430742
0.55986548045185
0.53339565348847
0.02804676827477
-0.42797543233282
-0.36798584866376
0.05254303373557
0.24548222728178
-0.09884731482351
-0.63639610306789
-0.78245706611843
-0.41508777746994
-0.02080325872311
-0.10690977193409
-0.58905764746872
-0.89246263733920
-0.64476458567861
-0.12514476174093
0.07180477503916
-0.24780254226583
-0.64445093000753
-0.57648198330636
-0.05473605590515
0.36876703360433
0.26450336353162
-0.15867312781957
-0.30739396812279
0.07874972716514
0.61123432278071
0.71915098741872
0.33580191368055
-0.02244341014464
0.11992923466489
0.62317630405346
0.90000000000000
0.62317630405346
0.11992923466491
-0.02244341014464
0.33580191368053
0.71915098741872
0.61123432278073
0.07874972716514
-0.30739396812278
-0.15867312781957
0.26450336353160
0.36876703360434
-0.05473605590515
-0.57648198330636
-0.64445093000753
-0.24780254226583
0.07180477503915
-0.12514476174092
-0.64476458567858
-0.89246263733920
-0.58905764746874
-0.10690977193410
-0.02080325872311
-0.41508777746994
-0.78245706611843
-0.63639610306789
-0.09884731482351
0.24548222728178
0.05254303373556
-0.36798584866376
-0.42797543233283
0.02804676827477
0.53339565348845
0.55986548045185
0.15259291430742
-0.12626170173387
0.12293558972818
0.65389045591824
0.87000469516073
0.54262421189625
0.08594235253129
0.05712584111604
0.48437538743675
0.83308509443939
0.65089844285563
0.11390232665115
-0.18460866426111
0.05186366077243
0.46709352980835
0.48338509082589
0.00000000000000
-0.48338509082589
-0.46709352980837
-0.05186366077243
0.18460866426111
-0.11390232665115
-0.65089844285563
-0.83308509443939
-0.48437538743675
-0.05712584111605
-0.08594235253127
-0.54262421189625
-0.87000469516073
-0.65389045591822
-0.12293558972820
0.12626170173387
-0.15259291430744
-0.55986548045185
-0.53339565348846
-0.02804676827480
0.42797543233282
0.36798584866376
-0.05254303373554
-0.24548222728179
0.09884731482350
0.63639610306789
0.78245706611844
0.41508777746994
0.02080325872312
0.10690977193410
0.58905764746869
0.89246263733920
0.64476458567856
0.12514476174095
-0.07180477503915
0.24780254226581
0.64445093000752
0.57648198330636
0.05473605590515
-0.36876703360433
-0.26450336353160
0.15867312781955
0.30739396812279
-0.07874972716514
-0.61123432278071
-0.71915098741871
-0.33580191368055
0.02244341014464
-0.11992923466489
-0.62317630405345
-0.90000000000000
-0.62317630405348
-0.11992923466493
0.02244341014464
-0.33580191368052
-0.71915098741871
-0.61123432278071
-0.07874972716517
0.30739396812279
0.15867312781959
-0.26450336353162
-0.36876703360434
0.05473605590515
0.57648198330636
0.64445093000752
0.24780254226584
-0.07180477503916
0.12514476174092
0.64476458567858
0.89246263733920
0.58905764746874
0.10690977193411
0.02080325872310
0.41508777746991
0.78245706611844
0.63639610306791
0.09884731482351
-0.24548222728178
-0.05254303373557
0.36798584866373
0.42797543233283
-0.02804676827474
-0.53339565348846
-0.55986548045188
-0.15259291430742
0.12626170173387
-0.12293558972817
-0.65389045591824
-0.87000469516073
-0.54262421189625
-0.08594235253127
-0.05712584111604
-0.48437538743675
-0.83308509443939
-0.65089844285565
-0.11390232665115
0.18460866426111
-0.05186366077241
-0.46709352980837
-0.48338509082591
-0.00000000000000
0.48338509082588
0.46709352980837
0.05186366077243
-0.18460866426111
0.11390232665112
0.65089844285563
0.83308509443939
0.48437538743677
0.05712584111604
0.08594235253126
0.54262421189627
0.87000469516073
0.65389045591822
0.12293558972818
-0.12626170173386
0.15259291430744
0.55986548045184
0.53339565348846
0.02804676827478
-0.42797543233282
-0.36798584866375
0.05254303373556
0.24548222728179
-0.09884731482351
-0.63639610306787
-0.78245706611844
-0.41508777746992
-0.02080325872312
-0.10690977193412
-0.58905764746869
-0.89246263733920
-0.64476458567861
-0.12514476174093
0.07180477503917
-0.24780254226586
-0.64445093000750
-0.57648198330634
-0.05473605590515
0.36876703360433
0.26450336353160
-0.15867312781957
-0.30739396812279
0.07874972716513
0.61123432278073
0.71915098741871
0.33580191368053
-0.02244341014463
0.11992923466491
0.62317630405348
0.90000000000000
0.62317630405346
0.11992923466489
-0.02244341014464
0.33580191368050
0.71915098741873
0.61123432278072
0.07874972716517
-0.30739396812278
-0.15867312781955
0.26450336353160
0.36876703360435
-0.05473605590517
-0.57648198330634
-0.64445093000754
-0.24780254226586
0.07180477503916
-0.12514476174090
-0.64476458567858
-0.89246263733920
-0.58905764746875
-0.10690977193407
-0.02080325872312
-0.41508777746991
-0.78245706611843
-0.63639610306787
-0.09884731482351
0.24548222728178
0.05254303373557
-0.36798584866375
-0.42797543233283
0.02804676827477
0.53339565348848
0.55986548045186
0.15259291430742
-0.12626170173386
0.12293558972818
0.65389045591819
0.87000469516073
0.54262421189630
0.08594235253129
0.05712584111606
0.48437538743672
0.83308509443939
0.65089844285563
0.11390232665113
-0.18460866426111
0.05186366077243
0.46709352980835
0.48338509082589
-0.00000000000002
-0.48338509082589
-0.46709352980835
-0.05186366077243
0.18460866426111
-0.11390232665112
-0.65089844285563
-0.83308509443938
-0.48437538743677
-0.05712584111606
-0.08594235253129
-0.54262421189625
-0.87000469516072
-0.65389045591820
-0.12293558972818
0.12626170173387
-0.15259291430737
-0.55986548045186
-0.53339565348848
-0.02804676827478
0.42797543233280
0.36798584866376
-0.05254303373552
-0.24548222728179
0.09884731482350
0.63639610306787
0.78245706611843
0.41508777746992
0.02080325872312
0.10690977193410
0.58905764746874
0.89246263733920
0.64476458567863
0.12514476174095
-0.07180477503916
0.24780254226581
0.64445093000751
0.57648198330635
0.05473605590517
-0.36876703360433
-0.26450336353164
0.15867312781955
0.30739396812279
-0.07874972716512
-0.61123432278072
-0.71915098741870
-0.33580191368050
0.02244341014464
-0.11992923466489
-0.62317630405345
-0.90000000000000
-0.62317630405348
-0.11992923466491
0.02244341014465
-0.33580191368052
-0.71915098741871
-0.61123432278073
-0.07874972716514
0.30739396812279
0.15867312781958
-0.26450336353158
-0.36876703360432
0.05473605590514
0.57648198330633
0.64445093000755
0.24780254226583
-0.07180477503916
0.12514476174088
0.64476458567860
0.89246263733920
0.58905764746872
0.10690977193412
0.02080325872311
0.41508777746989
0.78245706611845
0.63639610306789
0.09884731482353
-0.24548222728178
-0.05254303373554
0.36798584866374
0.42797543233284
-0.02804676827479
-0.53339565348846
-0.55986548045188
-0.15259291430744
0.12626170173387
-0.12293558972815
-0.65389045591822
-0.87000469516073
-0.54262421189628
-0.08594235253127
-0.05712584111602
-0.48437538743675
-0.83308509443938
-0.65089844285561
-0.11390232665120
0.18460866426111
-0.05186366077241
-0.46709352980837
-0.48338509082590
-0.00000000000000
0.48338509082590
0.46709352980837
0.05186366077241
-0.18460866426111
0.11390232665115
0.65089844285561
0.83308509443939
0.48437538743680
0.05712584111605
0.08594235253127
0.54262421189622
0.87000469516073
0.65389045591822
0.12293558972820
-0.12626170173387
0.15259291430744
0.55986548045185
0.53339565348849
0.02804676827475
-0.42797543233281
-0.36798584866374
0.05254303373554
0.24548222728178
-0.09884731482347
-0.63639610306788
-0.78245706611843
-0.41508777746994
-0.02080325872313
-0.10690977193412
-0.58905764746872
-0.89246263733919
-0.64476458567856
-0.12514476174093
0.07180477503917
-0.24780254226584
-0.64445093000753
-0.57648198330637
-0.05473605590521
0.36876703360432
0.26450336353162
-0.15867312781957
-0.30739396812279
0.07874972716514
0.61123432278070
0.71915098741870
0.33580191368058
-0.02244341014463
0.11992923466490
0.62317630405348
0.90000000000000
0.62317630405351
0.11992923466493
-0.02244341014464
0.33580191368050
0.71915098741870
0.61123432278075
0.07874972716517
-0.30739396812279
-0.15867312781959
0.26450336353156
0.36876703360433
-0.05473605590512
-0.57648198330631
-0.64445093000749
-0.24780254226581
0.07180477503915
-0.12514476174086
-0.64476458567863
-0.89246263733920
-0.58905764746879
-0.10690977193414
-0.02080325872312
-0.41508777746991
-0.78245706611842
-0.63639610306787
-0.09884731482351
0.24548222728178
0.05254303373556
-0.36798584866375
-0.42797543233282
0.02804676827476
0.53339565348844
0.55986548045186
0.15259291430742
-0.12626170173386
0.12293558972817
0.65389045591824
0.87000469516073
0.54262421189630
0.08594235253126
0.05712584111603
0.48437538743672
0.83308509443939
0.65089844285563
0.11390232665118
-0.18460866426111
0.05186366077243
0.46709352980835
0.48338509082592
0.00000000000003
-0.48338509082589
-0.46709352980839
-0.05186366077243
0.18460866426111
-0.11390232665112
-0.65089844285563
-0.83308509443940
-0.48437538743678
-0.05712584111604
-0.08594235253126
-0.54262421189620
-0.87000469516073
-0.65389045591824
-0.12293558972822
0.12626170173386
-0.15259291430747
-0.55986548045183
-0.53339565348850
-0.02804676827472
0.42797543233282
0.36798584866375
-0.05254303373552
-0.24548222728178
0.09884731482350
0.63639610306790
0.78245706611843
0.41508777746992
0.02080325872312
0.10690977193410
0.58905764746874
0.89246263733920
0.64476458567859
0.12514476174095
-0.07180477503916
0.24780254226586
0.64445093000751
0.57648198330635
0.05473605590513
-0.36876703360433
-0.26450336353164
0.15867312781954
0.30739396812279
-0.07874972716511
-0.61123432278068
-0.71915098741871
-0.33580191368056
0.02244341014462
-0.11992923466492
-0.62317630405345
-0.90000000000000
-0.62317630405348
-0.11992923466491
0.02244341014465
-0.33580191368053
-0.71915098741870
-0.61123432278073
-0.07874972716520
0.30739396812278
0.15867312781953
-0.26450336353158
-0.36876703360434
0.05473605590509
0.57648198330636
0.64445093000753
0.24780254226588
-0.07180477503914
0.12514476174096
0.64476458567860
0.89246263733920
0.58905764746867
0.10690977193409
0.02080325872311
0.41508777746984
0.78245706611845
0.63639610306789
0.09884731482354
-0.24548222728177
-0.05254303373555
0.36798584866373
0.42797543233282
-0.02804676827480
-0.53339565348846
-0.55986548045184
-0.15259291430744
0.12626170173386
-0.12293558972815
-0.65389045591821
-0.87000469516073
-0.54262421189628
-0.08594235253127
-0.05712584111602
-0.48437538743674
-0.83308509443939
-0.65089844285566
-0.11390232665120
0.18460866426111
-0.05186366077240
-0.46709352980833
-0.48338509082592
-0.00000000000001
0.48338509082588
0.46709352980840
0.05186366077241
-0.18460866426111
0.11390232665110
0.65089844285561
0.83308509443940
0.48437538743680
0.05712584111605
0.08594235253124
0.54262421189622
0.87000469516073
0.65389045591827
0.12293558972816
-0.12626170173385
0.15259291430740
0.55986548045181
0.53339565348847
0.02804676827475
-0.42797543233279
-0.36798584866381
0.05254303373558
0.24548222728179
-0.09884731482348
-0.63639610306793
-0.78245706611844
-0.41508777746994
-0.02080325872311
-0.10690977193412
-0.58905764746872
-0.89246263733919
-0.64476458567857
-0.12514476174093
0.07180477503917
-0.24780254226584
-0.64445093000752
-0.57648198330637
-0.05473605590516
0.36876703360432
0.26450336353163
-0.15867312781957
-0.30739396812280
0.07874972716514
0.61123432278073
0.71915098741872
0.33580191368058
-0.02244341014463
0.11992923466491
0.62317630405343
0.90000000000000
0.62317630405346
0.11992923466493
-0.02244341014465
0.33580191368055
0.71915098741871
0.61123432278075
0.07874972716517
-0.30739396812280
-0.15867312781960
0.26450336353156
0.36876703360435
-0.05473605590517
-0.57648198330632
-0.64445093000753
-0.24780254226582
0.07180477503916
-0.12514476174090
-0.64476458567854
-0.89246263733920
-0.58905764746870
-0.10690977193411
-0.02080325872307
-0.41508777746996
-0.78245706611844
-0.63639610306791
-0.09884731482351
0.24548222728178
0.05254303373557
-0.36798584866372
-0.42797543233281
0.02804676827481
0.53339565348847
0.55986548045186
0.15259291430748
-0.12626170173387
0.12293558972817
0.65389045591819
0.87000469516072
0.54262421189625
0.08594235253129
0.05712584111606
0.48437538743677
0.83308509443939
0.65089844285568
0.11390232665113
-0.18460866426111
0.05186366077238
0.46709352980839
0.48338509082589
0.00000000000003
-0.48338509082587
-0.46709352980836
-0.05186366077243
0.18460866426111
-0.11390232665116
-0.65089844285563
-0.83308509443940
-0.48437538743683
-0.05712584111604
-0.08594235253131
-0.54262421189630
-0.87000469516073
-0.65389045591824
-0.12293558972822
0.12626170173388
-0.15259291430732
-0.55986548045189
-0.53339565348845
-0.02804676827478
0.42797543233280
0.36798584866380
-0.05254303373548
-0.24548222728179
0.09884731482355
0.63639610306791
0.78245706611844
0.41508777746996
0.02080325872314
0.10690977193403
0.58905764746869
0.89246263733920
0.64476458567859
0.12514476174095
-0.07180477503917
0.24780254226585
0.64445093000751
0.57648198330639
0.05473605590523
-0.36876703360432
-0.26450336353165
0.15867312781950
0.30739396812277
-0.07874972716521
-0.61123432278074
-0.71915098741875
-0.33580191368056
0.02244341014461
-0.11992923466485
-0.62317630405345
-0.90000000000000
-0.62317630405344
-0.11992923466491
0.02244341014465
-0.33580191368048
-0.71915098741872
-0.61123432278074
-0.07874972716509
0.30739396812279
0.15867312781958
-0.26450336353158
-0.36876703360435
0.05473605590515
0.57648198330632
0.64445093000751
0.24780254226584
-0.07180477503916
0.12514476174088
0.64476458567860
0.89246263733920
0.58905764746877
0.10690977193409
0.02080325872311
0.41508777746989
0.78245706611842
0.63639610306789
0.09884731482353
-0.24548222728178
-0.05254303373562
0.36798584866372
0.42797543233284
-0.02804676827480
-0.53339565348851
-0.55986548045188
-0.15259291430749
0.12626170173386
-0.12293558972815
-0.65389045591826
-0.87000469516073
-0.54262421189628
-0.08594235253124
-0.05712584111605
-0.48437538743664
-0.83308509443937
-0.65089844285561
-0.11390232665116
0.18460866426111
-0.05186366077245
-0.46709352980836
-0.48338509082591
0.00000000000003
