0.49379185529751
0.42589844285564
-0.02477291220487
-0.17752589929630
0.24780254226584
0.75839565348847
0.73850291721847
0.26231938362471
-0.00531819889677
0.31094235253127
0.80002950883687
0.80792299880873
0.30278847725632
-0.08239396812279
0.11390232665115
0.57254956119952
0.61728530644059
0.11080191368054
-0.36173664928652
-0.26450336353161
0.18254201076536
0.29680477503916
-0.16194698388946
-0.67167553714132
-0.63639610306789
-0.17245696626444
0.04704994818662
-0.31606498310863
-0.81664601169137
-0.81405764746873
-0.31891375555016
0.02113659545990
-0.22223638509911
-0.69209352980836
-0.71915098741871
-0.20810340842768
0.23486681798964
0.10206441027182
-0.34620368341194
-0.42797543233282
0.05626066768294
0.55745706611844
0.50188606427844
0.04771421018584
-0.12626170173387
0.27973605590515
0.78828684803654
0.77470639158192
0.29202768915743
0.00000000000000
0.29202768915743
0.77470639158193
0.78828684803654
0.27973605590515
-0.12626170173387
0.04771421018584
0.50188606427843
0.55745706611844
0.05626066768295
-0.42797543233282
-0.34620368341195
0.10206441027182
0.23486681798964
-0.20810340842767
-0.71915098741871
-0.69209352980836
-0.22223638509912
0.02113659545990
-0.31891375555016
-0.81405764746872
-0.81664601169137
-0.31606498310864
0.04704994818662
-0.17245696626444
-0.63639610306789
-0.67167553714132
-0.16194698388946
0.29680477503916
0.18254201076536
-0.26450336353161
-0.36173664928652
0.11080191368053
0.61728530644059
0.57254956119952
0.11390232665115
-0.08239396812279
0.30278847725632
0.80792299880872
0.80002950883687
0.31094235253127
-0.00531819889677
0.26231938362471
0.73850291721847
0.75839565348846
0.24780254226584
-0.17752589929630
-0.02477291220487
0.42589844285563
0.49379185529750
-0.00000000000000
-0.49379185529751
-0.42589844285564
0.02477291220486
0.17752589929630
-0.24780254226584
-0.75839565348847
-0.73850291721847
-0.26231938362472
0.00531819889677
-0.31094235253128
-0.80002950883688
-0.80792299880873
-0.30278847725632
0.08239396812279
-0.11390232665116
-0.57254956119953
-0.61728530644059
-0.11080191368054
0.36173664928652
0.26450336353162
-0.18254201076536
-0.29680477503916
0.16194698388947
0.67167553714132
0.63639610306790
0.17245696626444
-0.04704994818662
0.31606498310863
0.81664601169137
0.81405764746873
0.31891375555015
-0.02113659545990
0.22223638509911
0.69209352980836
0.71915098741872
0.20810340842767
-0.23486681798964
-0.10206441027183
0.34620368341195
0.42797543233282
-0.05626066768294
-0.55745706611843
-0.50188606427844
-0.04771421018584
0.12626170173387
-0.27973605590515
-0.78828684803654
-0.77470639158193
-0.29202768915743
0.00000000000000
-0.29202768915742
-0.77470639158193
-0.78828684803654
-0.27973605590514
0.12626170173386
-0.04771421018584
-0.50188606427844
-0.55745706611844
-0.05626066768295
0.42797543233282
0.34620368341195
-0.10206441027182
-0.23486681798965
0.20810340842767
0.71915098741870
0.69209352980836
0.22223638509911
-0.02113659545990
0.31891375555016
0.81405764746872
0.81664601169137
0.31606498310863
-0.04704994818662
0.17245696626444
0.63639610306789
0.67167553714133
0.16194698388946
-0.29680477503916
-0.18254201076536
0.26450336353162
0.36173664928652
-0.11080191368053
-0.61728530644058
-0.57254956119953
-0.11390232665115
0.08239396812279
-0.30278847725633
-0.80792299880873
-0.80002950883687
-0.31094235253127
0.00531819889677
-0.26231938362471
-0.73850291721846
-0.75839565348847
-0.24780254226584
0.17752589929629
0.02477291220488
-0.42589844285565
-0.49379185529751
0.00000000000000
0.49379185529750
0.42589844285564
-0.02477291220488
-0.17752589929630
0.24780254226584
0.75839565348846
0.73850291721848
0.26231938362470
-0.00531819889677
0.31094235253127
0.80002950883687
0.80792299880872
0.30278847725633
-0.08239396812279
0.11390232665114
0.57254956119952
0.61728530644060
0.11080191368055
-0.36173664928653
-0.26450336353161
0.18254201076534
0.29680477503915
-0.16194698388947
-0.67167553714132
-0.63639610306791
-0.17245696626444
0.04704994818662
-0.31606498310861
-0.81664601169137
-0.81405764746872
-0.31891375555016
0.02113659545990
-0.22223638509911
-0.69209352980836
-0.71915098741871
-0.20810340842769
0.23486681798963
0.10206441027183
-0.34620368341194
-0.42797543233283
0.05626066768293
0.55745706611845
0.50188606427844
0.04771421018585
-0.12626170173387
0.27973605590515
0.78828684803653
0.77470639158194
0.29202768915743
0.00000000000000
0.29202768915743
0.77470639158193
0.78828684803655
0.27973605590515
-0.12626170173387
0.04771421018583
0.50188606427844
0.55745706611844
0.05626066768296
-0.42797543233281
-0.34620368341196
0.10206441027184
0.23486681798964
-0.20810340842766
-0.71915098741872
-0.69209352980836
-0.22223638509913
0.02113659545990
-0.31891375555016
-0.81405764746872
-0.81664601169138
-0.31606498310863
0.04704994818662
-0.17245696626444
-0.63639610306790
-0.67167553714133
-0.16194698388947
0.29680477503916
0.18254201076536
-0.26450336353159
-0.36173664928652
0.11080191368052
0.61728530644059
0.57254956119953
0.11390232665114
-0.08239396812279
0.30278847725630
0.80792299880872
0.80002950883687
0.31094235253129
-0.00531819889677
0.26231938362472
0.73850291721846
0.75839565348847
0.24780254226584
-0.17752589929629
-0.02477291220488
0.42589844285564
0.49379185529751
0.00000000000000
-0.49379185529750
-0.42589844285564
0.02477291220485
0.17752589929630
-0.24780254226586
-0.75839565348846
-0.73850291721849
-0.26231938362470
0.00531819889677
-0.31094235253126
-0.80002950883687
-0.80792299880873
-0.30278847725634
0.08239396812279
-0.11390232665115
-0.57254956119951
-0.61728530644059
-0.11080191368054
0.36173664928651
0.26450336353162
-0.18254201076536
-0.29680477503916
0.16194698388943
0.67167553714132
0.63639610306790
0.17245696626447
-0.04704994818662
0.31606498310862
0.81664601169136
0.81405764746875
0.31891375555017
-0.02113659545990
0.22223638509910
0.69209352980837
0.71915098741871
0.20810340842767
-0.23486681798964
-0.10206441027182
0.34620368341193
0.42797543233282
-0.05626066768292
-0.55745706611843
-0.50188606427844
-0.04771421018584
0.12626170173386
-0.27973605590512
-0.78828684803654
-0.77470639158193
-0.29202768915744
0.00000000000000
-0.29202768915742
-0.77470639158191
-0.78828684803655
-0.27973605590514
0.12626170173386
-0.04771421018584
-0.50188606427843
-0.55745706611844
-0.05626066768297
0.42797543233282
0.34620368341196
-0.10206441027181
-0.23486681798964
0.20810340842767
0.71915098741872
0.69209352980838
0.22223638509912
-0.02113659545990
0.31891375555015
0.81405764746873
0.81664601169136
0.31606498310867
-0.04704994818662
0.17245696626445
0.63639610306789
0.67167553714132
0.16194698388948
-0.29680477503916
-0.18254201076537
0.26450336353162
0.36173664928653
-0.11080191368052
-0.61728530644058
-0.57254956119952
-0.11390232665115
0.08239396812280
-0.30278847725634
-0.80792299880872
-0.80002950883688
-0.31094235253127
0.00531819889677
-0.26231938362468
-0.73850291721847
-0.75839565348848
-0.24780254226585
0.17752589929630
0.02477291220488
-0.42589844285563
-0.49379185529751
0.00000000000001
0.49379185529749
0.42589844285565
-0.02477291220486
-0.17752589929630
0.24780254226582
0.75839565348847
0.73850291721846
0.26231938362473
-0.00531819889677
0.31094235253127
0.80002950883688
0.80792299880875
0.30278847725632
-0.08239396812279
0.11390232665114
0.57254956119954
0.61728530644059
0.11080191368052
-0.36173664928651
-0.26450336353163
0.18254201076535
0.29680477503916
-0.16194698388942
-0.67167553714133
-0.63639610306791
-0.17245696626446
0.04704994818662
-0.31606498310864
-0.81664601169137
-0.81405764746874
-0.31891375555018
0.02113659545990
-0.22223638509911
-0.69209352980833
-0.71915098741871
-0.20810340842770
0.23486681798964
0.10206441027179
-0.34620368341190
-0.42797543233282
0.05626066768296
0.55745706611843
0.50188606427845
0.04771421018580
-0.12626170173388
0.27973605590516
0.78828684803655
0.77470639158194
0.29202768915740
0.00000000000000
0.29202768915743
0.77470639158193
0.78828684803655
0.27973605590517
-0.12626170173386
0.04771421018580
0.50188606427844
0.55745706611844
0.05626066768298
-0.42797543233283
-0.34620368341195
0.10206441027182
0.23486681798964
-0.20810340842769
-0.71915098741870
-0.69209352980837
-0.22223638509912
0.02113659545990
-0.31891375555012
-0.81405764746874
-0.81664601169138
-0.31606498310865
0.04704994818662
-0.17245696626440
-0.63639610306790
-0.67167553714134
-0.16194698388949
0.29680477503915
0.18254201076536
-0.26450336353157
-0.36173664928652
0.11080191368051
0.61728530644058
0.57254956119950
0.11390232665120
-0.08239396812279
0.30278847725633
0.80792299880871
0.80002950883688
0.31094235253128
-0.00531819889677
0.26231938362472
0.73850291721848
0.75839565348848
0.24780254226581
-0.17752589929628
-0.02477291220487
0.42589844285564
0.49379185529751
0.00000000000003
-0.49379185529750
-0.42589844285564
0.02477291220487
0.17752589929629
-0.24780254226581
-0.75839565348845
-0.73850291721848
-0.26231938362472
0.00531819889677
-0.31094235253129
-0.80002950883685
-0.80792299880874
-0.30278847725628
0.08239396812279
-0.11390232665115
-0.57254956119953
-0.61728530644060
-0.11080191368056
0.36173664928652
0.26450336353165
-0.18254201076536
-0.29680477503917
0.16194698388943
0.67167553714133
0.63639610306794
0.17245696626445
-0.04704994818662
0.31606498310860
0.81664601169135
0.81405764746871
0.31891375555021
-0.02113659545990
0.22223638509913
0.69209352980834
0.71915098741870
0.20810340842769
-0.23486681798964
-0.10206441027182
0.34620368341195
0.42797543233283
-0.05626066768293
-0.55745706611841
-0.50188606427844
-0.04771421018584
0.12626170173387
-0.27973605590517
-0.78828684803653
-0.77470639158193
-0.29202768915743
0.00000000000000
-0.29202768915740
-0.77470639158191
-0.78828684803655
-0.27973605590516
0.12626170173387
-0.04771421018585
-0.50188606427841
-0.55745706611845
-0.05626066768291
0.42797543233280
0.34620368341194
-0.10206441027184
-0.23486681798965
0.20810340842765
0.71915098741870
0.69209352980836
0.22223638509911
-0.02113659545991
0.31891375555013
0.81405764746874
0.81664601169140
0.31606498310864
-0.04704994818662
0.17245696626441
0.63639610306788
0.67167553714133
0.16194698388947
-0.29680477503916
-0.18254201076534
0.26450336353159
0.36173664928652
-0.11080191368052
-0.61728530644059
-0.57254956119952
-0.11390232665114
0.08239396812279
-0.30278847725630
-0.80792299880872
-0.80002950883688
-0.31094235253127
0.00531819889677
-0.26231938362469
-0.73850291721846
-0.75839565348847
-0.24780254226590
0.17752589929629
0.02477291220490
-0.42589844285561
-0.49379185529749
-0.00000000000001
0.49379185529750
0.42589844285563
-0.02477291220484
-0.17752589929630
0.24780254226588
0.75839565348844
0.73850291721847
0.26231938362470
-0.00531819889677
0.31094235253130
0.80002950883683
0.80792299880873
0.30278847725632
-0.08239396812278
0.11390232665112
0.57254956119954
0.61728530644061
0.11080191368054
-0.36173664928652
-0.26450336353164
0.18254201076537
0.29680477503916
-0.16194698388945
-0.67167553714131
-0.63639610306788
-0.17245696626448
0.04704994818662
-0.31606498310862
-0.81664601169136
-0.81405764746873
-0.31891375555015
0.02113659545990
-0.22223638509909
-0.69209352980835
-0.71915098741872
-0.20810340842768
0.23486681798963
0.10206441027185
-0.34620368341193
-0.42797543233283
0.05626066768294
0.55745706611844
0.50188606427847
0.04771421018587
-0.12626170173386
0.27973605590509
0.78828684803654
0.77470639158192
0.29202768915746
0.00000000000000
0.29202768915746
0.77470639158189
0.78828684803651
0.27973605590514
-0.12626170173386
0.04771421018582
0.50188606427843
0.55745706611844
0.05626066768295
-0.42797543233278
-0.34620368341193
0.10206441027180
0.23486681798966
-0.20810340842767
-0.71915098741871
-0.69209352980839
-0.22223638509914
0.02113659545990
-0.31891375555015
-0.81405764746872
-0.81664601169139
-0.31606498310862
0.04704994818662
-0.17245696626443
-0.63639610306788
-0.67167553714132
-0.16194698388946
0.29680477503914
0.18254201076534
-0.26450336353160
-0.36173664928655
0.11080191368047
0.61728530644057
0.57254956119954
0.11390232665117
-0.08239396812279
0.30278847725631
0.80792299880873
0.80002950883690
0.31094235253126
-0.00531819889677
0.26231938362466
0.73850291721844
0.75839565348846
0.24780254226588
-0.17752589929629
-0.02477291220484
0.42589844285563
0.49379185529751
0.00000000000005
-0.49379185529751
-0.42589844285566
0.02477291220482
0.17752589929632
-0.24780254226584
-0.75839565348844
-0.73850291721849
-0.26231938362469
0.00531819889677
-0.31094235253127
-0.80002950883684
-0.80792299880872
-0.30278847725635
0.08239396812278
-0.11390232665114
-0.57254956119952
-0.61728530644059
-0.11080191368058
0.36173664928653
0.26450336353159
-0.18254201076531
-0.29680477503918
0.16194698388952
0.67167553714131
0.63639610306791
0.17245696626446
-0.04704994818662
0.31606498310863
0.81664601169134
0.81405764746872
0.31891375555014
-0.02113659545990
0.22223638509906
0.69209352980836
0.71915098741873
0.20810340842771
-0.23486681798965
-0.10206441027183
0.34620368341194
0.42797543233283
-0.05626066768296
-0.55745706611844
-0.50188606427845
-0.04771421018589
0.12626170173387
-0.27973605590515
-0.78828684803652
-0.77470639158191
-0.29202768915745
0.00000000000000
-0.29202768915738
-0.77470639158193
-0.78828684803656
-0.27973605590518
0.12626170173385
-0.04771421018583
-0.50188606427844
-0.55745706611846
-0.05626066768293
0.42797543233283
0.34620368341196
-0.10206441027178
-0.23486681798962
0.20810340842764
0.71915098741869
0.69209352980837
0.22223638509913
-0.02113659545990
0.31891375555016
0.81405764746873
0.81664601169135
0.31606498310871
-0.04704994818661
0.17245696626449
0.63639610306786
0.67167553714134
0.16194698388950
-0.29680477503915
-0.18254201076536
0.26450336353161
0.36173664928651
-0.11080191368055
-0.61728530644057
-0.57254956119957
-0.11390232665116
0.08239396812279
-0.30278847725627
-0.80792299880871
-0.80002950883686
-0.31094235253129
0.00531819889676
-0.26231938362476
-0.73850291721848
-0.75839565348848
-0.24780254226592
0.17752589929630
0.02477291220488
-0.42589844285560
-0.49379185529753
0.00000000000002
0.49379185529749
0.42589844285568
-0.02477291220491
-0.17752589929631
0.24780254226580
0.75839565348845
0.73850291721849
0.26231938362472
-0.00531819889677
0.31094235253123
0.80002950883688
0.80792299880871
0.30278847725639
-0.08239396812280
0.11390232665115
0.57254956119950
0.61728530644060
0.11080191368056
-0.36173664928651
-0.26450336353161
0.18254201076528
0.29680477503915
-0.16194698388943
-0.67167553714129
-0.63639610306791
-0.17245696626445
0.04704994818663
-0.31606498310860
-0.81664601169138
-0.81405764746874
-0.31891375555017
0.02113659545991
-0.22223638509912
-0.69209352980833
-0.71915098741873
-0.20810340842764
0.23486681798962
0.10206441027186
-0.34620368341192
-0.42797543233283
0.05626066768292
0.55745706611843
0.50188606427845
0.04771421018584
-0.12626170173386
0.27973605590507
0.78828684803655
0.77470639158190
0.29202768915748
0.00000000000000
0.29202768915749
0.77470639158191
0.78828684803656
0.27973605590516
-0.12626170173386
0.04771421018585
0.50188606427837
0.55745706611843
0.05626066768302
-0.42797543233280
-0.34620368341198
0.10206441027178
0.23486681798965
-0.20810340842764
-0.71915098741871
-0.69209352980836
-0.22223638509911
0.02113659545991
-0.31891375555018
-0.81405764746874
-0.81664601169140
-0.31606498310869
0.04704994818662
-0.17245696626440
-0.63639610306788
-0.67167553714129
-0.16194698388948
0.29680477503913
0.18254201076535
-0.26450336353162
-0.36173664928655
0.11080191368056
0.61728530644056
0.57254956119957
0.11390232665110
-0.08239396812280
0.30278847725629
0.80792299880877
0.80002950883688
0.31094235253137
-0.00531819889677
0.26231938362473
0.73850291721842
0.75839565348845
0.24780254226580
-0.17752589929629
-0.02477291220481
0.42589844285570
0.49379185529751
0.00000000000012
-0.49379185529750
-0.42589844285564
0.02477291220480
0.17752589929629
-0.24780254226576
-0.75839565348844
-0.73850291721844
-0.26231938362476
0.00531819889677
-0.31094235253125
-0.80002950883686
-0.80792299880879
-0.30278847725632
0.08239396812279
-0.11390232665108
-0.57254956119955
-0.61728530644057
-0.11080191368060
0.36173664928650
0.26450336353156
-0.18254201076532
-0.29680477503917
0.16194698388945
0.67167553714132
0.63639610306790
0.17245696626443
-0.04704994818663
0.31606498310866
0.81664601169133
0.81405764746876
0.31891375555011
-0.02113659545990
0.22223638509909
0.69209352980835
0.71915098741871
0.20810340842768
-0.23486681798963
-0.10206441027189
0.34620368341197
0.42797543233281
-0.05626066768288
-0.55745706611843
-0.50188606427839
-0.04771421018586
0.12626170173387
-0.27973605590513
-0.78828684803654
-0.77470639158199
-0.29202768915752
0.00000000000000
-0.29202768915736
-0.77470639158188
-0.78828684803652
-0.27973605590520
0.12626170173386
-0.04771421018582
-0.50188606427842
-0.55745706611844
-0.05626066768295
0.42797543233279
0.34620368341201
-0.10206441027184
-0.23486681798967
0.20810340842762
0.71915098741873
0.69209352980839
0.22223638509924
-0.02113659545990
0.31891375555014
0.81405764746866
0.81664601169131
0.31606498310863
-0.04704994818661
0.17245696626447
0.63639610306791
0.67167553714134
0.16194698388941
-0.29680477503913
-0.18254201076539
0.26450336353160
0.36173664928652
-0.11080191368053
-0.61728530644059
-0.57254956119951
-0.11390232665122
0.08239396812278
-0.30278847725636
-0.80792299880870
-0.80002950883696
-0.31094235253121
0.00531819889677
-0.26231938362460
-0.73850291721846
-0.75839565348846
-0.24780254226594
0.17752589929630
0.02477291220485
-0.42589844285558
-0.49379185529753
-0.00000000000006
