0.47134844515287
0.50311529493745
0.13390021561469
-0.16347206880121
-0.00000000000000
0.50311529493745
0.84541268915258
0.69247879586443
0.24016402838502
0.00000000000000
0.24016402838502
0.69247879586443
0.84541268915258
0.50311529493745
-0.00000000000000
-0.16347206880121
0.13390021561469
0.50311529493745
0.47134844515287
0.00000000000000
-0.47134844515287
-0.50311529493745
-0.13390021561469
0.16347206880121
-0.00000000000000
-0.50311529493745
-0.84541268915258
-0.69247879586443
-0.24016402838502
0.00000000000000
-0.24016402838502
-0.69247879586443
-0.84541268915258
-0.50311529493745
-0.00000000000000
0.16347206880121
-0.13390021561469
-0.50311529493745
-0.47134844515287
-0.00000000000000
0.47134844515287
0.50311529493745
0.13390021561469
-0.16347206880121
-0.00000000000000
0.50311529493745
0.84541268915258
0.69247879586443
0.24016402838502
0.00000000000000
0.24016402838501
0.69247879586443
0.84541268915258
0.50311529493746
-0.00000000000000
-0.16347206880121
0.13390021561469
0.50311529493745
0.47134844515287
-0.00000000000000
-0.47134844515287
-0.50311529493745
-0.13390021561469
0.16347206880121
0.00000000000001
-0.50311529493745
-0.84541268915258
-0.69247879586443
-0.24016402838502
0.00000000000000
-0.24016402838502
-0.69247879586443
-0.84541268915258
-0.50311529493745
0.00000000000000
0.16347206880121
-0.13390021561469
-0.50311529493745
-0.47134844515287
-0.00000000000000
0.47134844515287
0.50311529493746
0.13390021561469
-0.16347206880121
0.00000000000000
0.50311529493745
0.84541268915258
0.69247879586444
0.24016402838501
0.00000000000000
0.24016402838502
0.69247879586443
0.84541268915258
0.50311529493745
0.00000000000000
-0.16347206880121
0.13390021561469
0.50311529493745
0.47134844515287
-0.00000000000000
-0.47134844515287
-0.50311529493745
-0.13390021561470
0.16347206880121
-0.00000000000000
-0.50311529493745
-0.84541268915258
-0.69247879586444
-0.24016402838502
0.00000000000000
-0.24016402838501
-0.69247879586443
-0.84541268915258
-0.50311529493746
-0.00000000000000
0.16347206880121
-0.13390021561469
-0.50311529493745
-0.47134844515287
0.00000000000000
0.47134844515287
0.50311529493745
0.13390021561470
-0.16347206880121
-0.00000000000001
0.50311529493745
0.84541268915258
0.69247879586443
0.24016402838502
0.00000000000000
0.24016402838502
0.69247879586443
0.84541268915258
0.50311529493746
-0.00000000000000
-0.16347206880121
0.13390021561469
0.50311529493745
0.47134844515287
0.00000000000001
-0.47134844515287
-0.50311529493745
-0.13390021561470
0.16347206880121
0.00000000000000
-0.50311529493744
-0.84541268915258
-0.69247879586443
-0.24016402838502
0.00000000000000
-0.24016402838501
-0.69247879586443
-0.84541268915258
-0.50311529493747
-0.00000000000001
0.16347206880121
-0.13390021561468
-0.50311529493745
-0.47134844515287
-0.00000000000000
0.47134844515287
0.50311529493746
0.13390021561470
-0.16347206880120
-0.00000000000001
0.50311529493746
0.84541268915258
0.69247879586443
0.24016402838502
0.00000000000000
0.24016402838500
0.69247879586443
0.84541268915258
0.50311529493746
0.00000000000001
-0.16347206880121
0.13390021561470
0.50311529493745
0.47134844515287
0.00000000000001
-0.47134844515287
-0.50311529493745
-0.13390021561470
0.16347206880121
0.00000000000001
-0.50311529493745
-0.84541268915258
-0.69247879586443
-0.24016402838501
0.00000000000000
-0.24016402838502
-0.69247879586443
-0.84541268915258
-0.50311529493746
0.00000000000000
0.16347206880121
-0.13390021561468
-0.50311529493745
-0.47134844515287
0.00000000000001
0.47134844515287
0.50311529493745
0.13390021561469
-0.16347206880121
-0.00000000000001
0.50311529493744
0.84541268915257
0.69247879586443
0.24016402838501
0.00000000000000
0.24016402838502
0.69247879586442
0.84541268915258
0.50311529493747
0.00000000000001
-0.16347206880121
0.13390021561468
0.50311529493744
0.47134844515287
-0.00000000000001
-0.47134844515287
-0.50311529493745
-0.13390021561470
0.16347206880121
0.00000000000001
-0.50311529493745
-0.84541268915258
-0.69247879586444
-0.24016402838503
0.00000000000000
-0.24016402838502
-0.69247879586444
-0.84541268915258
-0.50311529493746
-0.00000000000000
0.16347206880120
-0.13390021561468
-0.50311529493745
-0.47134844515287
0.00000000000000
0.47134844515286
0.50311529493746
0.13390021561470
-0.16347206880121
-0.00000000000002
0.50311529493744
0.84541268915258
0.69247879586443
0.24016402838503
0.00000000000000
0.24016402838503
0.69247879586443
0.84541268915258
0.50311529493745
-0.00000000000001
-0.16347206880121
0.13390021561469
0.50311529493744
0.47134844515288
0.00000000000003
-0.47134844515286
-0.50311529493745
-0.13390021561471
0.16347206880120
0.00000000000000
-0.50311529493746
-0.84541268915257
-0.69247879586444
-0.24016402838502
0.00000000000000
-0.24016402838502
-0.69247879586444
-0.84541268915257
-0.50311529493745
-0.00000000000001
0.16347206880121
-0.13390021561468
-0.50311529493745
-0.47134844515288
-0.00000000000002
0.47134844515286
0.50311529493745
0.13390021561469
-0.16347206880121
0.00000000000001
0.50311529493745
0.84541268915258
0.69247879586443
0.24016402838500
0.00000000000000
0.24016402838499
0.69247879586442
0.84541268915258
0.50311529493746
0.00000000000000
-0.16347206880120
0.13390021561468
0.50311529493745
0.47134844515287
-0.00000000000000
-0.47134844515286
-0.50311529493746
-0.13390021561470
0.16347206880121
-0.00000000000000
-0.50311529493746
-0.84541268915258
-0.69247879586445
-0.24016402838503
0.00000000000000
-0.24016402838501
-0.69247879586441
-0.84541268915258
-0.50311529493747
-0.00000000000001
0.16347206880121
-0.13390021561469
-0.50311529493746
-0.47134844515288
-0.00000000000001
0.47134844515287
0.50311529493745
0.13390021561468
-0.16347206880120
-0.00000000000002
0.50311529493743
0.84541268915257
0.69247879586446
0.24016402838502
0.00000000000000
0.24016402838500
0.69247879586444
0.84541268915258
0.50311529493745
0.00000000000001
-0.16347206880120
0.13390021561469
0.50311529493745
0.47134844515288
-0.00000000000001
-0.47134844515285
-0.50311529493747
-0.13390021561469
0.16347206880120
0.00000000000001
-0.50311529493742
-0.84541268915258
-0.69247879586445
-0.24016402838503
0.00000000000000
-0.24016402838502
-0.69247879586442
-0.84541268915258
-0.50311529493743
-0.00000000000000
0.16347206880121
-0.13390021561465
-0.50311529493745
-0.47134844515288
-0.00000000000002
0.47134844515286
0.50311529493746
0.13390021561470
-0.16347206880121
0.00000000000001
0.50311529493744
0.84541268915258
0.69247879586443
0.24016402838501
0.00000000000000
0.24016402838503
0.69247879586443
0.84541268915258
0.50311529493747
0.00000000000001
-0.16347206880121
0.13390021561467
0.50311529493746
0.47134844515287
0.00000000000001
-0.47134844515286
-0.50311529493745
-0.13390021561470
0.16347206880120
-0.00000000000002
-0.50311529493745
-0.84541268915258
-0.69247879586444
-0.24016402838500
0.00000000000000
-0.24016402838500
-0.69247879586440
-0.84541268915258
-0.50311529493748
-0.00000000000001
0.16347206880121
-0.13390021561469
-0.50311529493745
-0.47134844515288
0.00000000000001
0.47134844515287
0.50311529493745
0.13390021561471
-0.16347206880121
-0.00000000000001
0.50311529493745
0.84541268915258
0.69247879586444
0.24016402838503
0.00000000000000
0.24016402838502
0.69247879586442
0.84541268915258
0.50311529493748
0.00000000000000
-0.16347206880120
0.13390021561468
0.50311529493746
0.47134844515287
-0.00000000000000
-0.47134844515286
-0.50311529493745
-0.13390021561470
0.16347206880120
0.00000000000003
-0.50311529493744
-0.84541268915258
-0.69247879586445
-0.24016402838501
0.00000000000000
-0.24016402838501
-0.69247879586441
-0.84541268915258
-0.50311529493747
-0.00000000000001
0.16347206880122
-0.13390021561469
-0.50311529493746
-0.47134844515288
0.00000000000002
0.47134844515286
0.50311529493747
0.13390021561472
-0.16347206880121
-0.00000000000002
0.50311529493743
0.84541268915257
0.69247879586444
0.24016402838502
0.00000000000000
0.24016402838502
0.69247879586442
0.84541268915258
0.50311529493745
-0.00000000000000
-0.16347206880121
0.13390021561471
0.50311529493744
0.47134844515288
0.00000000000002
-0.47134844515286
-0.50311529493745
-0.13390021561471
0.16347206880121
0.00000000000000
-0.50311529493742
-0.84541268915257
-0.69247879586445
-0.24016402838505
0.00000000000000
-0.24016402838504
-0.69247879586444
-0.84541268915258
-0.50311529493749
-0.00000000000000
0.16347206880121
-0.13390021561471
-0.50311529493745
-0.47134844515286
0.00000000000000
0.47134844515289
0.50311529493748
0.13390021561474
-0.16347206880120
-0.00000000000003
0.50311529493744
0.84541268915257
0.69247879586443
0.24016402838503
0.00000000000000
0.24016402838501
0.69247879586441
0.84541268915258
0.50311529493747
-0.00000000000001
-0.16347206880121
0.13390021561467
0.50311529493743
0.47134844515287
0.00000000000004
-0.47134844515287
-0.50311529493743
-0.13390021561468
0.16347206880120
0.00000000000002
-0.50311529493746
-0.84541268915257
-0.69247879586442
-0.24016402838502
0.00000000000000
-0.24016402838503
-0.69247879586442
-0.84541268915257
-0.50311529493745
0.00000000000003
0.16347206880122
-0.13390021561469
-0.50311529493744
-0.47134844515289
-0.00000000000007
0.47134844515285
0.50311529493748
0.13390021561471
-0.16347206880121
-0.00000000000001
0.50311529493743
0.84541268915257
0.69247879586444
0.24016402838505
0.00000000000000
0.24016402838499
0.69247879586444
0.84541268915258
0.50311529493749
0.00000000000000
-0.16347206880121
0.13390021561470
0.50311529493745
0.47134844515286
-0.00000000000000
-0.47134844515286
-0.50311529493744
-0.13390021561470
0.16347206880121
-0.00000000000000
-0.50311529493749
-0.84541268915258
-0.69247879586443
-0.24016402838503
0.00000000000000
-0.24016402838497
-0.69247879586441
-0.84541268915259
-0.50311529493747
-0.00000000000002
0.16347206880120
-0.13390021561467
-0.50311529493743
-0.47134844515287
-0.00000000000003
0.47134844515287
0.50311529493746
0.13390021561468
-0.16347206880121
-0.00000000000002
0.50311529493746
0.84541268915258
0.69247879586442
0.24016402838502
0.00000000000000
0.24016402838503
0.69247879586442
0.84541268915258
0.50311529493745
0.00000000000002
-0.16347206880120
0.13390021561474
0.50311529493747
0.47134844515287
0.00000000000002
-0.47134844515288
-0.50311529493748
-0.13390021561472
0.16347206880120
0.00000000000001
-0.50311529493742
-0.84541268915257
-0.69247879586445
-0.24016402838505
0.00000000000000
-0.24016402838500
-0.69247879586444
-0.84541268915258
-0.50311529493748
-0.00000000000004
0.16347206880121
-0.13390021561466
-0.50311529493745
-0.47134844515285
0.00000000000001
0.47134844515286
0.50311529493747
0.13390021561469
-0.16347206880120
0.00000000000001
0.50311529493744
0.84541268915258
0.69247879586443
0.24016402838503
0.00000000000000
0.24016402838501
0.69247879586445
0.84541268915258
0.50311529493742
0.00000000000003
-0.16347206880122
0.13390021561462
0.50311529493743
0.47134844515287
0.00000000000003
-0.47134844515287
-0.50311529493746
-0.13390021561473
0.16347206880120
0.00000000000002
-0.50311529493741
-0.84541268915258
-0.69247879586446
-0.24016402838502
0.00000000000000
-0.24016402838498
-0.69247879586442
-0.84541268915258
-0.50311529493745
-0.00000000000002
0.16347206880120
-0.13390021561469
-0.50311529493744
-0.47134844515287
-0.00000000000001
0.47134844515287
0.50311529493745
0.13390021561466
-0.16347206880121
0.00000000000003
0.50311529493747
0.84541268915258
0.69247879586448
0.24016402838505
0.00000000000000
0.24016402838500
0.69247879586440
0.84541268915258
0.50311529493748
0.00000000000004
-0.16347206880123
0.13390021561470
0.50311529493745
0.47134844515289
0.00000000000005
-0.47134844515287
-0.50311529493747
-0.13390021561474
0.16347206880121
-0.00000000000001
-0.50311529493744
-0.84541268915257
-0.69247879586443
-0.24016402838503
0.00000000000000
-0.24016402838497
-0.69247879586445
-0.84541268915258
-0.50311529493747
0.00000000000001
0.16347206880121
-0.13390021561467
-0.50311529493743
-0.47134844515285
0.00000000000002
0.47134844515286
0.50311529493748
0.13390021561473
-0.16347206880119
-0.00000000000005
0.50311529493746
0.84541268915258
0.69247879586446
0.24016402838506
0.00000000000000
0.24016402838498
0.69247879586439
0.84541268915259
0.50311529493745
0.00000000000001
-0.16347206880121
0.13390021561469
0.50311529493744
0.47134844515290
0.00000000000007
-0.47134844515288
-0.50311529493746
-0.13390021561471
0.16347206880120
0.00000000000000
-0.50311529493743
-0.84541268915257
-0.69247879586440
-0.24016402838500
0.00000000000000
-0.24016402838500
-0.69247879586444
-0.84541268915258
-0.50311529493753
0.00000000000004
0.16347206880121
-0.13390021561465
-0.50311529493742
-0.47134844515287
-0.00000000000005
0.47134844515284
0.50311529493747
0.13390021561470
-0.16347206880120
-0.00000000000004
0.50311529493744
0.84541268915257
0.69247879586443
0.24016402838503
0.00000000000000
0.24016402838501
0.69247879586441
0.84541268915259
0.50311529493746
-0.00000000000001
-0.16347206880120
0.13390021561472
0.50311529493746
0.47134844515288
0.00000000000004
-0.47134844515287
-0.50311529493743
-0.13390021561468
0.16347206880121
-0.00000000000002
-0.50311529493746
-0.84541268915258
-0.69247879586446
-0.24016402838502
0.00000000000000
-0.24016402838498
-0.69247879586442
-0.84541268915258
-0.50311529493750
-0.00000000000005
0.16347206880120
-0.13390021561469
-0.50311529493744
-0.47134844515287
-0.00000000000001
0.47134844515285
0.50311529493748
0.13390021561467
-0.16347206880121
-0.00000000000001
0.50311529493742
0.84541268915258
0.69247879586444
0.24016402838505
0.00000000000000
0.24016402838504
0.69247879586444
0.84541268915258
0.50311529493743
-0.00000000000000
-0.16347206880121
0.13390021561466
0.50311529493748
0.47134844515286
-0.00000000000000
-0.47134844515289
-0.50311529493747
-0.13390021561474
0.16347206880119
-0.00000000000001
-0.50311529493744
-0.84541268915257
-0.69247879586447
-0.24016402838503
0.00000000000000
-0.24016402838497
-0.69247879586445
-0.84541268915258
-0.50311529493747
-0.00000000000003
0.16347206880121
-0.13390021561467
-0.50311529493743
-0.47134844515291
0.00000000000002
0.47134844515287
0.50311529493746
0.13390021561468
-0.16347206880121
-0.00000000000002
0.50311529493741
0.84541268915259
0.69247879586442
0.24016402838502
0.00000000000000
0.24016402838503
0.69247879586443
0.84541268915258
0.50311529493740
0.00000000000001
-0.16347206880121
0.13390021561464
0.50311529493744
0.47134844515289
0.00000000000007
-0.47134844515282
-0.50311529493745
-0.13390021561471
0.16347206880120
0.00000000000000
-0.50311529493743
-0.84541268915257
-0.69247879586448
-0.24016402838500
0.00000000000000
-0.24016402838500
-0.69247879586444
-0.84541268915258
-0.50311529493748
-0.00000000000004
0.16347206880120
-0.13390021561471
-0.50311529493746
-0.47134844515289
0.00000000000001
0.47134844515286
0.50311529493747
0.13390021561465
-0.16347206880121
0.00000000000001
0.50311529493744
0.84541268915258
0.69247879586447
0.24016402838507
0.00000000000000
0.24016402838501
0.69247879586441
0.84541268915259
0.50311529493746
0.00000000000002
-0.16347206880122
0.13390021561462
0.50311529493746
0.47134844515287
0.00000000000003
-0.47134844515284
-0.50311529493747
-0.13390021561473
0.16347206880120
-0.00000000000002
-0.50311529493746
-0.84541268915258
-0.69247879586446
-0.24016402838501
0.00000000000000
-0.24016402838498
-0.69247879586438
-0.84541268915257
-0.50311529493744
-0.00000000000002
0.16347206880120
-0.13390021561469
-0.50311529493744
-0.47134844515289
0.00000000000004
0.47134844515284
0.50311529493748
0.13390021561476
-0.16347206880119
-0.00000000000004
0.50311529493737
0.84541268915258
0.69247879586444
0.24016402838505
0.00000000000000
0.24016402838499
0.69247879586440
0.84541268915259
0.50311529493749
-0.00000000000000
-0.16347206880121
0.13390021561466
0.50311529493746
0.47134844515288
0.00000000000005
-0.47134844515286
-0.50311529493745
-0.13390021561468
0.16347206880120
0.00000000000004
-0.50311529493745
-0.84541268915257
-0.69247879586443
-0.24016402838498
0.00000000000000
-0.24016402838501
-0.69247879586442
-0.84541268915258
-0.50311529493742
-0.00000000000003
0.16347206880122
-0.13390021561467
-0.50311529493743
-0.47134844515290
-0.00000000000003
0.47134844515288
0.50311529493745
0.13390021561473
-0.16347206880121
-0.00000000000001
0.50311529493741
0.84541268915256
0.69247879586441
0.24016402838501
0.00000000000000
0.24016402838503
0.69247879586439
0.84541268915258
0.50311529493755
-0.00000000000003
-0.16347206880122
0.13390021561470
0.50311529493741
0.47134844515290
0.00000000000001
-0.47134844515283
-0.50311529493743
-0.13390021561470
0.16347206880122
0.00000000000004
-0.50311529493743
-0.84541268915258
-0.69247879586448
-0.24016402838504
0.00000000000000
-0.24016402838504
-0.69247879586440
-0.84541268915258
-0.50311529493744
0.00000000000004
0.16347206880121
-0.13390021561470
-0.50311529493748
-0.47134844515288
0.00000000000000
0.47134844515288
0.50311529493742
0.13390021561468
-0.16347206880117
-0.00000000000003
0.50311529493734
0.84541268915256
0.69247879586447
0.24016402838503
0.00000000000000
0.24016402838497
0.69247879586441
0.84541268915259
0.50311529493751
0.00000000000002
-0.16347206880121
0.13390021561462
0.50311529493744
0.47134844515286
0.00000000000009
-0.47134844515285
-0.50311529493746
-0.13390021561467
0.16347206880119
0.00000000000002
-0.50311529493746
-0.84541268915257
-0.69247879586446
-0.24016402838510
0.00000000000000
-0.24016402838498
-0.69247879586443
-0.84541268915257
-0.50311529493749
-0.00000000000002
0.16347206880123
-0.13390021561474
-0.50311529493743
-0.47134844515287
-0.00000000000007
