0.50252766782273
0.38017970520927
-0.09329461451285
-0.14266881007810
0.38859356080205
0.81050926306024
0.57966948667042
0.08124447308371
0.07227349484426
0.58905764746873
0.89423770543239
0.53988588155700
0.01361902373299
0.03602176512909
0.52249377641674
0.70653262635952
0.24664446587613
-0.27934177118099
-0.20541266487574
0.26450336353161
0.35300083676130
-0.16731338125691
-0.64345826775523
-0.48129251687739
-0.00000000000000
0.03028035855101
-0.49911739451321
-0.87708746012554
-0.59689181737819
-0.08594235253127
-0.08888999769875
-0.59363148104092
-0.84895581995615
-0.44837923903230
0.08275488435082
0.04354283413630
-0.43336436197046
-0.57492006997661
-0.08453035085326
0.42797543233282
0.32333302930156
-0.14778314791818
-0.20869385667500
0.32090331863554
0.76265780480176
0.55565832867301
0.06340295455106
0.04802786585691
0.57000575098546
0.90000000000000
0.57000575098547
0.04802786585691
0.06340295455106
0.55565832867301
0.76265780480176
0.32090331863555
-0.20869385667499
-0.14778314791818
0.32333302930156
0.42797543233282
-0.08453035085326
-0.57492006997661
-0.43336436197046
0.04354283413630
0.08275488435082
-0.44837923903230
-0.84895581995615
-0.59363148104093
-0.08888999769875
-0.08594235253127
-0.59689181737819
-0.87708746012554
-0.49911739451321
0.03028035855101
0.00000000000000
-0.48129251687738
-0.64345826775523
-0.16731338125692
0.35300083676130
0.26450336353161
-0.20541266487573
-0.27934177118099
0.24664446587613
0.70653262635952
0.52249377641674
0.03602176512909
0.01361902373299
0.53988588155699
0.89423770543239
0.58905764746873
0.07227349484426
0.08124447308371
0.57966948667041
0.81050926306024
0.38859356080205
-0.14266881007809
-0.09329461451285
0.38017970520927
0.50252766782273
0.00000000000001
-0.50252766782273
-0.38017970520928
0.09329461451284
0.14266881007810
-0.38859356080204
-0.81050926306024
-0.57966948667042
-0.08124447308371
-0.07227349484426
-0.58905764746873
-0.89423770543239
-0.53988588155700
-0.01361902373299
-0.03602176512909
-0.52249377641675
-0.70653262635952
-0.24664446587613
0.27934177118099
0.20541266487574
-0.26450336353161
-0.35300083676130
0.16731338125692
0.64345826775523
0.48129251687739
0.00000000000000
-0.03028035855101
0.49911739451321
0.87708746012554
0.59689181737820
0.08594235253128
0.08888999769875
0.59363148104091
0.84895581995615
0.44837923903232
-0.08275488435082
-0.04354283413630
0.43336436197045
0.57492006997661
0.08453035085326
-0.42797543233282
-0.32333302930157
0.14778314791819
0.20869385667499
-0.32090331863555
-0.76265780480176
-0.55565832867301
-0.06340295455106
-0.04802786585691
-0.57000575098546
-0.90000000000000
-0.57000575098547
-0.04802786585692
-0.06340295455106
-0.55565832867301
-0.76265780480176
-0.32090331863556
0.20869385667499
0.14778314791818
-0.32333302930156
-0.42797543233282
0.08453035085326
0.57492006997661
0.43336436197047
-0.04354283413630
-0.08275488435082
0.44837923903231
0.84895581995615
0.59363148104092
0.08888999769874
0.08594235253127
0.59689181737819
0.87708746012554
0.49911739451322
-0.03028035855101
-0.00000000000001
0.48129251687737
0.64345826775523
0.16731338125691
-0.35300083676130
-0.26450336353161
0.20541266487573
0.27934177118099
-0.24664446587612
-0.70653262635952
-0.52249377641675
-0.03602176512910
-0.01361902373299
-0.53988588155701
-0.89423770543239
-0.58905764746873
-0.07227349484426
-0.08124447308371
-0.57966948667041
-0.81050926306024
-0.38859356080205
0.14266881007809
0.09329461451285
-0.38017970520928
-0.50252766782273
-0.00000000000001
0.50252766782273
0.38017970520927
-0.09329461451285
-0.14266881007811
0.38859356080202
0.81050926306024
0.57966948667045
0.08124447308372
0.07227349484425
0.58905764746871
0.89423770543239
0.53988588155702
0.01361902373299
0.03602176512909
0.52249377641674
0.70653262635953
0.24664446587613
-0.27934177118098
-0.20541266487572
0.26450336353162
0.35300083676129
-0.16731338125692
-0.64345826775523
-0.48129251687738
0.00000000000000
0.03028035855101
-0.49911739451321
-0.87708746012554
-0.59689181737820
-0.08594235253127
-0.08888999769876
-0.59363148104093
-0.84895581995615
-0.44837923903230
0.08275488435082
0.04354283413630
-0.43336436197046
-0.57492006997661
-0.08453035085327
0.42797543233281
0.32333302930156
-0.14778314791819
-0.20869385667499
0.32090331863555
0.76265780480176
0.55565832867301
0.06340295455106
0.04802786585691
0.57000575098546
0.90000000000000
0.57000575098545
0.04802786585691
0.06340295455106
0.55565832867301
0.76265780480176
0.32090331863555
-0.20869385667499
-0.14778314791819
0.32333302930156
0.42797543233282
-0.08453035085322
-0.57492006997661
-0.43336436197048
0.04354283413628
0.08275488435083
-0.44837923903228
-0.84895581995615
-0.59363148104095
-0.08888999769877
-0.08594235253127
-0.59689181737818
-0.87708746012554
-0.49911739451323
0.03028035855100
0.00000000000002
-0.48129251687739
-0.64345826775523
-0.16731338125692
0.35300083676129
0.26450336353162
-0.20541266487573
-0.27934177118100
0.24664446587614
0.70653262635952
0.52249377641674
0.03602176512909
0.01361902373299
0.53988588155700
0.89423770543239
0.58905764746873
0.07227349484427
0.08124447308371
0.57966948667040
0.81050926306024
0.38859356080205
-0.14266881007810
-0.09329461451285
0.38017970520928
0.50252766782273
0.00000000000001
-0.50252766782272
-0.38017970520928
0.09329461451284
0.14266881007811
-0.38859356080205
-0.81050926306024
-0.57966948667042
-0.08124447308372
-0.07227349484426
-0.58905764746872
-0.89423770543239
-0.53988588155702
-0.01361902373300
-0.03602176512908
-0.52249377641675
-0.70653262635952
-0.24664446587613
0.27934177118098
0.20541266487574
-0.26450336353161
-0.35300083676130
0.16731338125691
0.64345826775523
0.48129251687740
0.00000000000001
-0.03028035855103
0.49911739451321
0.87708746012554
0.59689181737820
0.08594235253128
0.08888999769875
0.59363148104094
0.84895581995615
0.44837923903229
-0.08275488435082
-0.04354283413630
0.43336436197044
0.57492006997660
0.08453035085329
-0.42797543233281
-0.32333302930159
0.14778314791818
0.20869385667500
-0.32090331863553
-0.76265780480176
-0.55565832867303
-0.06340295455106
-0.04802786585690
-0.57000575098546
-0.90000000000000
-0.57000575098547
-0.04802786585693
-0.06340295455105
-0.55565832867302
-0.76265780480176
-0.32090331863554
0.20869385667498
0.14778314791818
-0.32333302930154
-0.42797543233282
0.08453035085322
0.57492006997661
0.43336436197045
-0.04354283413629
-0.08275488435081
0.44837923903228
0.84895581995615
0.59363148104095
0.08888999769875
0.08594235253126
0.59689181737819
0.87708746012554
0.49911739451322
-0.03028035855102
-0.00000000000001
0.48129251687739
0.64345826775524
0.16731338125692
-0.35300083676129
-0.26450336353162
0.20541266487571
0.27934177118099
-0.24664446587609
-0.70653262635952
-0.52249377641674
-0.03602176512910
-0.01361902373299
-0.53988588155698
-0.89423770543239
-0.58905764746873
-0.07227349484426
-0.08124447308371
-0.57966948667041
-0.81050926306025
-0.38859356080204
0.14266881007810
0.09329461451284
-0.38017970520925
-0.50252766782274
-0.00000000000003
0.50252766782272
0.38017970520926
-0.09329461451282
-0.14266881007809
0.38859356080201
0.81050926306024
0.57966948667041
0.08124447308374
0.07227349484426
0.58905764746868
0.89423770543239
0.53988588155706
0.01361902373300
0.03602176512905
0.52249377641673
0.70653262635953
0.24664446587614
-0.27934177118098
-0.20541266487575
0.26450336353159
0.35300083676131
-0.16731338125689
-0.64345826775522
-0.48129251687742
-0.00000000000003
0.03028035855101
-0.49911739451322
-0.87708746012554
-0.59689181737819
-0.08594235253127
-0.08888999769875
-0.59363148104092
-0.84895581995615
-0.44837923903231
0.08275488435081
0.04354283413631
-0.43336436197044
-0.57492006997660
-0.08453035085329
0.42797543233283
0.32333302930159
-0.14778314791820
-0.20869385667501
0.32090331863556
0.76265780480175
0.55565832867300
0.06340295455109
0.04802786585691
0.57000575098547
0.90000000000000
0.57000575098547
0.04802786585691
0.06340295455105
0.55565832867300
0.76265780480176
0.32090331863557
-0.20869385667499
-0.14778314791820
0.32333302930154
0.42797543233281
-0.08453035085323
-0.57492006997661
-0.43336436197049
0.04354283413631
0.08275488435083
-0.44837923903231
-0.84895581995615
-0.59363148104092
-0.08888999769878
-0.08594235253127
-0.59689181737819
-0.87708746012554
-0.49911739451322
0.03028035855101
0.00000000000001
-0.48129251687738
-0.64345826775524
-0.16731338125694
0.35300083676129
0.26450336353163
-0.20541266487571
-0.27934177118097
0.24664446587614
0.70653262635953
0.52249377641673
0.03602176512908
0.01361902373300
0.53988588155701
0.89423770543239
0.58905764746872
0.07227349484426
0.08124447308371
0.57966948667041
0.81050926306024
0.38859356080201
-0.14266881007809
-0.09329461451282
0.38017970520926
0.50252766782272
0.00000000000003
-0.50252766782273
-0.38017970520926
0.09329461451286
0.14266881007809
-0.38859356080206
-0.81050926306024
-0.57966948667040
-0.08124447308371
-0.07227349484426
-0.58905764746873
-0.89423770543239
-0.53988588155701
-0.01361902373297
-0.03602176512909
-0.52249377641678
-0.70653262635952
-0.24664446587609
0.27934177118098
0.20541266487571
-0.26450336353160
-0.35300083676129
0.16731338125684
0.64345826775523
0.48129251687736
0.00000000000002
-0.03028035855103
0.49911739451317
0.87708746012554
0.59689181737823
0.08594235253130
0.08888999769872
0.59363148104088
0.84895581995616
0.44837923903236
-0.08275488435081
-0.04354283413634
0.43336436197045
0.57492006997662
0.08453035085328
-0.42797543233281
-0.32333302930158
0.14778314791817
0.20869385667501
-0.32090331863552
-0.76265780480175
-0.55565832867304
-0.06340295455108
-0.04802786585689
-0.57000575098542
-0.90000000000000
-0.57000575098551
-0.04802786585691
-0.06340295455102
-0.55565832867300
-0.76265780480176
-0.32090331863556
0.20869385667499
0.14778314791819
-0.32333302930155
-0.42797543233283
0.08453035085324
0.57492006997660
0.43336436197048
-0.04354283413628
-0.08275488435084
0.44837923903232
0.84895581995615
0.59363148104091
0.08888999769878
0.08594235253128
0.59689181737815
0.87708746012554
0.49911739451326
-0.03028035855101
-0.00000000000004
0.48129251687738
0.64345826775523
0.16731338125693
-0.35300083676129
-0.26450336353162
0.20541266487572
0.27934177118099
-0.24664446587611
-0.70653262635951
-0.52249377641677
-0.03602176512911
-0.01361902373297
-0.53988588155702
-0.89423770543239
-0.58905764746872
-0.07227349484429
-0.08124447308372
-0.57966948667037
-0.81050926306024
-0.38859356080211
0.14266881007809
0.09329461451285
-0.38017970520926
-0.50252766782273
-0.00000000000002
0.50252766782272
0.38017970520929
-0.09329461451283
-0.14266881007811
0.38859356080202
0.81050926306024
0.57966948667045
0.08124447308373
0.07227349484427
0.58905764746874
0.89423770543239
0.53988588155700
0.01361902373299
0.03602176512909
0.52249377641674
0.70653262635952
0.24664446587614
-0.27934177118098
-0.20541266487570
0.26450336353160
0.35300083676129
-0.16731338125689
-0.64345826775524
-0.48129251687740
0.00000000000002
0.03028035855103
-0.49911739451323
-0.87708746012554
-0.59689181737818
-0.08594235253127
-0.08888999769876
-0.59363148104093
-0.84895581995615
-0.44837923903230
0.08275488435081
0.04354283413630
-0.43336436197046
-0.57492006997662
-0.08453035085328
0.42797543233281
0.32333302930153
-0.14778314791817
-0.20869385667498
0.32090331863553
0.76265780480176
0.55565832867303
0.06340295455105
0.04802786585689
0.57000575098548
0.90000000000000
0.57000575098546
0.04802786585694
0.06340295455110
0.55565832867301
0.76265780480176
0.32090331863555
-0.20869385667502
-0.14778314791819
0.32333302930156
0.42797543233283
-0.08453035085330
-0.57492006997661
-0.43336436197047
0.04354283413632
0.08275488435081
-0.44837923903232
-0.84895581995615
-0.59363148104091
-0.08888999769874
-0.08594235253128
-0.59689181737811
-0.87708746012554
-0.49911739451320
0.03028035855099
-0.00000000000003
-0.48129251687743
-0.64345826775525
-0.16731338125698
0.35300083676130
0.26450336353162
-0.20541266487569
-0.27934177118102
0.24664446587611
0.70653262635952
0.52249377641681
0.03602176512911
0.01361902373298
0.53988588155697
0.89423770543239
0.58905764746871
0.07227349484428
0.08124447308369
0.57966948667033
0.81050926306024
0.38859356080210
-0.14266881007807
-0.09329461451285
0.38017970520927
0.50252766782275
0.00000000000007
-0.50252766782272
-0.38017970520929
0.09329461451280
0.14266881007813
-0.38859356080203
-0.81050926306024
-0.57966948667049
-0.08124447308370
-0.07227349484424
-0.58905764746869
-0.89423770543239
-0.53988588155699
-0.01361902373301
-0.03602176512906
-0.52249377641675
-0.70653262635953
-0.24664446587618
0.27934177118096
0.20541266487575
-0.26450336353161
-0.35300083676131
0.16731338125684
0.64345826775523
0.48129251687740
0.00000000000001
-0.03028035855100
0.49911739451318
0.87708746012554
0.59689181737822
0.08594235253126
0.08888999769873
0.59363148104089
0.84895581995616
0.44837923903229
-0.08275488435082
-0.04354283413633
0.43336436197046
0.57492006997661
0.08453035085327
-0.42797543233279
-0.32333302930158
0.14778314791818
0.20869385667500
-0.32090331863548
-0.76265780480176
-0.55565832867303
-0.06340295455108
-0.04802786585693
-0.57000575098548
-0.90000000000000
-0.57000575098550
-0.04802786585690
-0.06340295455106
-0.55565832867297
-0.76265780480177
-0.32090331863555
0.20869385667499
0.14778314791823
-0.32333302930160
-0.42797543233282
0.08453035085325
0.57492006997659
0.43336436197044
-0.04354283413628
-0.08275488435083
0.44837923903222
0.84895581995615
0.59363148104095
0.08888999769877
0.08594235253128
0.59689181737821
0.87708746012555
0.49911739451325
-0.03028035855102
0.00000000000000
0.48129251687735
0.64345826775525
0.16731338125692
-0.35300083676130
-0.26450336353161
0.20541266487576
0.27934177118099
-0.24664446587611
-0.70653262635951
-0.52249377641671
-0.03602176512911
-0.01361902373297
-0.53988588155698
-0.89423770543239
-0.58905764746871
-0.07227349484428
-0.08124447308372
-0.57966948667043
-0.81050926306024
-0.38859356080215
0.14266881007808
0.09329461451285
-0.38017970520923
-0.50252766782277
-0.00000000000006
0.50252766782272
0.38017970520933
-0.09329461451284
-0.14266881007809
0.38859356080203
0.81050926306023
0.57966948667044
0.08124447308370
0.07227349484424
0.58905764746865
0.89423770543239
0.53988588155699
0.01361902373301
0.03602176512910
0.52249377641680
0.70653262635955
0.24664446587617
-0.27934177118099
-0.20541266487569
0.26450336353153
0.35300083676133
-0.16731338125691
-0.64345826775524
-0.48129251687748
0.00000000000002
0.03028035855102
-0.49911739451324
-0.87708746012553
-0.59689181737817
-0.08594235253129
-0.08888999769876
-0.59363148104089
-0.84895581995615
-0.44837923903234
0.08275488435082
0.04354283413633
-0.43336436197047
-0.57492006997663
-0.08453035085327
0.42797543233280
0.32333302930157
-0.14778314791814
-0.20869385667495
0.32090331863549
0.76265780480176
0.55565832867307
0.06340295455100
0.04802786585687
0.57000575098544
0.90000000000000
0.57000575098540
0.04802786585690
0.06340295455104
0.55565832867302
0.76265780480175
0.32090331863555
-0.20869385667498
-0.14778314791818
0.32333302930161
0.42797543233282
-0.08453035085320
-0.57492006997661
-0.43336436197043
0.04354283413630
0.08275488435080
-0.44837923903228
-0.84895581995616
-0.59363148104094
-0.08888999769873
-0.08594235253126
-0.59689181737822
-0.87708746012554
-0.49911739451319
0.03028035855100
-0.00000000000001
-0.48129251687744
-0.64345826775523
-0.16731338125697
0.35300083676129
0.26450336353158
-0.20541266487574
-0.27934177118101
0.24664446587612
0.70653262635953
0.52249377641676
0.03602176512913
0.01361902373303
0.53988588155703
0.89423770543239
0.58905764746880
0.07227349484422
0.08124447308373
0.57966948667039
0.81050926306026
0.38859356080199
-0.14266881007810
-0.09329461451295
0.38017970520929
0.50252766782271
0.00000000000000
-0.50252766782271
-0.38017970520928
0.09329461451281
0.14266881007810
-0.38859356080198
-0.81050926306024
-0.57966948667048
-0.08124447308373
-0.07227349484422
-0.58905764746870
-0.89423770543239
-0.53988588155704
-0.01361902373303
-0.03602176512907
-0.52249377641667
-0.70653262635954
-0.24664446587622
0.27934177118097
0.20541266487581
-0.26450336353166
-0.35300083676129
0.16731338125685
0.64345826775521
0.48129251687734
0.00000000000001
-0.03028035855105
0.49911739451309
0.87708746012554
0.59689181737821
0.08594235253132
0.08888999769874
0.59363148104095
0.84895581995616
0.44837923903239
-0.08275488435081
-0.04354283413629
0.43336436197044
0.57492006997664
0.08453035085332
-0.42797543233282
-0.32333302930160
0.14778314791817
0.20869385667502
-0.32090331863554
-0.76265780480175
-0.55565832867302
-0.06340295455111
-0.04802786585690
-0.57000575098540
-0.90000000000000
-0.57000575098554
-0.04802786585693
-0.06340295455107
-0.55565832867299
-0.76265780480177
-0.32090331863559
0.20869385667501
0.14778314791822
-0.32333302930148
-0.42797543233284
0.08453035085326
0.57492006997660
0.43336436197054
-0.04354283413632
-0.08275488435083
0.44837923903234
0.84895581995614
0.59363148104089
0.08888999769876
0.08594235253129
0.59689181737817
0.87708746012554
0.49911739451324
-0.03028035855102
-0.00000000000003
0.48129251687739
0.64345826775524
0.16731338125692
-0.35300083676129
-0.26450336353160
0.20541266487569
0.27934177118099
-0.24664446587607
-0.70653262635952
-0.52249377641679
-0.03602176512910
-0.01361902373296
-0.53988588155699
-0.89423770543239
-0.58905764746865
-0.07227349484430
-0.08124447308370
-0.57966948667044
-0.81050926306023
-0.38859356080214
0.14266881007808
0.09329461451283
-0.38017970520932
-0.50252766782276
-0.00000000000006
