0.50955805214054
0.33065832867301
-0.15127403068626
-0.08222759571749
0.52249377641674
0.79992006997661
0.38681809429961
-0.01405383049509
0.26574320248216
0.81405764746873
0.78200973460152
0.21118627898705
-0.03117922266986
0.39231338125692
0.76265780480176
0.43015941223972
-0.16789053354076
-0.18897823487091
0.29946414635577
0.42797543233282
-0.11274425026144
-0.58550926306024
-0.35672778899318
0.11544420294429
-0.00000000000000
-0.60517970520928
-0.82434928191417
-0.37157547722888
0.00354313080357
-0.31094235253127
-0.83179366541959
-0.73602163000073
-0.14801541585131
0.05434177118099
-0.38859356080205
-0.71361539132434
-0.32984172260045
0.25528035855101
0.22719483012754
-0.26450336353161
-0.34259407228969
0.22337923903230
0.65407367704738
0.37641381275580
-0.08275488435082
0.07721685208181
0.67676111002861
0.83514760594253
0.34629529463937
0.00000000000000
0.34629529463936
0.83514760594253
0.67676111002860
0.07721685208182
-0.08275488435082
0.37641381275580
0.65407367704738
0.22337923903231
-0.34259407228969
-0.26450336353161
0.22719483012754
0.25528035855101
-0.32984172260045
-0.71361539132434
-0.38859356080205
0.05434177118099
-0.14801541585131
-0.73602163000073
-0.83179366541958
-0.31094235253128
0.00354313080357
-0.37157547722888
-0.82434928191416
-0.60517970520928
-0.00000000000000
0.11544420294430
-0.35672778899318
-0.58550926306024
-0.11274425026144
0.42797543233282
0.29946414635577
-0.18897823487090
-0.16789053354076
0.43015941223972
0.76265780480176
0.39231338125692
-0.03117922266986
0.21118627898704
0.78200973460152
0.81405764746873
0.26574320248217
-0.01405383049509
0.38681809429961
0.79992006997661
0.52249377641674
-0.08222759571749
-0.15127403068626
0.33065832867301
0.50955805214054
-0.00000000000001
-0.50955805214054
-0.33065832867301
0.15127403068626
0.08222759571749
-0.52249377641673
-0.79992006997661
-0.38681809429962
0.01405383049509
-0.26574320248216
-0.81405764746873
-0.78200973460151
-0.21118627898705
0.03117922266986
-0.39231338125690
-0.76265780480176
-0.43015941223973
0.16789053354076
0.18897823487091
-0.29946414635576
-0.42797543233282
0.11274425026143
0.58550926306024
0.35672778899318
-0.11544420294429
-0.00000000000000
0.60517970520928
0.82434928191416
0.37157547722889
-0.00354313080357
0.31094235253126
0.83179366541959
0.73602163000073
0.14801541585131
-0.05434177118099
0.38859356080205
0.71361539132433
0.32984172260045
-0.25528035855101
-0.22719483012754
0.26450336353161
0.34259407228969
-0.22337923903230
-0.65407367704738
-0.37641381275580
0.08275488435082
-0.07721685208180
-0.67676111002861
-0.83514760594253
-0.34629529463937
0.00000000000000
-0.34629529463936
-0.83514760594253
-0.67676111002860
-0.07721685208181
0.08275488435082
-0.37641381275580
-0.65407367704738
-0.22337923903230
0.34259407228969
0.26450336353162
-0.22719483012754
-0.25528035855102
0.32984172260044
0.71361539132434
0.38859356080206
-0.05434177118099
0.14801541585131
0.73602163000073
0.83179366541959
0.31094235253129
-0.00354313080357
0.37157547722888
0.82434928191416
0.60517970520928
0.00000000000001
-0.11544420294430
0.35672778899318
0.58550926306024
0.11274425026145
-0.42797543233282
-0.29946414635577
0.18897823487090
0.16789053354076
-0.43015941223970
-0.76265780480176
-0.39231338125692
0.03117922266986
-0.21118627898705
-0.78200973460152
-0.81405764746872
-0.26574320248217
0.01405383049509
-0.38681809429960
-0.79992006997661
-0.52249377641676
0.08222759571749
0.15127403068627
-0.33065832867300
-0.50955805214054
0.00000000000002
0.50955805214053
0.33065832867302
-0.15127403068627
-0.08222759571750
0.52249377641674
0.79992006997661
0.38681809429964
-0.01405383049509
0.26574320248218
0.81405764746872
0.78200973460152
0.21118627898704
-0.03117922266986
0.39231338125690
0.76265780480176
0.43015941223974
-0.16789053354075
-0.18897823487091
0.29946414635576
0.42797543233282
-0.11274425026144
-0.58550926306024
-0.35672778899319
0.11544420294429
-0.00000000000000
-0.60517970520927
-0.82434928191417
-0.37157547722892
0.00354313080357
-0.31094235253128
-0.83179366541960
-0.73602163000074
-0.14801541585131
0.05434177118098
-0.38859356080204
-0.71361539132434
-0.32984172260046
0.25528035855100
0.22719483012755
-0.26450336353161
-0.34259407228969
0.22337923903230
0.65407367704738
0.37641381275580
-0.08275488435082
0.07721685208181
0.67676111002859
0.83514760594253
0.34629529463936
0.00000000000000
0.34629529463937
0.83514760594253
0.67676111002861
0.07721685208181
-0.08275488435082
0.37641381275578
0.65407367704738
0.22337923903230
-0.34259407228968
-0.26450336353163
0.22719483012753
0.25528035855101
-0.32984172260047
-0.71361539132433
-0.38859356080206
0.05434177118099
-0.14801541585131
-0.73602163000073
-0.83179366541960
-0.31094235253128
0.00354313080358
-0.37157547722890
-0.82434928191417
-0.60517970520928
0.00000000000000
0.11544420294428
-0.35672778899315
-0.58550926306024
-0.11274425026144
0.42797543233281
0.29946414635577
-0.18897823487090
-0.16789053354076
0.43015941223972
0.76265780480176
0.39231338125694
-0.03117922266986
0.21118627898705
0.78200973460151
0.81405764746873
0.26574320248217
-0.01405383049510
0.38681809429959
0.79992006997661
0.52249377641676
-0.08222759571749
-0.15127403068626
0.33065832867300
0.50955805214054
0.00000000000001
-0.50955805214053
-0.33065832867302
0.15127403068626
0.08222759571751
-0.52249377641674
-0.79992006997661
-0.38681809429961
0.01405383049509
-0.26574320248215
-0.81405764746871
-0.78200973460153
-0.21118627898705
0.03117922266986
-0.39231338125689
-0.76265780480176
-0.43015941223972
0.16789053354076
0.18897823487091
-0.29946414635576
-0.42797543233282
0.11274425026144
0.58550926306024
0.35672778899320
-0.11544420294429
-0.00000000000002
0.60517970520926
0.82434928191417
0.37157547722892
-0.00354313080357
0.31094235253126
0.83179366541958
0.73602163000072
0.14801541585131
-0.05434177118099
0.38859356080204
0.71361539132433
0.32984172260049
-0.25528035855101
-0.22719483012755
0.26450336353159
0.34259407228971
-0.22337923903230
-0.65407367704737
-0.37641381275580
0.08275488435082
-0.07721685208179
-0.67676111002861
-0.83514760594253
-0.34629529463939
0.00000000000000
-0.34629529463937
-0.83514760594251
-0.67676111002861
-0.07721685208181
0.08275488435083
-0.37641381275580
-0.65407367704738
-0.22337923903233
0.34259407228967
0.26450336353161
-0.22719483012751
-0.25528035855101
0.32984172260046
0.71361539132433
0.38859356080204
-0.05434177118099
0.14801541585129
0.73602163000070
0.83179366541958
0.31094235253131
-0.00354313080357
0.37157547722887
0.82434928191417
0.60517970520926
0.00000000000000
-0.11544420294429
0.35672778899315
0.58550926306024
0.11274425026144
-0.42797543233282
-0.29946414635578
0.18897823487089
0.16789053354078
-0.43015941223972
-0.76265780480176
-0.39231338125694
0.03117922266986
-0.21118627898704
-0.78200973460151
-0.81405764746874
-0.26574320248215
0.01405383049509
-0.38681809429959
-0.79992006997660
-0.52249377641674
0.08222759571749
0.15127403068628
-0.33065832867302
-0.50955805214055
0.00000000000003
0.50955805214053
0.33065832867305
-0.15127403068626
-0.08222759571750
0.52249377641671
0.79992006997661
0.38681809429962
-0.01405383049509
0.26574320248217
0.81405764746873
0.78200973460153
0.21118627898707
-0.03117922266986
0.39231338125686
0.76265780480176
0.43015941223970
-0.16789053354073
-0.18897823487088
0.29946414635575
0.42797543233283
-0.11274425026143
-0.58550926306024
-0.35672778899320
0.11544420294430
0.00000000000004
-0.60517970520926
-0.82434928191416
-0.37157547722893
0.00354313080357
-0.31094235253125
-0.83179366541959
-0.73602163000077
-0.14801541585132
0.05434177118100
-0.38859356080201
-0.71361539132433
-0.32984172260046
0.25528035855100
0.22719483012753
-0.26450336353161
-0.34259407228968
0.22337923903232
0.65407367704737
0.37641381275576
-0.08275488435081
0.07721685208178
0.67676111002856
0.83514760594253
0.34629529463935
0.00000000000000
0.34629529463936
0.83514760594252
0.67676111002859
0.07721685208181
-0.08275488435082
0.37641381275573
0.65407367704738
0.22337923903236
-0.34259407228970
-0.26450336353159
0.22719483012751
0.25528035855099
-0.32984172260043
-0.71361539132434
-0.38859356080205
0.05434177118098
-0.14801541585129
-0.73602163000074
-0.83179366541959
-0.31094235253129
0.00354313080357
-0.37157547722889
-0.82434928191417
-0.60517970520929
0.00000000000001
0.11544420294432
-0.35672778899322
-0.58550926306025
-0.11274425026147
0.42797543233282
0.29946414635578
-0.18897823487089
-0.16789053354075
0.43015941223972
0.76265780480176
0.39231338125690
-0.03117922266985
0.21118627898704
0.78200973460150
0.81405764746872
0.26574320248216
-0.01405383049509
0.38681809429963
0.79992006997660
0.52249377641674
-0.08222759571748
-0.15127403068628
0.33065832867302
0.50955805214054
0.00000000000003
-0.50955805214054
-0.33065832867301
0.15127403068626
0.08222759571747
-0.52249377641670
-0.79992006997661
-0.38681809429962
0.01405383049510
-0.26574320248212
-0.81405764746872
-0.78200973460153
-0.21118627898708
0.03117922266986
-0.39231338125691
-0.76265780480175
-0.43015941223970
0.16789053354075
0.18897823487091
-0.29946414635579
-0.42797543233284
0.11274425026143
0.58550926306024
0.35672778899320
-0.11544420294430
-0.00000000000001
0.60517970520930
0.82434928191418
0.37157547722888
-0.00354313080357
0.31094235253125
0.83179366541959
0.73602163000073
0.14801541585136
-0.05434177118098
0.38859356080206
0.71361539132434
0.32984172260042
-0.25528035855100
-0.22719483012754
0.26450336353161
0.34259407228970
-0.22337923903226
-0.65407367704738
-0.37641381275577
0.08275488435081
-0.07721685208182
-0.67676111002860
-0.83514760594254
-0.34629529463935
0.00000000000000
-0.34629529463931
-0.83514760594254
-0.67676111002864
-0.07721685208185
0.08275488435081
-0.37641381275577
-0.65407367704737
-0.22337923903231
0.34259407228968
0.26450336353164
-0.22719483012754
-0.25528035855102
0.32984172260042
0.71361539132433
0.38859356080205
-0.05434177118098
0.14801541585133
0.73602163000073
0.83179366541961
0.31094235253124
-0.00354313080358
0.37157547722884
0.82434928191417
0.60517970520929
0.00000000000003
-0.11544420294429
0.35672778899316
0.58550926306025
0.11274425026143
-0.42797543233281
-0.29946414635578
0.18897823487089
0.16789053354075
-0.43015941223966
-0.76265780480175
-0.39231338125695
0.03117922266985
-0.21118627898708
-0.78200973460150
-0.81405764746875
-0.26574320248216
0.01405383049509
-0.38681809429958
-0.79992006997661
-0.52249377641675
0.08222759571747
0.15127403068628
-0.33065832867301
-0.50955805214054
-0.00000000000002
0.50955805214054
0.33065832867305
-0.15127403068629
-0.08222759571751
0.52249377641671
0.79992006997661
0.38681809429962
-0.01405383049509
0.26574320248216
0.81405764746872
0.78200973460153
0.21118627898703
-0.03117922266987
0.39231338125690
0.76265780480176
0.43015941223971
-0.16789053354072
-0.18897823487092
0.29946414635579
0.42797543233284
-0.11274425026143
-0.58550926306024
-0.35672778899321
0.11544420294430
0.00000000000001
-0.60517970520925
-0.82434928191416
-0.37157547722894
0.00354313080357
-0.31094235253129
-0.83179366541956
-0.73602163000073
-0.14801541585132
0.05434177118098
-0.38859356080201
-0.71361539132434
-0.32984172260048
0.25528035855099
0.22719483012754
-0.26450336353160
-0.34259407228970
0.22337923903231
0.65407367704738
0.37641381275582
-0.08275488435082
0.07721685208178
0.67676111002860
0.83514760594254
0.34629529463940
0.00000000000000
0.34629529463935
0.83514760594252
0.67676111002860
0.07721685208182
-0.08275488435083
0.37641381275572
0.65407367704737
0.22337923903231
-0.34259407228965
-0.26450336353164
0.22719483012754
0.25528035855102
-0.32984172260042
-0.71361539132434
-0.38859356080205
0.05434177118098
-0.14801541585128
-0.73602163000073
-0.83179366541959
-0.31094235253129
0.00354313080358
-0.37157547722888
-0.82434928191416
-0.60517970520934
0.00000000000001
0.11544420294429
-0.35672778899312
-0.58550926306025
-0.11274425026142
0.42797543233280
0.29946414635578
-0.18897823487086
-0.16789053354076
0.43015941223971
0.76265780480176
0.39231338125690
-0.03117922266986
0.21118627898703
0.78200973460147
0.81405764746872
0.26574320248217
-0.01405383049510
0.38681809429958
0.79992006997661
0.52249377641680
-0.08222759571747
-0.15127403068625
0.33065832867297
0.50955805214055
0.00000000000008
-0.50955805214054
-0.33065832867302
0.15127403068626
0.08222759571755
-0.52249377641675
-0.79992006997661
-0.38681809429968
0.01405383049509
-0.26574320248216
-0.81405764746869
-0.78200973460154
-0.21118627898704
0.03117922266987
-0.39231338125690
-0.76265780480176
-0.43015941223976
0.16789053354075
0.18897823487096
-0.29946414635582
-0.42797543233282
0.11274425026137
0.58550926306022
0.35672778899317
-0.11544420294429
-0.00000000000005
0.60517970520929
0.82434928191416
0.37157547722894
-0.00354313080357
0.31094235253129
0.83179366541956
0.73602163000074
0.14801541585137
-0.05434177118100
0.38859356080205
0.71361539132433
0.32984172260038
-0.25528035855102
-0.22719483012758
0.26450336353156
0.34259407228968
-0.22337923903230
-0.65407367704737
-0.37641381275582
0.08275488435083
-0.07721685208182
-0.67676111002859
-0.83514760594252
-0.34629529463936
0.00000000000000
-0.34629529463930
-0.83514760594253
-0.67676111002860
-0.07721685208187
0.08275488435082
-0.37641381275581
-0.65407367704738
-0.22337923903231
0.34259407228969
0.26450336353161
-0.22719483012754
-0.25528035855102
0.32984172260052
0.71361539132434
0.38859356080210
-0.05434177118097
0.14801541585132
0.73602163000073
0.83179366541959
0.31094235253130
-0.00354313080358
0.37157547722883
0.82434928191415
0.60517970520926
-0.00000000000001
-0.11544420294429
0.35672778899307
0.58550926306024
0.11274425026138
-0.42797543233280
-0.29946414635575
0.18897823487092
0.16789053354082
-0.43015941223970
-0.76265780480175
-0.39231338125696
0.03117922266985
-0.21118627898698
-0.78200973460146
-0.81405764746872
-0.26574320248217
0.01405383049510
-0.38681809429957
-0.79992006997660
-0.52249377641681
0.08222759571751
0.15127403068626
-0.33065832867292
-0.50955805214058
0.00000000000007
0.50955805214053
0.33065832867306
-0.15127403068628
-0.08222759571755
0.52249377641674
0.79992006997661
0.38681809429964
-0.01405383049508
0.26574320248211
0.81405764746869
0.78200973460151
0.21118627898704
-0.03117922266989
0.39231338125689
0.76265780480176
0.43015941223977
-0.16789053354072
-0.18897823487089
0.29946414635570
0.42797543233283
-0.11274425026141
-0.58550926306024
-0.35672778899322
0.11544420294427
0.00000000000005
-0.60517970520929
-0.82434928191417
-0.37157547722899
0.00354313080357
-0.31094235253124
-0.83179366541956
-0.73602163000070
-0.14801541585129
0.05434177118102
-0.38859356080195
-0.71361539132434
-0.32984172260048
0.25528035855098
0.22719483012758
-0.26450336353155
-0.34259407228968
0.22337923903230
0.65407367704738
0.37641381275583
-0.08275488435080
0.07721685208177
0.67676111002863
0.83514760594252
0.34629529463946
0.00000000000000
0.34629529463935
0.83514760594251
0.67676111002865
0.07721685208179
-0.08275488435085
0.37641381275571
0.65407367704737
0.22337923903232
-0.34259407228967
-0.26450336353164
0.22719483012750
0.25528035855099
-0.32984172260047
-0.71361539132433
-0.38859356080207
0.05434177118098
-0.14801541585128
-0.73602163000069
-0.83179366541957
-0.31094235253135
0.00354313080358
-0.37157547722888
-0.82434928191420
-0.60517970520930
-0.00000000000004
0.11544420294433
-0.35672778899320
-0.58550926306024
-0.11274425026154
0.42797543233282
0.29946414635578
-0.18897823487095
-0.16789053354079
0.43015941223975
0.76265780480177
0.39231338125701
-0.03117922266986
0.21118627898712
0.78200973460150
0.81405764746876
0.26574320248212
-0.01405383049510
0.38681809429962
0.79992006997659
0.52249377641676
-0.08222759571747
-0.15127403068622
0.33065832867306
0.50955805214053
-0.00000000000001
-0.50955805214051
-0.33065832867303
0.15127403068632
0.08222759571752
-0.52249377641668
-0.79992006997661
-0.38681809429969
0.01405383049509
-0.26574320248225
-0.81405764746871
-0.78200973460154
-0.21118627898718
0.03117922266985
-0.39231338125694
-0.76265780480176
-0.43015941223982
0.16789053354075
0.18897823487086
-0.29946414635574
-0.42797543233281
0.11274425026147
0.58550926306022
0.35672778899317
-0.11544420294435
-0.00000000000001
0.60517970520924
0.82434928191418
0.37157547722895
-0.00354313080358
0.31094235253128
0.83179366541958
0.73602163000074
0.14801541585134
-0.05434177118100
0.38859356080209
0.71361539132434
0.32984172260055
-0.25528035855101
-0.22719483012746
0.26450336353159
0.34259407228970
-0.22337923903236
-0.65407367704737
-0.37641381275577
0.08275488435082
-0.07721685208181
-0.67676111002859
-0.83514760594254
-0.34629529463941
0.00000000000000
-0.34629529463939
-0.83514760594249
-0.67676111002861
-0.07721685208176
0.08275488435083
-0.37641381275576
-0.65407367704737
-0.22337923903237
0.34259407228969
0.26450336353161
-0.22719483012754
-0.25528035855102
0.32984172260040
0.71361539132435
0.38859356080201
-0.05434177118100
0.14801541585122
0.73602163000073
0.83179366541960
0.31094235253131
-0.00354313080357
0.37157547722892
0.82434928191414
0.60517970520935
-0.00000000000008
-0.11544420294430
0.35672778899315
0.58550926306026
0.11274425026148
-0.42797543233282
-0.29946414635576
0.18897823487091
0.16789053354076
-0.43015941223969
-0.76265780480176
-0.39231338125687
0.03117922266987
-0.21118627898698
-0.78200973460146
-0.81405764746873
-0.26574320248218
0.01405383049510
-0.38681809429966
-0.79992006997659
-0.52249377641672
0.08222759571750
0.15127403068626
-0.33065832867299
-0.50955805214056
-0.00000000000005
