0.44258176769166
0.55745706611844
0.30246018351124
-0.04354283413630
-0.12626170173387
0.17245696626444
0.63002157297243
0.87708746012554
0.72026792741165
0.31094235253127
0.01232759471319
0.08124447308371
0.44330167687810
0.75839565348847
0.71915098741871
0.32090331863555
-0.13325425645091
-0.29680477503916
-0.08203655484228
0.26450336353161
0.37938244289648
0.10206441027182
-0.38301227566845
-0.70653262635952
-0.63639610306789
-0.27973605590515
0.01203664567303
-0.04802786585691
-0.43032491168265
-0.81405764746873
-0.86785609929721
-0.53988588155700
-0.10336259648912
0.08239396812279
-0.11390232665115
-0.48129251687738
-0.65229860895418
-0.42589844285564
0.05515048844955
0.42797543233282
0.42596526483716
0.11080191368054
-0.18303818726898
-0.14266881007810
0.24780254226584
0.69209352980836
0.84011547875720
0.59363148104093
0.19152223323436
0.00000000000000
0.19152223323435
0.59363148104093
0.84011547875720
0.69209352980836
0.24780254226584
-0.14266881007810
-0.18303818726898
0.11080191368054
0.42596526483717
0.42797543233282
0.05515048844955
-0.42589844285563
-0.65229860895418
-0.48129251687738
-0.11390232665115
0.08239396812279
-0.10336259648912
-0.53988588155700
-0.86785609929721
-0.81405764746873
-0.43032491168266
-0.04802786585691
0.01203664567303
-0.27973605590515
-0.63639610306789
-0.70653262635952
-0.38301227566845
0.10206441027181
0.37938244289648
0.26450336353161
-0.08203655484227
-0.29680477503916
-0.13325425645091
0.32090331863555
0.71915098741871
0.75839565348847
0.44330167687810
0.08124447308372
0.01232759471319
0.31094235253127
0.72026792741165
0.87708746012554
0.63002157297244
0.17245696626445
-0.12626170173387
-0.04354283413630
0.30246018351123
0.55745706611844
0.44258176769166
0.00000000000000
-0.44258176769165
-0.55745706611844
-0.30246018351125
0.04354283413630
0.12626170173386
-0.17245696626445
-0.63002157297243
-0.87708746012554
-0.72026792741165
-0.31094235253127
-0.01232759471319
-0.08124447308372
-0.44330167687810
-0.75839565348846
-0.71915098741871
-0.32090331863555
0.13325425645091
0.29680477503916
0.08203655484228
-0.26450336353161
-0.37938244289648
-0.10206441027182
0.38301227566844
0.70653262635952
0.63639610306789
0.27973605590515
-0.01203664567303
0.04802786585691
0.43032491168265
0.81405764746872
0.86785609929721
0.53988588155700
0.10336259648912
-0.08239396812279
0.11390232665115
0.48129251687738
0.65229860895418
0.42589844285563
-0.05515048844954
-0.42797543233282
-0.42596526483717
-0.11080191368054
0.18303818726898
0.14266881007810
-0.24780254226584
-0.69209352980836
-0.84011547875720
-0.59363148104093
-0.19152223323436
0.00000000000000
-0.19152223323435
-0.59363148104092
-0.84011547875720
-0.69209352980837
-0.24780254226585
0.14266881007809
0.18303818726898
-0.11080191368054
-0.42596526483716
-0.42797543233282
-0.05515048844956
0.42589844285563
0.65229860895418
0.48129251687739
0.11390232665116
-0.08239396812279
0.10336259648913
0.53988588155700
0.86785609929721
0.81405764746872
0.43032491168265
0.04802786585691
-0.01203664567303
0.27973605590514
0.63639610306789
0.70653262635953
0.38301227566844
-0.10206441027182
-0.37938244289647
-0.26450336353162
0.08203655484228
0.29680477503916
0.13325425645091
-0.32090331863554
-0.71915098741871
-0.75839565348847
-0.44330167687809
-0.08124447308372
-0.01232759471319
-0.31094235253127
-0.72026792741165
-0.87708746012554
-0.63002157297244
-0.17245696626446
0.12626170173386
0.04354283413631
-0.30246018351124
-0.55745706611844
-0.44258176769165
-0.00000000000001
0.44258176769165
0.55745706611844
0.30246018351124
-0.04354283413629
-0.12626170173387
0.17245696626443
0.63002157297242
0.87708746012554
0.72026792741165
0.31094235253126
0.01232759471319
0.08124447308372
0.44330167687809
0.75839565348847
0.71915098741872
0.32090331863555
-0.13325425645091
-0.29680477503916
-0.08203655484228
0.26450336353162
0.37938244289647
0.10206441027183
-0.38301227566845
-0.70653262635952
-0.63639610306790
-0.27973605590515
0.01203664567302
-0.04802786585691
-0.43032491168263
-0.81405764746873
-0.86785609929721
-0.53988588155700
-0.10336259648913
0.08239396812279
-0.11390232665114
-0.48129251687739
-0.65229860895418
-0.42589844285564
0.05515048844954
0.42797543233282
0.42596526483717
0.11080191368054
-0.18303818726898
-0.14266881007809
0.24780254226583
0.69209352980836
0.84011547875720
0.59363148104093
0.19152223323437
0.00000000000000
0.19152223323436
0.59363148104093
0.84011547875720
0.69209352980837
0.24780254226584
-0.14266881007810
-0.18303818726898
0.11080191368053
0.42596526483717
0.42797543233283
0.05515048844956
-0.42589844285563
-0.65229860895418
-0.48129251687738
-0.11390232665115
0.08239396812279
-0.10336259648913
-0.53988588155699
-0.86785609929721
-0.81405764746873
-0.43032491168266
-0.04802786585691
0.01203664567302
-0.27973605590516
-0.63639610306788
-0.70653262635952
-0.38301227566846
0.10206441027181
0.37938244289647
0.26450336353161
-0.08203655484228
-0.29680477503916
-0.13325425645091
0.32090331863553
0.71915098741871
0.75839565348846
0.44330167687810
0.08124447308372
0.01232759471318
0.31094235253128
0.72026792741164
0.87708746012554
0.63002157297244
0.17245696626445
-0.12626170173387
-0.04354283413630
0.30246018351124
0.55745706611843
0.44258176769165
-0.00000000000001
-0.44258176769165
-0.55745706611844
-0.30246018351125
0.04354283413630
0.12626170173387
-0.17245696626445
-0.63002157297244
-0.87708746012554
-0.72026792741164
-0.31094235253128
-0.01232759471319
-0.08124447308370
-0.44330167687810
-0.75839565348847
-0.71915098741871
-0.32090331863554
0.13325425645090
0.29680477503916
0.08203655484226
-0.26450336353161
-0.37938244289648
-0.10206441027184
0.38301227566845
0.70653262635952
0.63639610306790
0.27973605590516
-0.01203664567302
0.04802786585691
0.43032491168265
0.81405764746871
0.86785609929722
0.53988588155700
0.10336259648912
-0.08239396812279
0.11390232665114
0.48129251687738
0.65229860895418
0.42589844285564
-0.05515048844952
-0.42797543233282
-0.42596526483717
-0.11080191368052
0.18303818726897
0.14266881007810
-0.24780254226584
-0.69209352980836
-0.84011547875720
-0.59363148104094
-0.19152223323435
0.00000000000000
-0.19152223323434
-0.59363148104089
-0.84011547875720
-0.69209352980834
-0.24780254226587
0.14266881007810
0.18303818726899
-0.11080191368055
-0.42596526483716
-0.42797543233282
-0.05515048844956
0.42589844285563
0.65229860895418
0.48129251687740
0.11390232665115
-0.08239396812279
0.10336259648913
0.53988588155699
0.86785609929721
0.81405764746873
0.43032491168268
0.04802786585693
-0.01203664567302
0.27973605590516
0.63639610306788
0.70653262635952
0.38301227566846
-0.10206441027182
-0.37938244289647
-0.26450336353161
0.08203655484226
0.29680477503916
0.13325425645094
-0.32090331863554
-0.71915098741871
-0.75839565348847
-0.44330167687807
-0.08124447308373
-0.01232759471319
-0.31094235253126
-0.72026792741166
-0.87708746012555
-0.63002157297244
-0.17245696626445
0.12626170173387
0.04354283413630
-0.30246018351122
-0.55745706611844
-0.44258176769165
-0.00000000000001
0.44258176769165
0.55745706611844
0.30246018351124
-0.04354283413628
-0.12626170173387
0.17245696626445
0.63002157297244
0.87708746012554
0.72026792741166
0.31094235253128
0.01232759471319
0.08124447308370
0.44330167687810
0.75839565348846
0.71915098741871
0.32090331863554
-0.13325425645091
-0.29680477503916
-0.08203655484228
0.26450336353163
0.37938244289648
0.10206441027182
-0.38301227566843
-0.70653262635953
-0.63639610306792
-0.27973605590516
0.01203664567303
-0.04802786585691
-0.43032491168265
-0.81405764746871
-0.86785609929721
-0.53988588155700
-0.10336259648913
0.08239396812279
-0.11390232665115
-0.48129251687738
-0.65229860895418
-0.42589844285563
0.05515048844955
0.42797543233282
0.42596526483717
0.11080191368055
-0.18303818726898
-0.14266881007810
0.24780254226581
0.69209352980836
0.84011547875720
0.59363148104092
0.19152223323434
0.00000000000000
0.19152223323435
0.59363148104092
0.84011547875721
0.69209352980838
0.24780254226584
-0.14266881007808
-0.18303818726897
0.11080191368050
0.42596526483716
0.42797543233282
0.05515048844958
-0.42589844285563
-0.65229860895418
-0.48129251687738
-0.11390232665119
0.08239396812279
-0.10336259648911
-0.53988588155700
-0.86785609929720
-0.81405764746874
-0.43032491168265
-0.04802786585691
0.01203664567302
-0.27973605590514
-0.63639610306789
-0.70653262635953
-0.38301227566846
0.10206441027180
0.37938244289648
0.26450336353163
-0.08203655484228
-0.29680477503915
-0.13325425645092
0.32090331863554
0.71915098741871
0.75839565348847
0.44330167687812
0.08124447308371
0.01232759471318
0.31094235253126
0.72026792741164
0.87708746012554
0.63002157297242
0.17245696626447
-0.12626170173387
-0.04354283413631
0.30246018351124
0.55745706611842
0.44258176769166
0.00000000000002
-0.44258176769165
-0.55745706611843
-0.30246018351126
0.04354283413630
0.12626170173387
-0.17245696626445
-0.63002157297242
-0.87708746012554
-0.72026792741166
-0.31094235253128
-0.01232759471320
-0.08124447308372
-0.44330167687810
-0.75839565348847
-0.71915098741872
-0.32090331863556
0.13325425645090
0.29680477503915
0.08203655484228
-0.26450336353160
-0.37938244289648
-0.10206441027184
0.38301227566843
0.70653262635952
0.63639610306790
0.27973605590516
-0.01203664567302
0.04802786585691
0.43032491168266
0.81405764746873
0.86785609929723
0.53988588155699
0.10336259648915
-0.08239396812278
0.11390232665117
0.48129251687737
0.65229860895418
0.42589844285565
-0.05515048844953
-0.42797543233281
-0.42596526483714
-0.11080191368054
0.18303818726898
0.14266881007809
-0.24780254226584
-0.69209352980836
-0.84011547875721
-0.59363148104091
-0.19152223323438
0.00000000000000
-0.19152223323433
-0.59363148104095
-0.84011547875720
-0.69209352980838
-0.24780254226581
0.14266881007809
0.18303818726899
-0.11080191368048
-0.42596526483716
-0.42797543233282
-0.05515048844955
0.42589844285563
0.65229860895418
0.48129251687742
0.11390232665114
-0.08239396812279
0.10336259648910
0.53988588155697
0.86785609929722
0.81405764746874
0.43032491168267
0.04802786585689
-0.01203664567303
0.27973605590514
0.63639610306785
0.70653262635953
0.38301227566845
-0.10206441027178
-0.37938244289647
-0.26450336353160
0.08203655484229
0.29680477503915
0.13325425645090
-0.32090331863552
-0.71915098741870
-0.75839565348847
-0.44330167687812
-0.08124447308373
-0.01232759471318
-0.31094235253131
-0.72026792741164
-0.87708746012554
-0.63002157297244
-0.17245696626444
0.12626170173386
0.04354283413632
-0.30246018351125
-0.55745706611844
-0.44258176769167
0.00000000000002
0.44258176769167
0.55745706611845
0.30246018351126
-0.04354283413628
-0.12626170173387
0.17245696626443
0.63002157297242
0.87708746012554
0.72026792741165
0.31094235253128
0.01232759471319
0.08124447308372
0.44330167687806
0.75839565348847
0.71915098741873
0.32090331863558
-0.13325425645089
-0.29680477503915
-0.08203655484225
0.26450336353160
0.37938244289647
0.10206441027184
-0.38301227566844
-0.70653262635950
-0.63639610306789
-0.27973605590515
0.01203664567302
-0.04802786585691
-0.43032491168266
-0.81405764746873
-0.86785609929723
-0.53988588155699
-0.10336259648915
0.08239396812279
-0.11390232665113
-0.48129251687737
-0.65229860895419
-0.42589844285561
0.05515048844953
0.42797543233281
0.42596526483716
0.11080191368054
-0.18303818726898
-0.14266881007812
0.24780254226585
0.69209352980836
0.84011547875720
0.59363148104096
0.19152223323434
0.00000000000000
0.19152223323433
0.59363148104090
0.84011547875721
0.69209352980838
0.24780254226586
-0.14266881007809
-0.18303818726898
0.11080191368053
0.42596526483717
0.42797543233284
0.05515048844954
-0.42589844285560
-0.65229860895417
-0.48129251687738
-0.11390232665118
0.08239396812279
-0.10336259648910
-0.53988588155703
-0.86785609929720
-0.81405764746874
-0.43032491168267
-0.04802786585692
0.01203664567303
-0.27973605590514
-0.63639610306789
-0.70653262635952
-0.38301227566845
0.10206441027178
0.37938244289648
0.26450336353160
-0.08203655484225
-0.29680477503916
-0.13325425645093
0.32090331863557
0.71915098741870
0.75839565348847
0.44330167687807
0.08124447308372
0.01232759471317
0.31094235253126
0.72026792741165
0.87708746012554
0.63002157297248
0.17245696626444
-0.12626170173386
-0.04354283413632
0.30246018351130
0.55745706611845
0.44258176769168
0.00000000000003
-0.44258176769167
-0.55745706611845
-0.30246018351126
0.04354283413625
0.12626170173386
-0.17245696626443
-0.63002157297238
-0.87708746012555
-0.72026792741165
-0.31094235253132
-0.01232759471319
-0.08124447308372
-0.44330167687811
-0.75839565348845
-0.71915098741870
-0.32090331863553
0.13325425645089
0.29680477503916
0.08203655484226
-0.26450336353160
-0.37938244289648
-0.10206441027184
0.38301227566844
0.70653262635952
0.63639610306789
0.27973605590510
-0.01203664567303
0.04802786585689
0.43032491168261
0.81405764746873
0.86785609929723
0.53988588155699
0.10336259648915
-0.08239396812279
0.11390232665113
0.48129251687737
0.65229860895418
0.42589844285565
-0.05515048844953
-0.42797543233281
-0.42596526483717
-0.11080191368058
0.18303818726898
0.14266881007812
-0.24780254226585
-0.69209352980837
-0.84011547875721
-0.59363148104091
-0.19152223323438
0.00000000000000
-0.19152223323433
-0.59363148104090
-0.84011547875721
-0.69209352980838
-0.24780254226591
0.14266881007809
0.18303818726898
-0.11080191368048
-0.42596526483717
-0.42797543233282
-0.05515048844955
0.42589844285560
0.65229860895419
0.48129251687737
0.11390232665117
-0.08239396812278
0.10336259648914
0.53988588155698
0.86785609929721
0.81405764746874
0.43032491168267
0.04802786585692
-0.01203664567305
0.27973605590520
0.63639610306789
0.70653262635954
0.38301227566850
-0.10206441027183
-0.37938244289647
-0.26450336353164
0.08203655484229
0.29680477503917
0.13325425645093
-0.32090331863547
-0.71915098741873
-0.75839565348847
-0.44330167687816
-0.08124447308372
-0.01232759471318
-0.31094235253127
-0.72026792741165
-0.87708746012554
-0.63002157297243
-0.17245696626449
0.12626170173385
0.04354283413629
-0.30246018351121
-0.55745706611845
-0.44258176769169
-0.00000000000003
0.44258176769164
0.55745706611845
0.30246018351121
-0.04354283413629
-0.12626170173387
0.17245696626443
0.63002157297243
0.87708746012554
0.72026792741165
0.31094235253132
0.01232759471319
0.08124447308372
0.44330167687806
0.75839565348847
0.71915098741873
0.32090331863558
-0.13325425645090
-0.29680477503916
-0.08203655484224
0.26450336353161
0.37938244289649
0.10206441027183
-0.38301227566844
-0.70653262635951
-0.63639610306790
-0.27973605590515
0.01203664567303
-0.04802786585689
-0.43032491168262
-0.81405764746874
-0.86785609929722
-0.53988588155698
-0.10336259648911
0.08239396812279
-0.11390232665114
-0.48129251687737
-0.65229860895418
-0.42589844285565
0.05515048844948
0.42797543233283
0.42596526483716
0.11080191368058
-0.18303818726898
-0.14266881007809
0.24780254226580
0.69209352980833
0.84011547875720
0.59363148104091
0.19152223323437
0.00000000000000
0.19152223323438
0.59363148104091
0.84011547875719
0.69209352980834
0.24780254226585
-0.14266881007809
-0.18303818726901
0.11080191368053
0.42596526483717
0.42797543233284
0.05515048844960
-0.42589844285565
-0.65229860895419
-0.48129251687736
-0.11390232665114
0.08239396812279
-0.10336259648911
-0.53988588155698
-0.86785609929722
-0.81405764746873
-0.43032491168267
-0.04802786585692
0.01203664567303
-0.27973605590509
-0.63639610306790
-0.70653262635952
-0.38301227566844
0.10206441027183
0.37938244289647
0.26450336353160
-0.08203655484226
-0.29680477503915
-0.13325425645093
0.32090331863553
0.71915098741873
0.75839565348847
0.44330167687811
0.08124447308372
0.01232759471319
0.31094235253122
0.72026792741165
0.87708746012554
0.63002157297243
0.17245696626449
-0.12626170173386
-0.04354283413628
0.30246018351121
0.55745706611846
0.44258176769164
0.00000000000002
-0.44258176769161
-0.55745706611845
-0.30246018351125
0.04354283413629
0.12626170173389
-0.17245696626449
-0.63002157297243
-0.87708746012554
-0.72026792741165
-0.31094235253127
-0.01232759471320
-0.08124447308369
-0.44330167687811
-0.75839565348848
-0.71915098741873
-0.32090331863563
0.13325425645093
0.29680477503916
0.08203655484234
-0.26450336353165
-0.37938244289647
-0.10206441027188
0.38301227566840
0.70653262635952
0.63639610306789
0.27973605590519
-0.01203664567301
0.04802786585692
0.43032491168262
0.81405764746868
0.86785609929721
0.53988588155703
0.10336259648914
-0.08239396812279
0.11390232665113
0.48129251687737
0.65229860895419
0.42589844285569
-0.05515048844954
-0.42797543233281
-0.42596526483716
-0.11080191368054
0.18303818726896
0.14266881007810
-0.24780254226581
-0.69209352980837
-0.84011547875721
-0.59363148104095
-0.19152223323437
0.00000000000000
-0.19152223323434
-0.59363148104091
-0.84011547875720
-0.69209352980837
-0.24780254226585
0.14266881007807
0.18303818726898
-0.11080191368054
-0.42596526483714
-0.42797543233283
-0.05515048844959
0.42589844285565
0.65229860895418
0.48129251687742
0.11390232665113
-0.08239396812279
0.10336259648906
0.53988588155699
0.86785609929721
0.81405764746873
0.43032491168266
0.04802786585691
-0.01203664567303
0.27973605590510
0.63639610306789
0.70653262635952
0.38301227566848
-0.10206441027178
-0.37938244289648
-0.26450336353163
0.08203655484225
0.29680477503915
0.13325425645089
-0.32090331863553
-0.71915098741868
-0.75839565348845
-0.44330167687811
-0.08124447308375
-0.01232759471317
-0.31094235253127
-0.72026792741165
-0.87708746012554
-0.63002157297242
-0.17245696626443
0.12626170173385
0.04354283413636
-0.30246018351126
-0.55745706611842
-0.44258176769168
-0.00000000000003
