0.53029661718307
0.43272273894483
-0.02178216525180
-0.06044121436060
0.47134844515287
0.88231403809940
0.62849450295023
0.09529830357880
0.04080332313424
0.50311529493745
0.74736829156022
0.32869960256996
-0.26178791443412
-0.29978014855144
0.13390021561469
0.27637321411980
-0.21058877904013
-0.74643530098935
-0.66314208629561
-0.16347206880121
-0.02460653804198
-0.47470734937970
-0.86255888890184
-0.59673671982168
-0.00000000000000
0.15321594827919
-0.25059652273883
-0.50551198289666
-0.11008332311705
0.50311529493745
0.58463839265673
0.14239014895980
-0.07581662564783
0.33407782708614
0.84541268915258
0.75715822546063
0.20306352146696
-0.04152441648815
0.32341513974855
0.69247879586443
0.43165407081911
-0.20251920382333
-0.42712442314295
-0.05551049412025
0.24016402838502
-0.09524011418262
-0.69311973690277
-0.78711974008562
-0.31361654515478
0.00000000000000
-0.31361654515478
-0.78711974008561
-0.69311973690277
-0.09524011418263
0.24016402838502
-0.05551049412025
-0.42712442314295
-0.20251920382333
0.43165407081911
0.69247879586443
0.32341513974855
-0.04152441648815
0.20306352146696
0.75715822546063
0.84541268915258
0.33407782708614
-0.07581662564783
0.14239014895980
0.58463839265673
0.50311529493745
-0.11008332311705
-0.50551198289666
-0.25059652273883
0.15321594827919
0.00000000000000
-0.59673671982167
-0.86255888890184
-0.47470734937971
-0.02460653804198
-0.16347206880120
-0.66314208629561
-0.74643530098935
-0.21058877904012
0.27637321411980
0.13390021561469
-0.29978014855144
-0.26178791443412
0.32869960256995
0.74736829156022
0.50311529493745
0.04080332313424
0.09529830357880
0.62849450295022
0.88231403809940
0.47134844515287
-0.06044121436060
-0.02178216525181
0.43272273894483
0.53029661718307
0.00000000000001
-0.53029661718307
-0.43272273894484
0.02178216525179
0.06044121436061
-0.47134844515286
-0.88231403809940
-0.62849450295023
-0.09529830357881
-0.04080332313424
-0.50311529493746
-0.74736829156022
-0.32869960256996
0.26178791443412
0.29978014855145
-0.13390021561470
-0.27637321411980
0.21058877904013
0.74643530098935
0.66314208629562
0.16347206880121
0.02460653804199
0.47470734937971
0.86255888890184
0.59673671982168
0.00000000000000
-0.15321594827919
0.25059652273883
0.50551198289666
0.11008332311705
-0.50311529493745
-0.58463839265673
-0.14239014895981
0.07581662564783
-0.33407782708612
-0.84541268915258
-0.75715822546064
-0.20306352146697
0.04152441648815
-0.32341513974855
-0.69247879586443
-0.43165407081912
0.20251920382334
0.42712442314295
0.05551049412025
-0.24016402838502
0.09524011418262
0.69311973690277
0.78711974008561
0.31361654515478
0.00000000000000
0.31361654515478
0.78711974008561
0.69311973690277
0.09524011418263
-0.24016402838502
0.05551049412024
0.42712442314295
0.20251920382333
-0.43165407081911
-0.69247879586443
-0.32341513974856
0.04152441648814
-0.20306352146695
-0.75715822546063
-0.84541268915258
-0.33407782708613
0.07581662564783
-0.14239014895981
-0.58463839265674
-0.50311529493745
0.11008332311704
0.50551198289666
0.25059652273883
-0.15321594827918
-0.00000000000001
0.59673671982166
0.86255888890184
0.47470734937970
0.02460653804198
0.16347206880120
0.66314208629561
0.74643530098935
0.21058877904014
-0.27637321411980
-0.13390021561470
0.29978014855144
0.26178791443412
-0.32869960256996
-0.74736829156022
-0.50311529493745
-0.04080332313424
-0.09529830357880
-0.62849450295022
-0.88231403809940
-0.47134844515287
0.06044121436060
0.02178216525181
-0.43272273894483
-0.53029661718307
-0.00000000000001
0.53029661718307
0.43272273894483
-0.02178216525181
-0.06044121436062
0.47134844515284
0.88231403809939
0.62849450295026
0.09529830357881
0.04080332313423
0.50311529493744
0.74736829156022
0.32869960256998
-0.26178791443412
-0.29978014855144
0.13390021561469
0.27637321411981
-0.21058877904012
-0.74643530098935
-0.66314208629560
-0.16347206880120
-0.02460653804199
-0.47470734937971
-0.86255888890184
-0.59673671982168
-0.00000000000000
0.15321594827919
-0.25059652273882
-0.50551198289666
-0.11008332311706
0.50311529493746
0.58463839265672
0.14239014895980
-0.07581662564783
0.33407782708614
0.84541268915258
0.75715822546063
0.20306352146696
-0.04152441648815
0.32341513974854
0.69247879586443
0.43165407081910
-0.20251920382334
-0.42712442314294
-0.05551049412024
0.24016402838502
-0.09524011418263
-0.69311973690276
-0.78711974008562
-0.31361654515479
0.00000000000000
-0.31361654515479
-0.78711974008562
-0.69311973690276
-0.09524011418262
0.24016402838501
-0.05551049412025
-0.42712442314295
-0.20251920382334
0.43165407081910
0.69247879586443
0.32341513974859
-0.04152441648815
0.20306352146694
0.75715822546062
0.84541268915259
0.33407782708616
-0.07581662564783
0.14239014895978
0.58463839265671
0.50311529493746
-0.11008332311704
-0.50551198289666
-0.25059652273884
0.15321594827918
0.00000000000001
-0.59673671982168
-0.86255888890184
-0.47470734937971
-0.02460653804199
-0.16347206880120
-0.66314208629561
-0.74643530098936
-0.21058877904012
0.27637321411981
0.13390021561469
-0.29978014855144
-0.26178791443412
0.32869960256995
0.74736829156022
0.50311529493746
0.04080332313424
0.09529830357880
0.62849450295022
0.88231403809940
0.47134844515287
-0.06044121436060
-0.02178216525180
0.43272273894483
0.53029661718307
0.00000000000001
-0.53029661718306
-0.43272273894484
0.02178216525179
0.06044121436061
-0.47134844515287
-0.88231403809940
-0.62849450295023
-0.09529830357881
-0.04080332313424
-0.50311529493745
-0.74736829156022
-0.32869960256997
0.26178791443412
0.29978014855145
-0.13390021561470
-0.27637321411981
0.21058877904013
0.74643530098934
0.66314208629562
0.16347206880121
0.02460653804198
0.47470734937969
0.86255888890184
0.59673671982169
0.00000000000002
-0.15321594827920
0.25059652273883
0.50551198289666
0.11008332311705
-0.50311529493745
-0.58463839265674
-0.14239014895979
0.07581662564783
-0.33407782708615
-0.84541268915258
-0.75715822546063
-0.20306352146698
0.04152441648814
-0.32341513974852
-0.69247879586443
-0.43165407081914
0.20251920382333
0.42712442314295
0.05551049412026
-0.24016402838502
0.09524011418260
0.69311973690277
0.78711974008563
0.31361654515479
0.00000000000000
0.31361654515478
0.78711974008560
0.69311973690278
0.09524011418262
-0.24016402838502
0.05551049412025
0.42712442314294
0.20251920382333
-0.43165407081908
-0.69247879586443
-0.32341513974858
0.04152441648814
-0.20306352146697
-0.75715822546062
-0.84541268915257
-0.33407782708616
0.07581662564784
-0.14239014895978
-0.58463839265672
-0.50311529493748
0.11008332311704
0.50551198289665
0.25059652273883
-0.15321594827919
-0.00000000000001
0.59673671982169
0.86255888890184
0.47470734937971
0.02460653804199
0.16347206880120
0.66314208629559
0.74643530098935
0.21058877904017
-0.27637321411980
-0.13390021561468
0.29978014855143
0.26178791443412
-0.32869960256993
-0.74736829156022
-0.50311529493745
-0.04080332313424
-0.09529830357880
-0.62849450295022
-0.88231403809940
-0.47134844515286
0.06044121436061
0.02178216525180
-0.43272273894481
-0.53029661718308
-0.00000000000002
0.53029661718306
0.43272273894482
-0.02178216525178
-0.06044121436060
0.47134844515283
0.88231403809940
0.62849450295023
0.09529830357884
0.04080332313424
0.50311529493740
0.74736829156022
0.32869960257002
-0.26178791443412
-0.29978014855148
0.13390021561468
0.27637321411981
-0.21058877904010
-0.74643530098934
-0.66314208629563
-0.16347206880123
-0.02460653804197
-0.47470734937967
-0.86255888890183
-0.59673671982171
-0.00000000000003
0.15321594827918
-0.25059652273883
-0.50551198289666
-0.11008332311704
0.50311529493745
0.58463839265673
0.14239014895981
-0.07581662564783
0.33407782708612
0.84541268915257
0.75715822546064
0.20306352146697
-0.04152441648814
0.32341513974853
0.69247879586444
0.43165407081914
-0.20251920382335
-0.42712442314295
-0.05551049412024
0.24016402838501
-0.09524011418264
-0.69311973690274
-0.78711974008561
-0.31361654515478
0.00000000000000
-0.31361654515478
-0.78711974008562
-0.69311973690277
-0.09524011418264
0.24016402838502
-0.05551049412023
-0.42712442314294
-0.20251920382335
0.43165407081909
0.69247879586442
0.32341513974857
-0.04152441648815
0.20306352146693
0.75715822546064
0.84541268915259
0.33407782708613
-0.07581662564783
0.14239014895981
0.58463839265670
0.50311529493746
-0.11008332311705
-0.50551198289666
-0.25059652273883
0.15321594827919
0.00000000000001
-0.59673671982167
-0.86255888890184
-0.47470734937972
-0.02460653804199
-0.16347206880119
-0.66314208629560
-0.74643530098934
-0.21058877904011
0.27637321411981
0.13390021561468
-0.29978014855146
-0.26178791443412
0.32869960256996
0.74736829156022
0.50311529493745
0.04080332313424
0.09529830357880
0.62849450295023
0.88231403809940
0.47134844515283
-0.06044121436060
-0.02178216525178
0.43272273894482
0.53029661718306
0.00000000000003
-0.53029661718307
-0.43272273894481
0.02178216525182
0.06044121436060
-0.47134844515288
-0.88231403809940
-0.62849450295022
-0.09529830357880
-0.04080332313424
-0.50311529493746
-0.74736829156023
-0.32869960256996
0.26178791443414
0.29978014855145
-0.13390021561473
-0.27637321411981
0.21058877904016
0.74643530098934
0.66314208629559
0.16347206880122
0.02460653804199
0.47470734937963
0.86255888890184
0.59673671982166
0.00000000000002
-0.15321594827921
0.25059652273879
0.50551198289666
0.11008332311710
-0.50311529493742
-0.58463839265675
-0.14239014895986
0.07581662564784
-0.33407782708608
-0.84541268915257
-0.75715822546068
-0.20306352146697
0.04152441648816
-0.32341513974854
-0.69247879586443
-0.43165407081912
0.20251920382331
0.42712442314296
0.05551049412028
-0.24016402838501
0.09524011418259
0.69311973690274
0.78711974008563
0.31361654515482
0.00000000000000
0.31361654515474
0.78711974008562
0.69311973690281
0.09524011418263
-0.24016402838502
0.05551049412024
0.42712442314295
0.20251920382335
-0.43165407081910
-0.69247879586444
-0.32341513974857
0.04152441648814
-0.20306352146693
-0.75715822546061
-0.84541268915259
-0.33407782708612
0.07581662564783
-0.14239014895982
-0.58463839265670
-0.50311529493745
0.11008332311700
0.50551198289666
0.25059652273887
-0.15321594827919
-0.00000000000005
0.59673671982167
0.86255888890184
0.47470734937972
0.02460653804199
0.16347206880119
0.66314208629560
0.74643530098936
0.21058877904015
-0.27637321411980
-0.13390021561472
0.29978014855143
0.26178791443415
-0.32869960256997
-0.74736829156022
-0.50311529493745
-0.04080332313426
-0.09529830357881
-0.62849450295018
-0.88231403809940
-0.47134844515293
0.06044121436060
0.02178216525180
-0.43272273894482
-0.53029661718307
-0.00000000000002
0.53029661718306
0.43272273894485
-0.02178216525179
-0.06044121436062
0.47134844515284
0.88231403809939
0.62849450295026
0.09529830357883
0.04080332313424
0.50311529493746
0.74736829156022
0.32869960256995
-0.26178791443412
-0.29978014855144
0.13390021561470
0.27637321411980
-0.21058877904012
-0.74643530098935
-0.66314208629558
-0.16347206880122
-0.02460653804200
-0.47470734937969
-0.86255888890185
-0.59673671982170
0.00000000000002
0.15321594827921
-0.25059652273884
-0.50551198289667
-0.11008332311704
0.50311529493746
0.58463839265672
0.14239014895980
-0.07581662564784
0.33407782708614
0.84541268915258
0.75715822546064
0.20306352146697
-0.04152441648815
0.32341513974854
0.69247879586443
0.43165407081909
-0.20251920382331
-0.42712442314294
-0.05551049412028
0.24016402838503
-0.09524011418259
-0.69311973690278
-0.78711974008563
-0.31361654515477
0.00000000000000
-0.31361654515479
-0.78711974008559
-0.69311973690273
-0.09524011418263
0.24016402838501
-0.05551049412026
-0.42712442314297
-0.20251920382334
0.43165407081909
0.69247879586443
0.32341513974852
-0.04152441648814
0.20306352146694
0.75715822546065
0.84541268915257
0.33407782708611
-0.07581662564783
0.14239014895982
0.58463839265674
0.50311529493745
-0.11008332311696
-0.50551198289665
-0.25059652273881
0.15321594827918
-0.00000000000004
-0.59673671982172
-0.86255888890185
-0.47470734937976
-0.02460653804199
-0.16347206880119
-0.66314208629557
-0.74643530098938
-0.21058877904014
0.27637321411980
0.13390021561476
-0.29978014855143
-0.26178791443414
0.32869960256992
0.74736829156022
0.50311529493744
0.04080332313426
0.09529830357878
0.62849450295014
0.88231403809940
0.47134844515292
-0.06044121436058
-0.02178216525181
0.43272273894482
0.53029661718309
0.00000000000007
-0.53029661718307
-0.43272273894485
0.02178216525176
0.06044121436064
-0.47134844515285
-0.88231403809940
-0.62849450295030
-0.09529830357879
-0.04080332313422
-0.50311529493742
-0.74736829156023
-0.32869960256995
0.26178791443410
0.29978014855147
-0.13390021561468
-0.27637321411980
0.21058877904007
0.74643530098932
0.66314208629562
0.16347206880122
0.02460653804198
0.47470734937964
0.86255888890183
0.59673671982170
0.00000000000002
-0.15321594827917
0.25059652273880
0.50551198289666
0.11008332311709
-0.50311529493746
-0.58463839265675
-0.14239014895984
0.07581662564784
-0.33407782708615
-0.84541268915258
-0.75715822546067
-0.20306352146696
0.04152441648815
-0.32341513974855
-0.69247879586442
-0.43165407081912
0.20251920382332
0.42712442314295
0.05551049412030
-0.24016402838502
0.09524011418260
0.69311973690275
0.78711974008561
0.31361654515476
0.00000000000000
0.31361654515475
0.78711974008562
0.69311973690276
0.09524011418267
-0.24016402838502
0.05551049412024
0.42712442314296
0.20251920382339
-0.43165407081915
-0.69247879586443
-0.32341513974855
0.04152441648814
-0.20306352146699
-0.75715822546062
-0.84541268915259
-0.33407782708621
0.07581662564784
-0.14239014895978
-0.58463839265671
-0.50311529493744
0.11008332311706
0.50551198289666
0.25059652273886
-0.15321594827919
-0.00000000000000
0.59673671982163
0.86255888890185
0.47470734937971
0.02460653804199
0.16347206880121
0.66314208629565
0.74643530098936
0.21058877904014
-0.27637321411980
-0.13390021561467
0.29978014855143
0.26178791443413
-0.32869960256992
-0.74736829156022
-0.50311529493743
-0.04080332313426
-0.09529830357882
-0.62849450295024
-0.88231403809940
-0.47134844515297
0.06044121436059
0.02178216525179
-0.43272273894480
-0.53029661718311
-0.00000000000005
0.53029661718307
0.43272273894488
-0.02178216525179
-0.06044121436059
0.47134844515285
0.88231403809939
0.62849450295025
0.09529830357879
0.04080332313422
0.50311529493739
0.74736829156023
0.32869960256995
-0.26178791443409
-0.29978014855144
0.13390021561476
0.27637321411983
-0.21058877904007
-0.74643530098936
-0.66314208629557
-0.16347206880129
-0.02460653804196
-0.47470734937970
-0.86255888890185
-0.59673671982179
0.00000000000003
0.15321594827920
-0.25059652273886
-0.50551198289667
-0.11008332311703
0.50311529493743
0.58463839265671
0.14239014895984
-0.07581662564784
0.33407782708609
0.84541268915258
0.75715822546066
0.20306352146695
-0.04152441648816
0.32341513974855
0.69247879586441
0.43165407081911
-0.20251920382328
-0.42712442314292
-0.05551049412031
0.24016402838501
-0.09524011418255
-0.69311973690282
-0.78711974008565
-0.31361654515481
0.00000000000000
-0.31361654515485
-0.78711974008563
-0.69311973690279
-0.09524011418261
0.24016402838501
-0.05551049412026
-0.42712442314294
-0.20251920382332
0.43165407081916
0.69247879586443
0.32341513974860
-0.04152441648814
0.20306352146699
0.75715822546062
0.84541268915256
0.33407782708615
-0.07581662564783
0.14239014895980
0.58463839265675
0.50311529493746
-0.11008332311707
-0.50551198289666
-0.25059652273881
0.15321594827917
-0.00000000000001
-0.59673671982174
-0.86255888890183
-0.47470734937975
-0.02460653804198
-0.16347206880125
-0.66314208629561
-0.74643530098938
-0.21058877904015
0.27637321411981
0.13390021561470
-0.29978014855142
-0.26178791443407
0.32869960256999
0.74736829156022
0.50311529493753
0.04080332313420
0.09529830357882
0.62849450295020
0.88231403809941
0.47134844515281
-0.06044121436060
-0.02178216525191
0.43272273894483
0.53029661718305
0.00000000000001
-0.53029661718304
-0.43272273894483
0.02178216525176
0.06044121436062
-0.47134844515280
-0.88231403809940
-0.62849450295029
-0.09529830357882
-0.04080332313420
-0.50311529493743
-0.74736829156023
-0.32869960256999
0.26178791443408
0.29978014855146
-0.13390021561462
-0.27637321411982
0.21058877904004
0.74643530098932
0.66314208629569
0.16347206880116
0.02460653804198
0.47470734937965
0.86255888890182
0.59673671982164
0.00000000000000
-0.15321594827922
0.25059652273872
0.50551198289666
0.11008332311707
-0.50311529493741
-0.58463839265674
-0.14239014895978
0.07581662564784
-0.33407782708605
-0.84541268915256
-0.75715822546062
-0.20306352146700
0.04152441648816
-0.32341513974850
-0.69247879586444
-0.43165407081917
0.20251920382334
0.42712442314298
0.05551049412025
-0.24016402838501
0.09524011418262
0.69311973690272
0.78711974008562
0.31361654515485
0.00000000000000
0.31361654515471
0.78711974008560
0.69311973690276
0.09524011418266
-0.24016402838502
0.05551049412022
0.42712442314295
0.20251920382338
-0.43165407081903
-0.69247879586444
-0.32341513974855
0.04152441648814
-0.20306352146686
-0.75715822546067
-0.84541268915258
-0.33407782708610
0.07581662564781
-0.14239014895984
-0.58463839265672
-0.50311529493744
0.11008332311702
0.50551198289665
0.25059652273885
-0.15321594827921
-0.00000000000002
0.59673671982169
0.86255888890185
0.47470734937970
0.02460653804200
0.16347206880121
0.66314208629558
0.74643530098935
0.21058877904018
-0.27637321411981
-0.13390021561473
0.29978014855144
0.26178791443416
-0.32869960256994
-0.74736829156021
-0.50311529493737
-0.04080332313428
-0.09529830357879
-0.62849450295025
-0.88231403809939
-0.47134844515295
0.06044121436059
0.02178216525180
-0.43272273894489
-0.53029661718310
-0.00000000000005
