0.48549837078022
0.58593868722402
0.28994301572900
-0.03321660722680
-0.00000000000000
0.40760668871969
0.82196421058813
0.84920143643762
0.45533832255112
0.00000000000000
-0.11539924216215
0.16038919824184
0.48111575328671
0.44665515243790
0.00000000000000
-0.51238700795721
-0.67633386606286
-0.41235747390321
-0.04978393081807
0.00000000000000
-0.34983842544294
-0.77448749793115
-0.85552850458403
-0.49185801570009
0.00000000000000
0.19474036476734
-0.02688606639273
-0.36444615277185
-0.39681380187910
-0.00000000000000
0.52665897648331
0.75007546049582
0.52461832253393
0.13155862326280
-0.00000000000000
0.28345597908462
0.70794033269846
0.84078962161125
0.51626653211936
0.00000000000000
-0.26928633328573
-0.10727908964070
0.23880267844830
0.33720157856854
0.00000000000000
-0.52796285312746
-0.80534770773364
-0.62396132695548
-0.21009390578477
0.00000000000000
-0.21009390578477
-0.62396132695548
-0.80534770773364
-0.52796285312746
0.00000000000000
0.33720157856854
0.23880267844830
-0.10727908964071
-0.26928633328574
-0.00000000000000
0.51626653211936
0.84078962161125
0.70794033269847
0.28345597908462
0.00000000000000
0.13155862326280
0.52461832253393
0.75007546049582
0.52665897648331
0.00000000000000
-0.39681380187911
-0.36444615277185
-0.02688606639273
0.19474036476733
0.00000000000000
-0.49185801570009
-0.85552850458403
-0.77448749793115
-0.34983842544294
-0.00000000000000
-0.04978393081807
-0.41235747390321
-0.67633386606286
-0.51238700795721
0.00000000000000
0.44665515243790
0.48111575328671
0.16038919824184
-0.11539924216215
-0.00000000000000
0.45533832255112
0.84920143643762
0.82196421058814
0.40760668871969
-0.00000000000000
-0.03321660722680
0.28994301572900
0.58593868722402
0.48549837078022
-0.00000000000000
-0.48549837078022
-0.58593868722402
-0.28994301572900
0.03321660722680
0.00000000000000
-0.40760668871969
-0.82196421058813
-0.84920143643762
-0.45533832255113
0.00000000000000
0.11539924216215
-0.16038919824183
-0.48111575328671
-0.44665515243791
-0.00000000000000
0.51238700795721
0.67633386606286
0.41235747390321
0.04978393081807
-0.00000000000000
0.34983842544295
0.77448749793115
0.85552850458403
0.49185801570009
0.00000000000001
-0.19474036476734
0.02688606639272
0.36444615277184
0.39681380187911
0.00000000000001
-0.52665897648331
-0.75007546049582
-0.52461832253393
-0.13155862326281
0.00000000000000
-0.28345597908462
-0.70794033269847
-0.84078962161125
-0.51626653211935
-0.00000000000000
0.26928633328573
0.10727908964070
-0.23880267844831
-0.33720157856854
0.00000000000000
0.52796285312746
0.80534770773364
0.62396132695549
0.21009390578477
0.00000000000000
0.21009390578476
0.62396132695547
0.80534770773364
0.52796285312746
0.00000000000000
-0.33720157856854
-0.23880267844830
0.10727908964071
0.26928633328574
0.00000000000000
-0.51626653211936
-0.84078962161125
-0.70794033269847
-0.28345597908463
-0.00000000000000
-0.13155862326281
-0.52461832253394
-0.75007546049582
-0.52665897648331
0.00000000000001
0.39681380187910
0.36444615277185
0.02688606639273
-0.19474036476734
-0.00000000000001
0.49185801570008
0.85552850458402
0.77448749793115
0.34983842544295
0.00000000000000
0.04978393081806
0.41235747390321
0.67633386606286
0.51238700795722
0.00000000000002
-0.44665515243790
-0.48111575328671
-0.16038919824183
0.11539924216215
-0.00000000000000
-0.45533832255112
-0.84920143643762
-0.82196421058814
-0.40760668871970
-0.00000000000001
0.03321660722680
-0.28994301572899
-0.58593868722402
-0.48549837078021
0.00000000000000
0.48549837078022
0.58593868722402
0.28994301572900
-0.03321660722680
-0.00000000000000
0.40760668871968
0.82196421058813
0.84920143643762
0.45533832255112
0.00000000000000
-0.11539924216215
0.16038919824183
0.48111575328671
0.44665515243791
0.00000000000001
-0.51238700795720
-0.67633386606286
-0.41235747390323
-0.04978393081806
-0.00000000000000
-0.34983842544295
-0.77448749793115
-0.85552850458403
-0.49185801570010
-0.00000000000000
0.19474036476733
-0.02688606639272
-0.36444615277184
-0.39681380187911
-0.00000000000000
0.52665897648331
0.75007546049582
0.52461832253394
0.13155862326280
-0.00000000000000
0.28345597908461
0.70794033269845
0.84078962161126
0.51626653211937
0.00000000000001
-0.26928633328573
-0.10727908964070
0.23880267844831
0.33720157856854
0.00000000000000
-0.52796285312746
-0.80534770773364
-0.62396132695548
-0.21009390578478
0.00000000000000
-0.21009390578477
-0.62396132695547
-0.80534770773364
-0.52796285312748
-0.00000000000001
0.33720157856854
0.23880267844832
-0.10727908964068
-0.26928633328573
-0.00000000000002
0.51626653211933
0.84078962161125
0.70794033269846
0.28345597908462
0.00000000000000
0.13155862326281
0.52461832253393
0.75007546049582
0.52665897648333
0.00000000000001
-0.39681380187910
-0.36444615277184
-0.02688606639273
0.19474036476734
-0.00000000000001
-0.49185801570009
-0.85552850458402
-0.77448749793114
-0.34983842544294
-0.00000000000000
-0.04978393081806
-0.41235747390321
-0.67633386606287
-0.51238700795720
0.00000000000000
0.44665515243791
0.48111575328671
0.16038919824183
-0.11539924216215
0.00000000000001
0.45533832255112
0.84920143643762
0.82196421058814
0.40760668871969
0.00000000000000
-0.03321660722681
0.28994301572898
0.58593868722402
0.48549837078022
0.00000000000002
-0.48549837078022
-0.58593868722402
-0.28994301572901
0.03321660722679
-0.00000000000001
-0.40760668871970
-0.82196421058813
-0.84920143643762
-0.45533832255111
-0.00000000000000
0.11539924216215
-0.16038919824182
-0.48111575328671
-0.44665515243791
0.00000000000001
0.51238700795721
0.67633386606286
0.41235747390320
0.04978393081807
-0.00000000000000
0.34983842544295
0.77448749793115
0.85552850458403
0.49185801570010
0.00000000000000
-0.19474036476733
0.02688606639272
0.36444615277184
0.39681380187911
0.00000000000001
-0.52665897648330
-0.75007546049582
-0.52461832253394
-0.13155862326280
0.00000000000000
-0.28345597908463
-0.70794033269845
-0.84078962161125
-0.51626653211939
0.00000000000001
0.26928633328573
0.10727908964071
-0.23880267844831
-0.33720157856854
0.00000000000001
0.52796285312744
0.80534770773364
0.62396132695549
0.21009390578476
0.00000000000000
0.21009390578476
0.62396132695547
0.80534770773364
0.52796285312747
0.00000000000002
-0.33720157856854
-0.23880267844830
0.10727908964069
0.26928633328574
0.00000000000000
-0.51626653211934
-0.84078962161125
-0.70794033269844
-0.28345597908463
0.00000000000000
-0.13155862326278
-0.52461832253395
-0.75007546049582
-0.52665897648331
-0.00000000000004
0.39681380187911
0.36444615277186
0.02688606639273
-0.19474036476734
0.00000000000000
0.49185801570011
0.85552850458402
0.77448749793115
0.34983842544295
-0.00000000000000
0.04978393081806
0.41235747390321
0.67633386606286
0.51238700795721
0.00000000000001
-0.44665515243790
-0.48111575328671
-0.16038919824184
0.11539924216214
0.00000000000002
-0.45533832255112
-0.84920143643761
-0.82196421058814
-0.40760668871972
-0.00000000000001
0.03321660722680
-0.28994301572897
-0.58593868722403
-0.48549837078023
0.00000000000000
0.48549837078020
0.58593868722402
0.28994301572902
-0.03321660722680
-0.00000000000002
0.40760668871969
0.82196421058814
0.84920143643763
0.45533832255112
0.00000000000001
-0.11539924216215
0.16038919824182
0.48111575328671
0.44665515243792
-0.00000000000000
-0.51238700795721
-0.67633386606286
-0.41235747390321
-0.04978393081807
0.00000000000000
-0.34983842544292
-0.77448749793115
-0.85552850458403
-0.49185801570011
-0.00000000000002
0.19474036476733
-0.02688606639273
-0.36444615277183
-0.39681380187910
-0.00000000000002
0.52665897648331
0.75007546049582
0.52461832253393
0.13155862326282
-0.00000000000000
0.28345597908458
0.70794033269846
0.84078962161125
0.51626653211937
-0.00000000000000
-0.26928633328573
-0.10727908964070
0.23880267844829
0.33720157856854
0.00000000000001
-0.52796285312746
-0.80534770773364
-0.62396132695549
-0.21009390578477
0.00000000000000
-0.21009390578476
-0.62396132695547
-0.80534770773364
-0.52796285312747
-0.00000000000002
0.33720157856853
0.23880267844831
-0.10727908964069
-0.26928633328574
-0.00000000000001
0.51626653211936
0.84078962161126
0.70794033269847
0.28345597908461
0.00000000000000
0.13155862326280
0.52461832253392
0.75007546049582
0.52665897648332
0.00000000000002
-0.39681380187911
-0.36444615277185
-0.02688606639272
0.19474036476733
0.00000000000001
-0.49185801570008
-0.85552850458403
-0.77448749793117
-0.34983842544296
-0.00000000000001
-0.04978393081807
-0.41235747390322
-0.67633386606285
-0.51238700795720
-0.00000000000001
0.44665515243790
0.48111575328673
0.16038919824182
-0.11539924216214
-0.00000000000000
0.45533832255111
0.84920143643762
0.82196421058813
0.40760668871968
-0.00000000000000
-0.03321660722680
0.28994301572899
0.58593868722401
0.48549837078023
0.00000000000004
-0.48549837078022
-0.58593868722402
-0.28994301572900
0.03321660722680
0.00000000000001
-0.40760668871966
-0.82196421058814
-0.84920143643764
-0.45533832255113
-0.00000000000001
0.11539924216215
-0.16038919824181
-0.48111575328672
-0.44665515243792
-0.00000000000000
0.51238700795717
0.67633386606287
0.41235747390324
0.04978393081809
-0.00000000000002
0.34983842544294
0.77448749793111
0.85552850458403
0.49185801570012
0.00000000000002
-0.19474036476733
0.02688606639268
0.36444615277184
0.39681380187911
0.00000000000003
-0.52665897648328
-0.75007546049582
-0.52461832253398
-0.13155862326281
0.00000000000000
-0.28345597908460
-0.70794033269848
-0.84078962161126
-0.51626653211936
-0.00000000000001
0.26928633328574
0.10727908964072
-0.23880267844827
-0.33720157856854
0.00000000000000
0.52796285312745
0.80534770773364
0.62396132695545
0.21009390578479
0.00000000000000
0.21009390578473
0.62396132695548
0.80534770773364
0.52796285312747
-0.00000000000002
-0.33720157856854
-0.23880267844829
0.10727908964071
0.26928633328573
0.00000000000002
-0.51626653211938
-0.84078962161125
-0.70794033269846
-0.28345597908462
-0.00000000000000
-0.13155862326283
-0.52461832253396
-0.75007546049582
-0.52665897648330
0.00000000000001
0.39681380187910
0.36444615277182
0.02688606639274
-0.19474036476734
0.00000000000000
0.49185801570010
0.85552850458403
0.77448749793116
0.34983842544296
-0.00000000000001
0.04978393081804
0.41235747390322
0.67633386606286
0.51238700795722
0.00000000000002
-0.44665515243789
-0.48111575328673
-0.16038919824183
0.11539924216213
0.00000000000000
-0.45533832255111
-0.84920143643761
-0.82196421058815
-0.40760668871974
-0.00000000000002
0.03321660722680
-0.28994301572894
-0.58593868722401
-0.48549837078021
-0.00000000000004
0.48549837078022
0.58593868722402
0.28994301572901
-0.03321660722679
-0.00000000000002
0.40760668871965
0.82196421058813
0.84920143643764
0.45533832255113
-0.00000000000002
-0.11539924216216
0.16038919824185
0.48111575328669
0.44665515243791
0.00000000000002
-0.51238700795720
-0.67633386606287
-0.41235747390320
-0.04978393081806
0.00000000000000
-0.34983842544293
-0.77448749793114
-0.85552850458402
-0.49185801570013
0.00000000000001
0.19474036476734
-0.02688606639272
-0.36444615277185
-0.39681380187910
0.00000000000002
0.52665897648332
0.75007546049582
0.52461832253394
0.13155862326278
-0.00000000000000
0.28345597908464
0.70794033269848
0.84078962161125
0.51626653211936
0.00000000000001
-0.26928633328573
-0.10727908964068
0.23880267844826
0.33720157856853
0.00000000000001
-0.52796285312744
-0.80534770773364
-0.62396132695550
-0.21009390578480
0.00000000000000
-0.21009390578473
-0.62396132695548
-0.80534770773364
-0.52796285312749
-0.00000000000004
0.33720157856852
0.23880267844830
-0.10727908964070
-0.26928633328574
-0.00000000000002
0.51626653211938
0.84078962161125
0.70794033269850
0.28345597908457
0.00000000000000
0.13155862326279
0.52461832253386
0.75007546049582
0.52665897648331
0.00000000000006
-0.39681380187908
-0.36444615277182
-0.02688606639275
0.19474036476734
-0.00000000000001
-0.49185801570009
-0.85552850458402
-0.77448749793120
-0.34983842544292
0.00000000000001
-0.04978393081804
-0.41235747390317
-0.67633386606286
-0.51238700795722
-0.00000000000002
0.44665515243791
0.48111575328671
0.16038919824183
-0.11539924216213
0.00000000000002
0.45533832255110
0.84920143643760
0.82196421058815
0.40760668871969
0.00000000000000
-0.03321660722681
0.28994301572897
0.58593868722402
0.48549837078022
0.00000000000005
-0.48549837078022
-0.58593868722403
-0.28994301572901
0.03321660722679
0.00000000000002
-0.40760668871970
-0.82196421058813
-0.84920143643762
-0.45533832255114
-0.00000000000002
0.11539924216215
-0.16038919824184
-0.48111575328668
-0.44665515243791
0.00000000000004
0.51238700795720
0.67633386606287
0.41235747390325
0.04978393081807
-0.00000000000000
0.34983842544293
0.77448749793114
0.85552850458402
0.49185801570013
0.00000000000000
-0.19474036476732
0.02688606639272
0.36444615277184
0.39681380187912
-0.00000000000002
-0.52665897648332
-0.75007546049583
-0.52461832253394
-0.13155862326278
0.00000000000001
-0.28345597908458
-0.70794033269847
-0.84078962161125
-0.51626653211937
-0.00000000000006
0.26928633328573
0.10727908964069
-0.23880267844827
-0.33720157856856
-0.00000000000001
0.52796285312744
0.80534770773364
0.62396132695547
0.21009390578476
0.00000000000000
0.21009390578472
0.62396132695551
0.80534770773364
0.52796285312749
0.00000000000004
-0.33720157856854
-0.23880267844830
0.10727908964070
0.26928633328574
-0.00000000000002
-0.51626653211931
-0.84078962161124
-0.70794033269843
-0.28345597908463
-0.00000000000000
-0.13155862326278
-0.52461832253395
-0.75007546049582
-0.52665897648331
-0.00000000000001
0.39681380187911
0.36444615277186
0.02688606639276
-0.19474036476733
-0.00000000000001
0.49185801570008
0.85552850458402
0.77448749793117
0.34983842544293
0.00000000000002
0.04978393081807
0.41235747390321
0.67633386606285
0.51238700795723
-0.00000000000002
-0.44665515243789
-0.48111575328671
-0.16038919824188
0.11539924216214
0.00000000000001
-0.45533832255109
-0.84920143643763
-0.82196421058813
-0.40760668871975
-0.00000000000001
0.03321660722679
-0.28994301572898
-0.58593868722402
-0.48549837078026
0.00000000000001
0.48549837078022
0.58593868722405
0.28994301572898
-0.03321660722681
-0.00000000000002
0.40760668871964
0.82196421058813
0.84920143643763
0.45533832255115
0.00000000000006
-0.11539924216214
0.16038919824184
0.48111575328669
0.44665515243789
0.00000000000003
-0.51238700795718
-0.67633386606286
-0.41235747390322
-0.04978393081807
0.00000000000001
-0.34983842544287
-0.77448749793116
-0.85552850458404
-0.49185801570014
0.00000000000003
0.19474036476734
-0.02688606639271
-0.36444615277184
-0.39681380187911
0.00000000000000
0.52665897648330
0.75007546049582
0.52461832253390
0.13155862326282
-0.00000000000001
0.28345597908462
0.70794033269846
0.84078962161126
0.51626653211938
0.00000000000001
-0.26928633328574
-0.10727908964074
0.23880267844830
0.33720157856854
0.00000000000001
-0.52796285312743
-0.80534770773364
-0.62396132695551
-0.21009390578477
0.00000000000000
-0.21009390578476
-0.62396132695547
-0.80534770773364
-0.52796285312744
0.00000000000000
0.33720157856853
0.23880267844831
-0.10727908964068
-0.26928633328573
-0.00000000000004
0.51626653211931
0.84078962161125
0.70794033269847
0.28345597908468
-0.00000000000000
0.13155862326282
0.52461832253390
0.75007546049582
0.52665897648332
0.00000000000001
-0.39681380187910
-0.36444615277191
-0.02688606639272
0.19474036476734
0.00000000000004
-0.49185801570013
-0.85552850458402
-0.77448749793117
-0.34983842544298
0.00000000000000
-0.04978393081806
-0.41235747390321
-0.67633386606285
-0.51238700795720
-0.00000000000004
0.44665515243787
0.48111575328669
0.16038919824185
-0.11539924216214
-0.00000000000002
0.45533832255114
0.84920143643762
0.82196421058816
0.40760668871975
-0.00000000000001
-0.03321660722681
0.28994301572897
0.58593868722402
0.48549837078022
0.00000000000002
-0.48549837078020
-0.58593868722403
-0.28994301572898
0.03321660722679
0.00000000000003
-0.40760668871969
-0.82196421058812
-0.84920143643763
-0.45533832255110
-0.00000000000002
0.11539924216215
-0.16038919824178
-0.48111575328671
-0.44665515243792
-0.00000000000004
0.51238700795718
0.67633386606286
0.41235747390321
0.04978393081807
-0.00000000000001
0.34983842544291
0.77448749793116
0.85552850458404
0.49185801570009
0.00000000000000
-0.19474036476734
0.02688606639271
0.36444615277186
0.39681380187911
0.00000000000000
-0.52665897648330
-0.75007546049582
-0.52461832253395
-0.13155862326283
-0.00000000000000
-0.28345597908462
-0.70794033269842
-0.84078962161126
-0.51626653211938
-0.00000000000004
0.26928633328572
0.10727908964071
-0.23880267844829
-0.33720157856855
-0.00000000000007
0.52796285312748
0.80534770773364
0.62396132695552
0.21009390578481
0.00000000000000
0.21009390578475
0.62396132695546
0.80534770773364
0.52796285312746
0.00000000000006
-0.33720157856852
-0.23880267844827
0.10727908964070
0.26928633328573
0.00000000000004
-0.51626653211936
-0.84078962161125
-0.70794033269852
-0.28345597908459
0.00000000000000
-0.13155862326277
-0.52461832253389
-0.75007546049583
-0.52665897648332
-0.00000000000003
0.39681380187910
0.36444615277183
0.02688606639272
-0.19474036476733
-0.00000000000001
0.49185801570012
0.85552850458402
0.77448749793118
0.34983842544294
0.00000000000000
0.04978393081806
0.41235747390319
0.67633386606285
0.51238700795720
0.00000000000006
-0.44665515243790
-0.48111575328672
-0.16038919824180
0.11539924216213
-0.00000000000001
-0.45533832255113
-0.84920143643762
-0.82196421058814
-0.40760668871971
-0.00000000000001
0.03321660722682
-0.28994301572895
-0.58593868722400
-0.48549837078025
-0.00000000000007
