0.53732700150088
0.38320136240857
-0.07976158142522
-0.00000000000000
0.60524866076756
0.87172484501577
0.43564311057942
0.00000000000000
0.23427303077214
0.72811529493745
0.63514032072935
-0.00000000000000
-0.30658616083697
0.05651146757638
0.37406424399971
0.00000000000000
-0.62512377845701
-0.65607176467927
-0.15826527506411
0.00000000000000
-0.49035162506472
-0.89290323118303
-0.57582841013978
0.00000000000000
-0.00000000000000
-0.48224411548110
-0.57582841013978
-0.00000000000000
0.49035162506472
0.27811529493745
-0.15826527506411
-0.00000000000000
0.62512377845701
0.83679883729943
0.37406424399971
0.00000000000000
0.30658616083697
0.78867601203948
0.63514032072935
0.00000000000000
-0.23427303077214
0.16864318312715
0.43564311057942
0.00000000000001
-0.60524866076756
-0.57368159077382
-0.07976158142522
-0.00000000000000
-0.53732700150088
-0.90000000000000
-0.53732700150088
0.00000000000000
-0.07976158142522
-0.57368159077382
-0.60524866076756
-0.00000000000000
0.43564311057942
0.16864318312716
-0.23427303077214
0.00000000000000
0.63514032072935
0.78867601203948
0.30658616083697
-0.00000000000000
0.37406424399970
0.83679883729943
0.62512377845701
-0.00000000000000
-0.15826527506411
0.27811529493745
0.49035162506472
-0.00000000000000
-0.57582841013978
-0.48224411548110
-0.00000000000000
0.00000000000000
-0.57582841013978
-0.89290323118303
-0.49035162506472
-0.00000000000000
-0.15826527506411
-0.65607176467926
-0.62512377845701
-0.00000000000000
0.37406424399971
0.05651146757638
-0.30658616083697
-0.00000000000001
0.63514032072935
0.72811529493745
0.23427303077215
-0.00000000000000
0.43564311057942
0.87172484501577
0.60524866076756
-0.00000000000000
-0.07976158142522
0.38320136240856
0.53732700150088
-0.00000000000001
-0.53732700150088
-0.38320136240857
0.07976158142522
-0.00000000000000
-0.60524866076755
-0.87172484501577
-0.43564311057943
-0.00000000000000
-0.23427303077214
-0.72811529493745
-0.63514032072934
-0.00000000000000
0.30658616083697
-0.05651146757636
-0.37406424399971
-0.00000000000001
0.62512377845701
0.65607176467927
0.15826527506412
-0.00000000000000
0.49035162506472
0.89290323118303
0.57582841013979
0.00000000000000
-0.00000000000000
0.48224411548110
0.57582841013978
0.00000000000001
-0.49035162506472
-0.27811529493746
0.15826527506411
0.00000000000000
-0.62512377845701
-0.83679883729943
-0.37406424399971
0.00000000000000
-0.30658616083697
-0.78867601203948
-0.63514032072936
-0.00000000000001
0.23427303077214
-0.16864318312715
-0.43564311057942
0.00000000000000
0.60524866076756
0.57368159077383
0.07976158142521
-0.00000000000000
0.53732700150088
0.90000000000000
0.53732700150089
0.00000000000000
0.07976158142522
0.57368159077382
0.60524866076757
0.00000000000000
-0.43564311057942
-0.16864318312715
0.23427303077214
0.00000000000000
-0.63514032072935
-0.78867601203948
-0.30658616083698
0.00000000000000
-0.37406424399970
-0.83679883729943
-0.62512377845701
-0.00000000000000
0.15826527506411
-0.27811529493744
-0.49035162506472
-0.00000000000000
0.57582841013977
0.48224411548110
0.00000000000001
-0.00000000000001
0.57582841013979
0.89290323118303
0.49035162506473
-0.00000000000000
0.15826527506411
0.65607176467926
0.62512377845701
0.00000000000002
-0.37406424399971
-0.05651146757638
0.30658616083697
-0.00000000000001
-0.63514032072935
-0.72811529493745
-0.23427303077215
-0.00000000000000
-0.43564311057941
-0.87172484501577
-0.60524866076758
-0.00000000000000
0.07976158142523
-0.38320136240856
-0.53732700150088
0.00000000000002
0.53732700150088
0.38320136240857
-0.07976158142522
-0.00000000000001
0.60524866076756
0.87172484501577
0.43564311057945
-0.00000000000000
0.23427303077216
0.72811529493744
0.63514032072935
-0.00000000000000
-0.30658616083697
0.05651146757636
0.37406424399971
0.00000000000003
-0.62512377845700
-0.65607176467927
-0.15826527506412
0.00000000000000
-0.49035162506473
-0.89290323118303
-0.57582841013980
-0.00000000000000
-0.00000000000000
-0.48224411548109
-0.57582841013978
-0.00000000000004
0.49035162506471
0.27811529493744
-0.15826527506412
-0.00000000000001
0.62512377845701
0.83679883729942
0.37406424399971
-0.00000000000000
0.30658616083696
0.78867601203947
0.63514032072936
0.00000000000000
-0.23427303077215
0.16864318312715
0.43564311057942
0.00000000000000
-0.60524866076756
-0.57368159077383
-0.07976158142524
0.00000000000000
-0.53732700150088
-0.90000000000000
-0.53732700150088
0.00000000000001
-0.07976158142522
-0.57368159077383
-0.60524866076756
-0.00000000000002
0.43564311057942
0.16864318312715
-0.23427303077214
-0.00000000000002
0.63514032072934
0.78867601203948
0.30658616083696
0.00000000000000
0.37406424399970
0.83679883729943
0.62512377845700
0.00000000000000
-0.15826527506411
0.27811529493745
0.49035162506472
-0.00000000000002
-0.57582841013978
-0.48224411548110
-0.00000000000000
-0.00000000000001
-0.57582841013976
-0.89290323118303
-0.49035162506472
-0.00000000000001
-0.15826527506410
-0.65607176467926
-0.62512377845702
0.00000000000000
0.37406424399971
0.05651146757640
-0.30658616083697
0.00000000000000
0.63514032072934
0.72811529493745
0.23427303077215
-0.00000000000001
0.43564311057940
0.87172484501577
0.60524866076758
0.00000000000001
-0.07976158142522
0.38320136240856
0.53732700150088
0.00000000000001
-0.53732700150087
-0.38320136240858
0.07976158142522
0.00000000000001
-0.60524866076756
-0.87172484501577
-0.43564311057943
0.00000000000000
-0.23427303077213
-0.72811529493744
-0.63514032072936
-0.00000000000000
0.30658616083698
-0.05651146757636
-0.37406424399971
-0.00000000000001
0.62512377845702
0.65607176467927
0.15826527506412
-0.00000000000000
0.49035162506472
0.89290323118303
0.57582841013981
0.00000000000001
-0.00000000000001
0.48224411548109
0.57582841013979
0.00000000000005
-0.49035162506472
-0.27811529493747
0.15826527506410
-0.00000000000000
-0.62512377845700
-0.83679883729942
-0.37406424399972
-0.00000000000000
-0.30658616083694
-0.78867601203948
-0.63514032072936
-0.00000000000002
0.23427303077215
-0.16864318312715
-0.43564311057942
-0.00000000000001
0.60524866076756
0.57368159077384
0.07976158142522
-0.00000000000001
0.53732700150086
0.90000000000000
0.53732700150088
0.00000000000002
0.07976158142522
0.57368159077383
0.60524866076758
-0.00000000000001
-0.43564311057942
-0.16864318312718
0.23427303077213
-0.00000000000000
-0.63514032072932
-0.78867601203948
-0.30658616083696
0.00000000000000
-0.37406424399972
-0.83679883729942
-0.62512377845702
-0.00000000000003
0.15826527506411
-0.27811529493742
-0.49035162506472
-0.00000000000002
0.57582841013978
0.48224411548109
0.00000000000000
0.00000000000001
0.57582841013975
0.89290323118303
0.49035162506472
-0.00000000000000
0.15826527506410
0.65607176467926
0.62512377845704
-0.00000000000000
-0.37406424399971
-0.05651146757641
0.30658616083697
0.00000000000001
-0.63514032072934
-0.72811529493747
-0.23427303077213
0.00000000000000
-0.43564311057940
-0.87172484501576
-0.60524866076756
-0.00000000000000
0.07976158142523
-0.38320136240857
-0.53732700150090
0.00000000000004
0.53732700150087
0.38320136240861
-0.07976158142522
-0.00000000000001
0.60524866076753
0.87172484501577
0.43564311057943
0.00000000000001
0.23427303077215
0.72811529493745
0.63514032072936
0.00000000000003
-0.30658616083697
0.05651146757633
0.37406424399971
-0.00000000000002
-0.62512377845698
-0.65607176467925
-0.15826527506413
0.00000000000001
-0.49035162506472
-0.89290323118303
-0.57582841013981
0.00000000000000
0.00000000000004
-0.48224411548109
-0.57582841013977
-0.00000000000005
0.49035162506472
0.27811529493747
-0.15826527506411
-0.00000000000004
0.62512377845700
0.83679883729943
0.37406424399975
0.00000000000000
0.30658616083696
0.78867601203946
0.63514032072935
0.00000000000000
-0.23427303077212
0.16864318312717
0.43564311057943
-0.00000000000004
-0.60524866076755
-0.57368159077385
-0.07976158142526
0.00000000000001
-0.53732700150090
-0.90000000000000
-0.53732700150089
-0.00000000000001
-0.07976158142523
-0.57368159077382
-0.60524866076757
-0.00000000000007
0.43564311057942
0.16864318312720
-0.23427303077216
0.00000000000002
0.63514032072931
0.78867601203946
0.30658616083699
-0.00000000000000
0.37406424399971
0.83679883729942
0.62512377845703
-0.00000000000001
-0.15826527506410
0.27811529493745
0.49035162506471
-0.00000000000001
-0.57582841013978
-0.48224411548111
0.00000000000001
0.00000000000003
-0.57582841013982
-0.89290323118303
-0.49035162506475
-0.00000000000000
-0.15826527506410
-0.65607176467925
-0.62512377845701
-0.00000000000000
0.37406424399971
0.05651146757636
-0.30658616083696
-0.00000000000001
0.63514032072934
0.72811529493744
0.23427303077214
-0.00000000000000
0.43564311057945
0.87172484501576
0.60524866076756
0.00000000000001
-0.07976158142524
0.38320136240857
0.53732700150088
0.00000000000002
-0.53732700150088
-0.38320136240856
0.07976158142522
-0.00000000000002
-0.60524866076753
-0.87172484501577
-0.43564311057944
0.00000000000000
-0.23427303077210
-0.72811529493745
-0.63514032072937
-0.00000000000003
0.30658616083697
-0.05651146757638
-0.37406424399970
0.00000000000001
0.62512377845701
0.65607176467928
0.15826527506409
-0.00000000000001
0.49035162506471
0.89290323118303
0.57582841013981
-0.00000000000000
-0.00000000000001
0.48224411548112
0.57582841013980
0.00000000000000
-0.49035162506471
-0.27811529493747
0.15826527506412
-0.00000000000000
-0.62512377845695
-0.83679883729942
-0.37406424399970
-0.00000000000000
-0.30658616083700
-0.78867601203946
-0.63514032072935
-0.00000000000001
0.23427303077215
-0.16864318312712
-0.43564311057942
0.00000000000004
0.60524866076755
0.57368159077381
0.07976158142522
-0.00000000000001
0.53732700150090
0.90000000000000
0.53732700150094
-0.00000000000001
0.07976158142519
0.57368159077378
0.60524866076755
0.00000000000003
-0.43564311057942
-0.16864318312715
0.23427303077213
0.00000000000003
-0.63514032072936
-0.78867601203948
-0.30658616083699
0.00000000000000
-0.37406424399971
-0.83679883729942
-0.62512377845699
0.00000000000001
0.15826527506413
-0.27811529493748
-0.49035162506472
-0.00000000000004
0.57582841013977
0.48224411548111
0.00000000000002
0.00000000000000
0.57582841013977
0.89290323118303
0.49035162506471
0.00000000000000
0.15826527506409
0.65607176467925
0.62512377845701
0.00000000000006
-0.37406424399970
-0.05651146757641
0.30658616083696
-0.00000000000004
-0.63514032072934
-0.72811529493748
-0.23427303077214
0.00000000000000
-0.43564311057939
-0.87172484501577
-0.60524866076757
-0.00000000000002
0.07976158142524
-0.38320136240857
-0.53732700150088
-0.00000000000002
0.53732700150088
0.38320136240861
-0.07976158142525
-0.00000000000002
0.60524866076752
0.87172484501577
0.43564311057944
0.00000000000001
0.23427303077214
0.72811529493745
0.63514032072937
-0.00000000000001
-0.30658616083698
0.05651146757637
0.37406424399971
-0.00000000000001
-0.62512377845698
-0.65607176467928
-0.15826527506409
0.00000000000001
-0.49035162506471
-0.89290323118303
-0.57582841013982
-0.00000000000000
0.00000000000001
-0.48224411548107
-0.57582841013978
-0.00000000000006
0.49035162506472
0.27811529493743
-0.15826527506409
-0.00000000000001
0.62512377845699
0.83679883729942
0.37406424399976
0.00000000000000
0.30658616083695
0.78867601203946
0.63514032072935
0.00000000000001
-0.23427303077215
0.16864318312717
0.43564311057942
0.00000000000001
-0.60524866076756
-0.57368159077385
-0.07976158142523
0.00000000000001
-0.53732700150084
-0.90000000000000
-0.53732700150090
-0.00000000000001
-0.07976158142523
-0.57368159077382
-0.60524866076758
-0.00000000000009
0.43564311057942
0.16864318312716
-0.23427303077213
-0.00000000000003
0.63514032072936
0.78867601203949
0.30658616083699
0.00000000000000
0.37406424399970
0.83679883729942
0.62512377845704
-0.00000000000000
-0.15826527506411
0.27811529493744
0.49035162506473
0.00000000000001
-0.57582841013977
-0.48224411548115
0.00000000000001
0.00000000000000
-0.57582841013972
-0.89290323118303
-0.49035162506471
-0.00000000000002
-0.15826527506409
-0.65607176467922
-0.62512377845701
-0.00000000000001
0.37406424399971
0.05651146757637
-0.30658616083697
-0.00000000000002
0.63514032072929
0.72811529493744
0.23427303077214
-0.00000000000001
0.43564311057939
0.87172484501577
0.60524866076762
0.00000000000002
-0.07976158142522
0.38320136240851
0.53732700150089
0.00000000000009
-0.53732700150089
-0.38320136240857
0.07976158142522
0.00000000000006
-0.60524866076757
-0.87172484501577
-0.43564311057949
0.00000000000000
-0.23427303077214
-0.72811529493742
-0.63514032072938
0.00000000000001
0.30658616083699
-0.05651146757637
-0.37406424399970
-0.00000000000003
0.62512377845700
0.65607176467932
0.15826527506405
0.00000000000000
0.49035162506465
0.89290323118302
0.57582841013977
0.00000000000000
-0.00000000000005
0.48224411548112
0.57582841013979
0.00000000000006
-0.49035162506471
-0.27811529493744
0.15826527506408
0.00000000000001
-0.62512377845695
-0.83679883729944
-0.37406424399971
-0.00000000000000
-0.30658616083704
-0.78867601203948
-0.63514032072940
-0.00000000000007
0.23427303077213
-0.16864318312716
-0.43564311057942
-0.00000000000004
0.60524866076756
0.57368159077382
0.07976158142523
0.00000000000001
0.53732700150089
0.90000000000000
0.53732700150095
-0.00000000000001
0.07976158142523
0.57368159077378
0.60524866076758
-0.00000000000002
-0.43564311057941
-0.16864318312716
0.23427303077215
-0.00000000000001
-0.63514032072934
-0.78867601203948
-0.30658616083690
0.00000000000000
-0.37406424399965
-0.83679883729940
-0.62512377845700
0.00000000000000
0.15826527506411
-0.27811529493743
-0.49035162506472
-0.00000000000006
0.57582841013976
0.48224411548108
-0.00000000000001
-0.00000000000001
0.57582841013966
0.89290323118303
0.49035162506466
0.00000000000002
0.15826527506413
0.65607176467928
0.62512377845706
0.00000000000002
-0.37406424399970
-0.05651146757643
0.30658616083695
0.00000000000007
-0.63514032072929
-0.72811529493745
-0.23427303077215
0.00000000000000
-0.43564311057938
-0.87172484501576
-0.60524866076762
0.00000000000002
0.07976158142521
-0.38320136240848
-0.53732700150092
0.00000000000008
0.53732700150088
0.38320136240861
-0.07976158142523
-0.00000000000005
0.60524866076756
0.87172484501577
0.43564311057945
0.00000000000001
0.23427303077209
0.72811529493742
0.63514032072934
-0.00000000000000
-0.30658616083699
0.05651146757636
0.37406424399971
0.00000000000006
-0.62512377845697
-0.65607176467926
-0.15826527506418
0.00000000000000
-0.49035162506470
-0.89290323118303
-0.57582841013982
-0.00000000000004
0.00000000000005
-0.48224411548111
-0.57582841013978
-0.00000000000013
0.49035162506471
0.27811529493748
-0.15826527506409
0.00000000000003
0.62512377845702
0.83679883729946
0.37406424399981
-0.00000000000001
0.30658616083694
0.78867601203946
0.63514032072940
0.00000000000005
-0.23427303077214
0.16864318312716
0.43564311057942
0.00000000000003
-0.60524866076754
-0.57368159077385
-0.07976158142519
-0.00000000000001
-0.53732700150078
-0.90000000000000
-0.53732700150090
-0.00000000000002
-0.07976158142518
-0.57368159077384
-0.60524866076760
-0.00000000000009
0.43564311057942
0.16864318312718
-0.23427303077212
-0.00000000000004
0.63514032072930
0.78867601203946
0.30658616083696
-0.00000000000001
0.37406424399970
0.83679883729942
0.62512377845705
0.00000000000005
-0.15826527506408
0.27811529493737
0.49035162506472
0.00000000000000
-0.57582841013981
-0.48224411548112
-0.00000000000003
0.00000000000003
-0.57582841013981
-0.89290323118303
-0.49035162506482
-0.00000000000000
-0.15826527506408
-0.65607176467932
-0.62512377845705
0.00000000000003
0.37406424399972
0.05651146757646
-0.30658616083696
0.00000000000007
0.63514032072933
0.72811529493748
0.23427303077211
-0.00000000000001
0.43564311057943
0.87172484501574
0.60524866076758
0.00000000000002
-0.07976158142518
0.38320136240860
0.53732700150087
-0.00000000000000
-0.53732700150085
-0.38320136240858
0.07976158142527
0.00000000000004
-0.60524866076751
-0.87172484501576
-0.43564311057950
0.00000000000000
-0.23427303077223
-0.72811529493744
-0.63514032072937
-0.00000000000013
0.30658616083696
-0.05651146757641
-0.37406424399972
-0.00000000000010
0.62512377845701
0.65607176467921
0.15826527506414
0.00000000000001
0.49035162506475
0.89290323118302
0.57582841013978
-0.00000000000005
-0.00000000000002
0.48224411548106
0.57582841013981
0.00000000000006
-0.49035162506472
-0.27811529493744
0.15826527506411
0.00000000000002
-0.62512377845698
-0.83679883729944
-0.37406424399967
0.00000000000000
-0.30658616083689
-0.78867601203948
-0.63514032072928
-0.00000000000003
0.23427303077214
-0.16864318312719
-0.43564311057941
0.00000000000001
0.60524866076756
0.57368159077383
0.07976158142524
-0.00000000000002
0.53732700150083
0.90000000000000
0.53732700150086
0.00000000000004
0.07976158142522
0.57368159077389
0.60524866076758
0.00000000000005
-0.43564311057942
-0.16864318312721
0.23427303077215
0.00000000000000
-0.63514032072935
-0.78867601203949
-0.30658616083701
0.00000000000000
-0.37406424399974
-0.83679883729943
-0.62512377845710
-0.00000000000001
0.15826527506411
-0.27811529493743
-0.49035162506472
0.00000000000003
0.57582841013975
0.48224411548116
-0.00000000000007
-0.00000000000001
0.57582841013976
0.89290323118303
0.49035162506477
-0.00000000000001
0.15826527506413
0.65607176467927
0.62512377845701
0.00000000000002
-0.37406424399970
-0.05651146757633
0.30658616083698
0.00000000000007
-0.63514032072928
-0.72811529493745
-0.23427303077215
0.00000000000001
-0.43564311057948
-0.87172484501575
-0.60524866076754
0.00000000000001
0.07976158142523
-0.38320136240856
-0.53732700150089
-0.00000000000005
