0.51115404018624
0.51963656354392
0.12337611003346
-0.10238106854362
0.19665721100197
0.72270321789479
0.88191011071920
0.49842921793185
0.02565566940602
-0.00000000000000
0.39575479802409
0.65881841617368
0.37848351775111
-0.21286632395236
-0.51485526253592
-0.27756649793229
0.10263223553560
0.06630212368010
-0.42968265314510
-0.85595086466564
-0.74559322346703
-0.25485093438723
0.02638160613518
-0.21429151776780
-0.63639610306789
-0.65952147639026
-0.16656690569554
0.35077221850577
0.37989872232704
0.00000000000000
-0.21893424698372
0.09125704432214
0.64799443256739
0.85426184115760
0.51485526253592
0.06916446131682
0.05994590013107
0.47865959758331
0.77671252420614
0.52900672706323
-0.05035208630201
-0.36213002402794
-0.13968083930281
0.23482051002492
0.19665721100197
-0.31509652917510
-0.77896610159846
-0.71521837127762
-0.26044599208679
0.00000000000000
-0.26044599208678
-0.71521837127762
-0.77896610159846
-0.31509652917510
0.19665721100197
0.23482051002492
-0.13968083930281
-0.36213002402794
-0.05035208630201
0.52900672706322
0.77671252420614
0.47865959758332
0.05994590013107
0.06916446131681
0.51485526253591
0.85426184115760
0.64799443256739
0.09125704432214
-0.21893424698372
-0.00000000000000
0.37989872232704
0.35077221850577
-0.16656690569554
-0.65952147639026
-0.63639610306789
-0.21429151776781
0.02638160613518
-0.25485093438723
-0.74559322346703
-0.85595086466564
-0.42968265314511
0.06630212368010
0.10263223553560
-0.27756649793229
-0.51485526253592
-0.21286632395236
0.37848351775111
0.65881841617368
0.39575479802409
-0.00000000000000
0.02565566940601
0.49842921793184
0.88191011071920
0.72270321789479
0.19665721100197
-0.10238106854362
0.12337611003346
0.51963656354392
0.51115404018624
-0.00000000000000
-0.51115404018623
-0.51963656354392
-0.12337611003346
0.10238106854362
-0.19665721100197
-0.72270321789479
-0.88191011071921
-0.49842921793185
-0.02565566940602
-0.00000000000000
-0.39575479802409
-0.65881841617368
-0.37848351775111
0.21286632395236
0.51485526253592
0.27756649793230
-0.10263223553560
-0.06630212368010
0.42968265314511
0.85595086466564
0.74559322346703
0.25485093438724
-0.02638160613518
0.21429151776779
0.63639610306790
0.65952147639026
0.16656690569554
-0.35077221850577
-0.37989872232705
-0.00000000000001
0.21893424698372
-0.09125704432213
-0.64799443256738
-0.85426184115760
-0.51485526253593
-0.06916446131682
-0.05994590013107
-0.47865959758331
-0.77671252420614
-0.52900672706324
0.05035208630200
0.36213002402794
0.13968083930281
-0.23482051002492
-0.19665721100198
0.31509652917510
0.77896610159846
0.71521837127762
0.26044599208679
0.00000000000000
0.26044599208678
0.71521837127761
0.77896610159846
0.31509652917510
-0.19665721100197
-0.23482051002492
0.13968083930280
0.36213002402794
0.05035208630202
-0.52900672706322
-0.77671252420615
-0.47865959758332
-0.05994590013107
-0.06916446131681
-0.51485526253590
-0.85426184115760
-0.64799443256738
-0.09125704432214
0.21893424698372
-0.00000000000000
-0.37989872232704
-0.35077221850577
0.16656690569553
0.65952147639026
0.63639610306790
0.21429151776781
-0.02638160613518
0.25485093438723
0.74559322346704
0.85595086466564
0.42968265314511
-0.06630212368010
-0.10263223553560
0.27756649793229
0.51485526253592
0.21286632395237
-0.37848351775112
-0.65881841617368
-0.39575479802409
-0.00000000000001
-0.02565566940601
-0.49842921793185
-0.88191011071920
-0.72270321789480
-0.19665721100197
0.10238106854362
-0.12337611003345
-0.51963656354391
-0.51115404018623
0.00000000000000
0.51115404018623
0.51963656354393
0.12337611003346
-0.10238106854362
0.19665721100196
0.72270321789479
0.88191011071920
0.49842921793184
0.02565566940601
-0.00000000000000
0.39575479802409
0.65881841617368
0.37848351775112
-0.21286632395235
-0.51485526253592
-0.27756649793230
0.10263223553560
0.06630212368011
-0.42968265314511
-0.85595086466564
-0.74559322346704
-0.25485093438722
0.02638160613518
-0.21429151776780
-0.63639610306789
-0.65952147639026
-0.16656690569556
0.35077221850577
0.37989872232706
0.00000000000001
-0.21893424698372
0.09125704432212
0.64799443256739
0.85426184115760
0.51485526253593
0.06916446131681
0.05994590013106
0.47865959758331
0.77671252420614
0.52900672706324
-0.05035208630202
-0.36213002402794
-0.13968083930281
0.23482051002492
0.19665721100198
-0.31509652917508
-0.77896610159846
-0.71521837127764
-0.26044599208679
0.00000000000000
-0.26044599208679
-0.71521837127762
-0.77896610159846
-0.31509652917511
0.19665721100197
0.23482051002493
-0.13968083930281
-0.36213002402793
-0.05035208630203
0.52900672706321
0.77671252420615
0.47865959758332
0.05994590013106
0.06916446131681
0.51485526253592
0.85426184115759
0.64799443256739
0.09125704432215
-0.21893424698372
-0.00000000000001
0.37989872232704
0.35077221850577
-0.16656690569555
-0.65952147639025
-0.63639610306789
-0.21429151776780
0.02638160613518
-0.25485093438722
-0.74559322346704
-0.85595086466565
-0.42968265314511
0.06630212368009
0.10263223553559
-0.27756649793230
-0.51485526253591
-0.21286632395236
0.37848351775113
0.65881841617368
0.39575479802408
0.00000000000001
0.02565566940601
0.49842921793184
0.88191011071920
0.72270321789479
0.19665721100197
-0.10238106854362
0.12337611003347
0.51963656354391
0.51115404018623
0.00000000000000
-0.51115404018623
-0.51963656354392
-0.12337611003347
0.10238106854361
-0.19665721100197
-0.72270321789479
-0.88191011071921
-0.49842921793184
-0.02565566940603
0.00000000000000
-0.39575479802408
-0.65881841617368
-0.37848351775111
0.21286632395233
0.51485526253592
0.27756649793227
-0.10263223553559
-0.06630212368010
0.42968265314508
0.85595086466564
0.74559322346704
0.25485093438725
-0.02638160613518
0.21429151776780
0.63639610306789
0.65952147639027
0.16656690569556
-0.35077221850576
-0.37989872232704
-0.00000000000003
0.21893424698372
-0.09125704432217
-0.64799443256737
-0.85426184115759
-0.51485526253595
-0.06916446131681
-0.05994590013106
-0.47865959758331
-0.77671252420614
-0.52900672706321
0.05035208630200
0.36213002402794
0.13968083930281
-0.23482051002492
-0.19665721100197
0.31509652917508
0.77896610159847
0.71521837127764
0.26044599208679
0.00000000000000
0.26044599208677
0.71521837127760
0.77896610159846
0.31509652917511
-0.19665721100196
-0.23482051002492
0.13968083930279
0.36213002402794
0.05035208630205
-0.52900672706323
-0.77671252420614
-0.47865959758332
-0.05994590013106
-0.06916446131681
-0.51485526253592
-0.85426184115760
-0.64799443256739
-0.09125704432215
0.21893424698372
0.00000000000001
-0.37989872232704
-0.35077221850579
0.16656690569553
0.65952147639027
0.63639610306791
0.21429151776781
-0.02638160613518
0.25485093438722
0.74559322346702
0.85595086466565
0.42968265314514
-0.06630212368010
-0.10263223553562
0.27756649793230
0.51485526253592
0.21286632395236
-0.37848351775113
-0.65881841617368
-0.39575479802408
0.00000000000000
-0.02565566940601
-0.49842921793184
-0.88191011071920
-0.72270321789481
-0.19665721100197
0.10238106854362
-0.12337611003345
-0.51963656354392
-0.51115404018625
0.00000000000000
0.51115404018622
0.51963656354393
0.12337611003347
-0.10238106854362
0.19665721100194
0.72270321789479
0.88191011071920
0.49842921793187
0.02565566940601
-0.00000000000002
0.39575479802410
0.65881841617368
0.37848351775111
-0.21286632395235
-0.51485526253591
-0.27756649793228
0.10263223553560
0.06630212368010
-0.42968265314510
-0.85595086466564
-0.74559322346704
-0.25485093438723
0.02638160613518
-0.21429151776780
-0.63639610306787
-0.65952147639027
-0.16656690569553
0.35077221850576
0.37989872232703
0.00000000000003
-0.21893424698372
0.09125704432212
0.64799443256739
0.85426184115760
0.51485526253590
0.06916446131684
0.05994590013107
0.47865959758331
0.77671252420614
0.52900672706321
-0.05035208630202
-0.36213002402794
-0.13968083930280
0.23482051002493
0.19665721100197
-0.31509652917511
-0.77896610159845
-0.71521837127762
-0.26044599208677
0.00000000000000
-0.26044599208679
-0.71521837127764
-0.77896610159846
-0.31509652917514
0.19665721100199
0.23482051002492
-0.13968083930279
-0.36213002402794
-0.05035208630201
0.52900672706321
0.77671252420615
0.47865959758329
0.05994590013108
0.06916446131679
0.51485526253590
0.85426184115760
0.64799443256742
0.09125704432215
-0.21893424698372
-0.00000000000001
0.37989872232707
0.35077221850577
-0.16656690569553
-0.65952147639025
-0.63639610306787
-0.21429151776780
0.02638160613518
-0.25485093438722
-0.74559322346704
-0.85595086466565
-0.42968265314511
0.06630212368011
0.10263223553561
-0.27756649793230
-0.51485526253591
-0.21286632395236
0.37848351775108
0.65881841617368
0.39575479802413
0.00000000000001
0.02565566940604
0.49842921793181
0.88191011071920
0.72270321789479
0.19665721100195
-0.10238106854362
0.12337611003347
0.51963656354391
0.51115404018624
-0.00000000000002
-0.51115404018623
-0.51963656354391
-0.12337611003347
0.10238106854362
-0.19665721100194
-0.72270321789479
-0.88191011071920
-0.49842921793187
-0.02565566940604
-0.00000000000001
-0.39575479802408
-0.65881841617367
-0.37848351775109
0.21286632395235
0.51485526253592
0.27756649793235
-0.10263223553561
-0.06630212368012
0.42968265314510
0.85595086466563
0.74559322346704
0.25485093438727
-0.02638160613518
0.21429151776780
0.63639610306787
0.65952147639025
0.16656690569553
-0.35077221850576
-0.37989872232704
0.00000000000002
0.21893424698372
-0.09125704432210
-0.64799443256737
-0.85426184115760
-0.51485526253595
-0.06916446131682
-0.05994590013107
-0.47865959758329
-0.77671252420615
-0.52900672706326
0.05035208630200
0.36213002402794
0.13968083930284
-0.23482051002491
-0.19665721100197
0.31509652917513
0.77896610159846
0.71521837127764
0.26044599208679
0.00000000000000
0.26044599208677
0.71521837127762
0.77896610159848
0.31509652917511
-0.19665721100197
-0.23482051002493
0.13968083930281
0.36213002402795
0.05035208630202
-0.52900672706319
-0.77671252420614
-0.47865959758332
-0.05994590013109
-0.06916446131678
-0.51485526253592
-0.85426184115761
-0.64799443256744
-0.09125704432212
0.21893424698372
-0.00000000000000
-0.37989872232703
-0.35077221850577
0.16656690569550
0.65952147639027
0.63639610306788
0.21429151776783
-0.02638160613518
0.25485093438724
0.74559322346702
0.85595086466565
0.42968265314508
-0.06630212368009
-0.10263223553562
0.27756649793227
0.51485526253592
0.21286632395239
-0.37848351775110
-0.65881841617368
-0.39575479802411
-0.00000000000000
-0.02565566940600
-0.49842921793184
-0.88191011071919
-0.72270321789477
-0.19665721100202
0.10238106854361
-0.12337611003345
-0.51963656354392
-0.51115404018624
-0.00000000000000
0.51115404018624
0.51963656354393
0.12337611003345
-0.10238106854362
0.19665721100196
0.72270321789477
0.88191011071921
0.49842921793189
0.02565566940603
-0.00000000000000
0.39575479802405
0.65881841617368
0.37848351775111
-0.21286632395233
-0.51485526253592
-0.27756649793228
0.10263223553559
0.06630212368013
-0.42968265314513
-0.85595086466564
-0.74559322346702
-0.25485093438725
0.02638160613518
-0.21429151776778
-0.63639610306788
-0.65952147639025
-0.16656690569556
0.35077221850574
0.37989872232702
0.00000000000001
-0.21893424698372
0.09125704432216
0.64799443256739
0.85426184115761
0.51485526253593
0.06916446131681
0.05994590013106
0.47865959758326
0.77671252420614
0.52900672706324
-0.05035208630202
-0.36213002402794
-0.13968083930282
0.23482051002489
0.19665721100196
-0.31509652917505
-0.77896610159845
-0.71521837127762
-0.26044599208677
0.00000000000000
-0.26044599208674
-0.71521837127760
-0.77896610159846
-0.31509652917515
0.19665721100195
0.23482051002494
-0.13968083930278
-0.36213002402794
-0.05035208630206
0.52900672706317
0.77671252420615
0.47865959758335
0.05994590013110
0.06916446131685
0.51485526253595
0.85426184115758
0.64799443256746
0.09125704432210
-0.21893424698371
-0.00000000000006
0.37989872232701
0.35077221850577
-0.16656690569552
-0.65952147639024
-0.63639610306787
-0.21429151776780
0.02638160613518
-0.25485093438722
-0.74559322346703
-0.85595086466563
-0.42968265314511
0.06630212368008
0.10263223553561
-0.27756649793229
-0.51485526253591
-0.21286632395236
0.37848351775112
0.65881841617368
0.39575479802413
-0.00000000000002
0.02565566940601
0.49842921793181
0.88191011071920
0.72270321789479
0.19665721100199
-0.10238106854362
0.12337611003346
0.51963656354390
0.51115404018626
0.00000000000004
-0.51115404018624
-0.51963656354395
-0.12337611003347
0.10238106854362
-0.19665721100194
-0.72270321789479
-0.88191011071921
-0.49842921793187
-0.02565566940602
0.00000000000001
-0.39575479802403
-0.65881841617368
-0.37848351775113
0.21286632395231
0.51485526253592
0.27756649793226
-0.10263223553558
-0.06630212368014
0.42968265314516
0.85595086466564
0.74559322346704
0.25485093438727
-0.02638160613518
0.21429151776780
0.63639610306791
0.65952147639025
0.16656690569554
-0.35077221850575
-0.37989872232703
0.00000000000001
0.21893424698372
-0.09125704432214
-0.64799443256737
-0.85426184115760
-0.51485526253590
-0.06916446131683
-0.05994590013107
-0.47865959758333
-0.77671252420615
-0.52900672706327
0.05035208630200
0.36213002402794
0.13968083930284
-0.23482051002490
-0.19665721100197
0.31509652917508
0.77896610159844
0.71521837127761
0.26044599208680
0.00000000000000
0.26044599208677
0.71521837127761
0.77896610159847
0.31509652917512
-0.19665721100194
-0.23482051002494
0.13968083930277
0.36213002402794
0.05035208630198
-0.52900672706319
-0.77671252420614
-0.47865959758336
-0.05994590013106
-0.06916446131681
-0.51485526253587
-0.85426184115758
-0.64799443256735
-0.09125704432212
0.21893424698373
-0.00000000000005
-0.37989872232706
-0.35077221850578
0.16656690569545
0.65952147639028
0.63639610306789
0.21429151776782
-0.02638160613518
0.25485093438724
0.74559322346702
0.85595086466564
0.42968265314509
-0.06630212368010
-0.10263223553560
0.27756649793228
0.51485526253591
0.21286632395238
-0.37848351775111
-0.65881841617368
-0.39575479802411
0.00000000000000
-0.02565566940600
-0.49842921793184
-0.88191011071921
-0.72270321789481
-0.19665721100202
0.10238106854362
-0.12337611003346
-0.51963656354390
-0.51115404018626
0.00000000000001
0.51115404018623
0.51963656354396
0.12337611003346
-0.10238106854361
0.19665721100192
0.72270321789476
0.88191011071921
0.49842921793189
0.02565566940603
-0.00000000000002
0.39575479802406
0.65881841617368
0.37848351775116
-0.21286632395238
-0.51485526253590
-0.27756649793232
0.10263223553557
0.06630212368010
-0.42968265314513
-0.85595086466562
-0.74559322346710
-0.25485093438720
0.02638160613518
-0.21429151776778
-0.63639610306792
-0.65952147639026
-0.16656690569556
0.35077221850576
0.37989872232702
0.00000000000001
-0.21893424698372
0.09125704432217
0.64799443256739
0.85426184115760
0.51485526253593
0.06916446131681
0.05994590013106
0.47865959758331
0.77671252420614
0.52900672706323
-0.05035208630203
-0.36213002402793
-0.13968083930282
0.23482051002493
0.19665721100198
-0.31509652917504
-0.77896610159845
-0.71521837127762
-0.26044599208682
0.00000000000000
-0.26044599208679
-0.71521837127760
-0.77896610159848
-0.31509652917508
0.19665721100196
0.23482051002495
-0.13968083930279
-0.36213002402794
-0.05035208630204
0.52900672706316
0.77671252420615
0.47865959758329
0.05994590013111
0.06916446131679
0.51485526253595
0.85426184115760
0.64799443256742
0.09125704432221
-0.21893424698371
0.00000000000002
0.37989872232703
0.35077221850581
-0.16656690569558
-0.65952147639026
-0.63639610306791
-0.21429151776781
0.02638160613518
-0.25485093438722
-0.74559322346700
-0.85595086466563
-0.42968265314506
0.06630212368010
0.10263223553560
-0.27756649793225
-0.51485526253592
-0.21286632395238
0.37848351775109
0.65881841617368
0.39575479802409
0.00000000000002
0.02565566940604
0.49842921793186
0.88191011071920
0.72270321789483
0.19665721100195
-0.10238106854361
0.12337611003343
0.51963656354394
0.51115404018623
0.00000000000004
-0.51115404018620
-0.51963656354391
-0.12337611003348
0.10238106854363
-0.19665721100198
-0.72270321789479
-0.88191011071922
-0.49842921793192
-0.02565566940602
-0.00000000000004
-0.39575479802413
-0.65881841617369
-0.37848351775113
0.21286632395231
0.51485526253592
0.27756649793239
-0.10263223553563
-0.06630212368010
0.42968265314510
0.85595086466563
0.74559322346708
0.25485093438732
-0.02638160613517
0.21429151776784
0.63639610306790
0.65952147639026
0.16656690569559
-0.35077221850574
-0.37989872232711
-0.00000000000003
0.21893424698372
-0.09125704432214
-0.64799443256737
-0.85426184115761
-0.51485526253590
-0.06916446131683
-0.05994590013105
-0.47865959758324
-0.77671252420614
-0.52900672706327
0.05035208630194
0.36213002402793
0.13968083930275
-0.23482051002495
-0.19665721100202
0.31509652917508
0.77896610159845
0.71521837127768
0.26044599208679
0.00000000000000
0.26044599208681
0.71521837127762
0.77896610159848
0.31509652917517
-0.19665721100196
-0.23482051002492
0.13968083930286
0.36213002402795
0.05035208630203
-0.52900672706319
-0.77671252420616
-0.47865959758332
-0.05994590013109
-0.06916446131683
-0.51485526253592
-0.85426184115759
-0.64799443256744
-0.09125704432213
0.21893424698372
0.00000000000004
-0.37989872232706
-0.35077221850578
0.16656690569549
0.65952147639023
0.63639610306789
0.21429151776783
-0.02638160613518
0.25485093438715
0.74559322346701
0.85595086466566
0.42968265314509
-0.06630212368015
-0.10263223553563
0.27756649793222
0.51485526253591
0.21286632395238
-0.37848351775114
-0.65881841617368
-0.39575479802410
0.00000000000003
-0.02565566940602
-0.49842921793173
-0.88191011071919
-0.72270321789477
-0.19665721100197
0.10238106854362
-0.12337611003349
-0.51963656354393
-0.51115404018625
0.00000000000004
