0.52156080465785
0.47844147659119
0.04673953705617
-0.09529830357880
0.33055742661666
0.83020042852762
0.78732793349829
0.27637321411981
-0.03678837060679
0.22500000000000
0.65316009496470
0.59673671982168
0.02738153908921
-0.41819588180332
-0.27469123415090
0.14239014895980
0.16005206152433
-0.35629161612783
-0.81946607070640
-0.69247879586443
-0.19506536403793
-0.01058919308363
-0.38104760503607
-0.78711974008562
-0.63639610306789
-0.04952137653626
0.29557081996100
0.05551049412025
-0.32983751743022
-0.22500000000000
0.35461463480532
0.75715822546063
0.55090280920921
0.09036353631008
0.04350681738304
0.50551198289666
0.87129470142706
0.63546006376029
0.06174180718987
-0.16347206880121
0.16458170920049
0.50272101021329
0.28345549781049
-0.32869960256995
-0.64875547815061
-0.37116238695049
0.03176415658271
-0.06044121436060
-0.59159460698281
-0.90000000000000
-0.59159460698282
-0.06044121436060
0.03176415658271
-0.37116238695049
-0.64875547815061
-0.32869960256996
0.28345549781048
0.50272101021329
0.16458170920050
-0.16347206880120
0.06174180718986
0.63546006376028
0.87129470142706
0.50551198289666
0.04350681738305
0.09036353631008
0.55090280920920
0.75715822546063
0.35461463480532
-0.22500000000000
-0.32983751743022
0.05551049412025
0.29557081996101
-0.04952137653626
-0.63639610306789
-0.78711974008562
-0.38104760503607
-0.01058919308363
-0.19506536403792
-0.69247879586443
-0.81946607070640
-0.35629161612783
0.16005206152433
0.14239014895980
-0.27469123415090
-0.41819588180332
0.02738153908921
0.59673671982167
0.65316009496470
0.22500000000000
-0.03678837060679
0.27637321411980
0.78732793349828
0.83020042852762
0.33055742661666
-0.09529830357880
0.04673953705617
0.47844147659119
0.52156080465784
-0.00000000000000
-0.52156080465785
-0.47844147659120
-0.04673953705618
0.09529830357880
-0.33055742661666
-0.83020042852762
-0.78732793349829
-0.27637321411981
0.03678837060679
-0.22500000000000
-0.65316009496471
-0.59673671982168
-0.02738153908921
0.41819588180332
0.27469123415089
-0.14239014895981
-0.16005206152433
0.35629161612782
0.81946607070640
0.69247879586444
0.19506536403792
0.01058919308363
0.38104760503607
0.78711974008561
0.63639610306790
0.04952137653626
-0.29557081996100
-0.05551049412025
0.32983751743022
0.22500000000001
-0.35461463480533
-0.75715822546063
-0.55090280920920
-0.09036353631008
-0.04350681738304
-0.50551198289666
-0.87129470142706
-0.63546006376029
-0.06174180718987
0.16347206880121
-0.16458170920049
-0.50272101021329
-0.28345549781049
0.32869960256995
0.64875547815061
0.37116238695049
-0.03176415658271
0.06044121436060
0.59159460698282
0.90000000000000
0.59159460698282
0.06044121436060
-0.03176415658271
0.37116238695049
0.64875547815061
0.32869960256996
-0.28345549781048
-0.50272101021329
-0.16458170920049
0.16347206880121
-0.06174180718986
-0.63546006376029
-0.87129470142706
-0.50551198289667
-0.04350681738306
-0.09036353631008
-0.55090280920921
-0.75715822546063
-0.35461463480532
0.22500000000000
0.32983751743023
-0.05551049412025
-0.29557081996101
0.04952137653626
0.63639610306788
0.78711974008562
0.38104760503606
0.01058919308363
0.19506536403793
0.69247879586444
0.81946607070640
0.35629161612783
-0.16005206152433
-0.14239014895981
0.27469123415090
0.41819588180333
-0.02738153908922
-0.59673671982168
-0.65316009496471
-0.22499999999999
0.03678837060679
-0.27637321411980
-0.78732793349827
-0.83020042852763
-0.33055742661666
0.09529830357880
-0.04673953705617
-0.47844147659120
-0.52156080465785
0.00000000000001
0.52156080465784
0.47844147659119
0.04673953705617
-0.09529830357881
0.33055742661666
0.83020042852761
0.78732793349829
0.27637321411979
-0.03678837060679
0.22499999999999
0.65316009496470
0.59673671982167
0.02738153908922
-0.41819588180332
-0.27469123415091
0.14239014895980
0.16005206152435
-0.35629161612781
-0.81946607070641
-0.69247879586443
-0.19506536403794
-0.01058919308364
-0.38104760503607
-0.78711974008561
-0.63639610306792
-0.04952137653626
0.29557081996101
0.05551049412027
-0.32983751743023
-0.22499999999999
0.35461463480532
0.75715822546063
0.55090280920921
0.09036353631008
0.04350681738305
0.50551198289665
0.87129470142706
0.63546006376030
0.06174180718988
-0.16347206880121
0.16458170920048
0.50272101021330
0.28345549781049
-0.32869960256994
-0.64875547815061
-0.37116238695048
0.03176415658271
-0.06044121436058
-0.59159460698282
-0.90000000000000
-0.59159460698282
-0.06044121436060
0.03176415658272
-0.37116238695048
-0.64875547815061
-0.32869960256997
0.28345549781048
0.50272101021329
0.16458170920050
-0.16347206880120
0.06174180718985
0.63546006376030
0.87129470142706
0.50551198289668
0.04350681738304
0.09036353631008
0.55090280920919
0.75715822546063
0.35461463480532
-0.22499999999999
-0.32983751743024
0.05551049412025
0.29557081996101
-0.04952137653626
-0.63639610306790
-0.78711974008562
-0.38104760503607
-0.01058919308363
-0.19506536403792
-0.69247879586441
-0.81946607070640
-0.35629161612784
0.16005206152433
0.14239014895982
-0.27469123415091
-0.41819588180332
0.02738153908919
0.59673671982167
0.65316009496470
0.22500000000001
-0.03678837060679
0.27637321411981
0.78732793349828
0.83020042852763
0.33055742661666
-0.09529830357880
0.04673953705617
0.47844147659120
0.52156080465785
0.00000000000000
-0.52156080465785
-0.47844147659120
-0.04673953705619
0.09529830357880
-0.33055742661668
-0.83020042852762
-0.78732793349830
-0.27637321411979
0.03678837060679
-0.22499999999998
-0.65316009496470
-0.59673671982168
-0.02738153908922
0.41819588180332
0.27469123415090
-0.14239014895979
-0.16005206152433
0.35629161612782
0.81946607070639
0.69247879586444
0.19506536403793
0.01058919308363
0.38104760503604
0.78711974008562
0.63639610306791
0.04952137653630
-0.29557081996100
-0.05551049412025
0.32983751743022
0.22500000000003
-0.35461463480531
-0.75715822546063
-0.55090280920922
-0.09036353631007
-0.04350681738305
-0.50551198289667
-0.87129470142706
-0.63546006376029
-0.06174180718988
0.16347206880121
-0.16458170920047
-0.50272101021328
-0.28345549781049
0.32869960256996
0.64875547815060
0.37116238695051
-0.03176415658271
0.06044121436059
0.59159460698281
0.90000000000000
0.59159460698283
0.06044121436063
-0.03176415658272
0.37116238695050
0.64875547815061
0.32869960256995
-0.28345549781048
-0.50272101021329
-0.16458170920051
0.16347206880121
-0.06174180718984
-0.63546006376027
-0.87129470142706
-0.50551198289666
-0.04350681738304
-0.09036353631005
-0.55090280920920
-0.75715822546064
-0.35461463480533
0.22500000000000
0.32983751743022
-0.05551049412022
-0.29557081996101
0.04952137653628
0.63639610306789
0.78711974008562
0.38104760503608
0.01058919308363
0.19506536403791
0.69247879586444
0.81946607070641
0.35629161612785
-0.16005206152432
-0.14239014895981
0.27469123415091
0.41819588180333
-0.02738153908924
-0.59673671982166
-0.65316009496471
-0.22500000000000
0.03678837060679
-0.27637321411977
-0.78732793349829
-0.83020042852763
-0.33055742661667
0.09529830357881
-0.04673953705616
-0.47844147659119
-0.52156080465786
0.00000000000002
0.52156080465783
0.47844147659121
0.04673953705618
-0.09529830357881
0.33055742661664
0.83020042852763
0.78732793349827
0.27637321411983
-0.03678837060679
0.22500000000000
0.65316009496471
0.59673671982170
0.02738153908921
-0.41819588180331
-0.27469123415091
0.14239014895982
0.16005206152434
-0.35629161612785
-0.81946607070639
-0.69247879586445
-0.19506536403793
-0.01058919308363
-0.38104760503603
-0.78711974008562
-0.63639610306791
-0.04952137653628
0.29557081996101
0.05551049412024
-0.32983751743022
-0.22500000000002
0.35461463480530
0.75715822546063
0.55090280920921
0.09036353631011
0.04350681738305
0.50551198289663
0.87129470142706
0.63546006376025
0.06174180718991
-0.16347206880121
0.16458170920051
0.50272101021328
0.28345549781051
-0.32869960257000
-0.64875547815062
-0.37116238695048
0.03176415658272
-0.06044121436059
-0.59159460698285
-0.90000000000000
-0.59159460698282
-0.06044121436060
0.03176415658273
-0.37116238695046
-0.64875547815061
-0.32869960257001
0.28345549781049
0.50272101021328
0.16458170920052
-0.16347206880122
0.06174180718985
0.63546006376029
0.87129470142706
0.50551198289664
0.04350681738306
0.09036353631007
0.55090280920920
0.75715822546064
0.35461463480537
-0.22500000000000
-0.32983751743024
0.05551049412023
0.29557081996100
-0.04952137653622
-0.63639610306790
-0.78711974008563
-0.38104760503609
-0.01058919308363
-0.19506536403792
-0.69247879586439
-0.81946607070640
-0.35629161612786
0.16005206152432
0.14239014895978
-0.27469123415085
-0.41819588180333
0.02738153908922
0.59673671982166
0.65316009496472
0.22500000000001
-0.03678837060679
0.27637321411981
0.78732793349830
0.83020042852764
0.33055742661663
-0.09529830357879
0.04673953705617
0.47844147659120
0.52156080465786
0.00000000000003
-0.52156080465784
-0.47844147659120
-0.04673953705617
0.09529830357880
-0.33055742661663
-0.83020042852761
-0.78732793349830
-0.27637321411981
0.03678837060679
-0.22500000000001
-0.65316009496469
-0.59673671982169
-0.02738153908917
0.41819588180332
0.27469123415090
-0.14239014895981
-0.16005206152434
0.35629161612781
0.81946607070639
0.69247879586447
0.19506536403792
0.01058919308362
0.38104760503604
0.78711974008563
0.63639610306793
0.04952137653627
-0.29557081996100
-0.05551049412028
0.32983751743021
0.22499999999998
-0.35461463480526
-0.75715822546064
-0.55090280920919
-0.09036353631010
-0.04350681738306
-0.50551198289665
-0.87129470142706
-0.63546006376029
-0.06174180718986
0.16347206880121
-0.16458170920047
-0.50272101021327
-0.28345549781049
0.32869960256996
0.64875547815061
0.37116238695046
-0.03176415658271
0.06044121436060
0.59159460698282
0.90000000000000
0.59159460698285
0.06044121436062
-0.03176415658272
0.37116238695048
0.64875547815061
0.32869960256995
-0.28345549781046
-0.50272101021329
-0.16458170920046
0.16347206880119
-0.06174180718987
-0.63546006376029
-0.87129470142707
-0.50551198289668
-0.04350681738305
-0.09036353631008
-0.55090280920921
-0.75715822546063
-0.35461463480535
0.22500000000002
0.32983751743025
-0.05551049412025
-0.29557081996101
0.04952137653623
0.63639610306787
0.78711974008562
0.38104760503608
0.01058919308363
0.19506536403793
0.69247879586441
0.81946607070639
0.35629161612785
-0.16005206152433
-0.14239014895980
0.27469123415091
0.41819588180333
-0.02738153908918
-0.59673671982168
-0.65316009496471
-0.22500000000000
0.03678837060679
-0.27637321411978
-0.78732793349827
-0.83020042852763
-0.33055742661672
0.09529830357880
-0.04673953705615
-0.47844147659117
-0.52156080465783
-0.00000000000001
0.52156080465784
0.47844147659119
0.04673953705620
-0.09529830357881
0.33055742661669
0.83020042852759
0.78732793349829
0.27637321411980
-0.03678837060679
0.22500000000003
0.65316009496466
0.59673671982168
0.02738153908921
-0.41819588180331
-0.27469123415092
0.14239014895982
0.16005206152436
-0.35629161612782
-0.81946607070640
-0.69247879586446
-0.19506536403791
-0.01058919308363
-0.38104760503606
-0.78711974008562
-0.63639610306788
-0.04952137653629
0.29557081996101
0.05551049412025
-0.32983751743022
-0.22500000000000
0.35461463480533
0.75715822546063
0.55090280920922
0.09036353631009
0.04350681738304
0.50551198289666
0.87129470142706
0.63546006376031
0.06174180718989
-0.16347206880121
0.16458170920049
0.50272101021330
0.28345549781051
-0.32869960256994
-0.64875547815060
-0.37116238695054
0.03176415658271
-0.06044121436061
-0.59159460698278
-0.90000000000000
-0.59159460698279
-0.06044121436065
0.03176415658269
-0.37116238695050
-0.64875547815061
-0.32869960256999
0.28345549781047
0.50272101021329
0.16458170920048
-0.16347206880118
0.06174180718989
0.63546006376027
0.87129470142707
0.50551198289667
0.04350681738304
0.09036353631005
0.55090280920918
0.75715822546063
0.35461463480534
-0.22499999999999
-0.32983751743024
0.05551049412027
0.29557081996101
-0.04952137653624
-0.63639610306789
-0.78711974008562
-0.38104760503606
-0.01058919308364
-0.19506536403795
-0.69247879586442
-0.81946607070642
-0.35629161612788
0.16005206152432
0.14239014895983
-0.27469123415088
-0.41819588180333
0.02738153908920
0.59673671982168
0.65316009496472
0.22499999999998
-0.03678837060679
0.27637321411974
0.78732793349825
0.83020042852762
0.33055742661670
-0.09529830357880
0.04673953705619
0.47844147659118
0.52156080465785
0.00000000000005
-0.52156080465785
-0.47844147659122
-0.04673953705622
0.09529830357882
-0.33055742661666
-0.83020042852760
-0.78732793349831
-0.27637321411978
0.03678837060679
-0.22500000000000
-0.65316009496468
-0.59673671982167
-0.02738153908924
0.41819588180332
0.27469123415092
-0.14239014895979
-0.16005206152434
0.35629161612778
0.81946607070641
0.69247879586441
0.19506536403798
0.01058919308362
0.38104760503613
0.78711974008560
0.63639610306792
0.04952137653629
-0.29557081996100
-0.05551049412024
0.32983751743020
0.22499999999999
-0.35461463480534
-0.75715822546063
-0.55090280920926
-0.09036353631008
-0.04350681738303
-0.50551198289663
-0.87129470142706
-0.63546006376030
-0.06174180718988
0.16347206880120
-0.16458170920050
-0.50272101021330
-0.28345549781050
0.32869960256988
0.64875547815060
0.37116238695048
-0.03176415658270
0.06044121436062
0.59159460698280
0.90000000000000
0.59159460698287
0.06044121436060
-0.03176415658273
0.37116238695046
0.64875547815060
0.32869960256996
-0.28345549781048
-0.50272101021330
-0.16458170920048
0.16347206880121
-0.06174180718984
-0.63546006376023
-0.87129470142705
-0.50551198289670
-0.04350681738306
-0.09036353631006
-0.55090280920919
-0.75715822546063
-0.35461463480532
0.22500000000001
0.32983751743021
-0.05551049412018
-0.29557081996100
0.04952137653631
0.63639610306785
0.78711974008563
0.38104760503610
0.01058919308364
0.19506536403792
0.69247879586443
0.81946607070640
0.35629161612781
-0.16005206152433
-0.14239014895985
0.27469123415089
0.41819588180332
-0.02738153908917
-0.59673671982165
-0.65316009496469
-0.22500000000001
0.03678837060679
-0.27637321411986
-0.78732793349829
-0.83020042852764
-0.33055742661674
0.09529830357880
-0.04673953705618
-0.47844147659117
-0.52156080465787
0.00000000000003
0.52156080465785
0.47844147659124
0.04673953705614
-0.09529830357881
0.33055742661663
0.83020042852761
0.78732793349830
0.27637321411981
-0.03678837060679
0.22499999999997
0.65316009496472
0.59673671982167
0.02738153908928
-0.41819588180333
-0.27469123415089
0.14239014895979
0.16005206152436
-0.35629161612781
-0.81946607070639
-0.69247879586444
-0.19506536403801
-0.01058919308363
-0.38104760503604
-0.78711974008559
-0.63639610306790
-0.04952137653627
0.29557081996101
0.05551049412027
-0.32983751743024
-0.22500000000002
0.35461463480530
0.75715822546064
0.55090280920919
0.09036353631010
0.04350681738303
0.50551198289669
0.87129470142705
0.63546006376033
0.06174180718990
-0.16347206880122
0.16458170920046
0.50272101021329
0.28345549781049
-0.32869960256996
-0.64875547815061
-0.37116238695056
0.03176415658273
-0.06044121436063
-0.59159460698276
-0.90000000000000
-0.59159460698276
-0.06044121436063
0.03176415658273
-0.37116238695046
-0.64875547815061
-0.32869960256995
0.28345549781042
0.50272101021329
0.16458170920057
-0.16347206880119
0.06174180718982
0.63546006376025
0.87129470142707
0.50551198289668
0.04350681738305
0.09036353631007
0.55090280920921
0.75715822546065
0.35461463480531
-0.22500000000002
-0.32983751743026
0.05551049412019
0.29557081996101
-0.04952137653623
-0.63639610306787
-0.78711974008559
-0.38104760503608
-0.01058919308366
-0.19506536403793
-0.69247879586444
-0.81946607070642
-0.35629161612780
0.16005206152430
0.14239014895984
-0.27469123415095
-0.41819588180335
0.02738153908919
0.59673671982173
0.65316009496471
0.22500000000010
-0.03678837060679
0.27637321411982
0.78732793349824
0.83020042852761
0.33055742661662
-0.09529830357879
0.04673953705623
0.47844147659124
0.52156080465785
0.00000000000013
-0.52156080465783
-0.47844147659119
-0.04673953705625
0.09529830357881
-0.33055742661658
-0.83020042852759
-0.78732793349825
-0.27637321411985
0.03678837060679
-0.22499999999997
-0.65316009496469
-0.59673671982174
-0.02738153908921
0.41819588180332
0.27469123415097
-0.14239014895983
-0.16005206152432
0.35629161612776
0.81946607070638
0.69247879586438
0.19506536403795
0.01058919308363
0.38104760503606
0.78711974008561
0.63639610306789
0.04952137653625
-0.29557081996100
-0.05551049412022
0.32983751743018
0.22500000000003
-0.35461463480537
-0.75715822546063
-0.55090280920923
-0.09036353631009
-0.04350681738304
-0.50551198289666
-0.87129470142707
-0.63546006376037
-0.06174180718985
0.16347206880118
-0.16458170920045
-0.50272101021326
-0.28345549781043
0.32869960256992
0.64875547815060
0.37116238695050
-0.03176415658271
0.06044121436054
0.59159460698273
0.90000000000000
0.59159460698289
0.06044121436065
-0.03176415658269
0.37116238695045
0.64875547815061
0.32869960256999
-0.28345549781047
-0.50272101021328
-0.16458170920050
0.16347206880118
-0.06174180718980
-0.63546006376030
-0.87129470142707
-0.50551198289672
-0.04350681738302
-0.09036353631005
-0.55090280920909
-0.75715822546063
-0.35461463480534
0.22499999999993
0.32983751743016
-0.05551049412026
-0.29557081996101
0.04952137653628
0.63639610306792
0.78711974008564
0.38104760503602
0.01058919308364
0.19506536403790
0.69247879586442
0.81946607070641
0.35629161612783
-0.16005206152434
-0.14239014895980
0.27469123415084
0.41819588180332
-0.02738153908925
-0.59673671982165
-0.65316009496478
-0.22499999999993
0.03678837060679
-0.27637321411969
-0.78732793349828
-0.83020042852762
-0.33055742661676
0.09529830357881
-0.04673953705619
-0.47844147659114
-0.52156080465787
-0.00000000000006
