0.56470854059009
0.43272273894483
-0.01801977423535
0.06044121436060
0.64875547815061
0.88231403809940
0.39885473997263
-0.09529830357880
0.07422096924781
0.50311529493745
0.35168482291887
-0.32869960256996
-0.66120079564229
-0.29978014855144
0.04350681738305
-0.27637321411980
-0.82018914249494
-0.74643530098935
-0.12650111848139
0.16347206880121
-0.19478080510371
-0.47470734937971
-0.05426760548194
0.59673671982168
0.63639610306789
0.15321594827919
0.01576619684303
0.50551198289666
0.87139923010079
0.50311529493745
-0.11152573800793
-0.14239014895981
0.29528626102679
0.33407782708614
-0.27469123415090
-0.75715822546063
-0.51287990986943
-0.04152441648815
-0.15218761276894
-0.69247879586443
-0.78517583998135
-0.20251920382333
0.27106140137893
0.05551049412025
-0.33055742661666
-0.09524011418263
0.57339851353948
0.78711974008562
0.33396769992618
0.00000000000000
0.33396769992618
0.78711974008562
0.57339851353948
-0.09524011418262
-0.33055742661666
0.05551049412025
0.27106140137893
-0.20251920382333
-0.78517583998134
-0.69247879586443
-0.15218761276894
-0.04152441648814
-0.51287990986943
-0.75715822546063
-0.27469123415091
0.33407782708614
0.29528626102679
-0.14239014895981
-0.11152573800793
0.50311529493745
0.87139923010079
0.50551198289666
0.01576619684304
0.15321594827919
0.63639610306789
0.59673671982168
-0.05426760548194
-0.47470734937971
-0.19478080510371
0.16347206880121
-0.12650111848139
-0.74643530098934
-0.82018914249494
-0.27637321411980
0.04350681738305
-0.29978014855144
-0.66120079564229
-0.32869960256997
0.35168482291887
0.50311529493745
0.07422096924781
-0.09529830357881
0.39885473997263
0.88231403809940
0.64875547815061
0.06044121436060
-0.01801977423535
0.43272273894483
0.56470854059009
-0.00000000000001
-0.56470854059009
-0.43272273894484
0.01801977423535
-0.06044121436061
-0.64875547815060
-0.88231403809940
-0.39885473997265
0.09529830357880
-0.07422096924781
-0.50311529493745
-0.35168482291886
0.32869960256995
0.66120079564229
0.29978014855146
-0.04350681738305
0.27637321411980
0.82018914249494
0.74643530098935
0.12650111848140
-0.16347206880120
0.19478080510371
0.47470734937971
0.05426760548194
-0.59673671982168
-0.63639610306789
-0.15321594827918
-0.01576619684304
-0.50551198289665
-0.87139923010079
-0.50311529493746
0.11152573800794
0.14239014895980
-0.29528626102679
-0.33407782708614
0.27469123415090
0.75715822546063
0.51287990986943
0.04152441648814
0.15218761276893
0.69247879586443
0.78517583998135
0.20251920382333
-0.27106140137893
-0.05551049412025
0.33055742661666
0.09524011418264
-0.57339851353949
-0.78711974008562
-0.33396769992619
0.00000000000000
-0.33396769992617
-0.78711974008561
-0.57339851353948
0.09524011418263
0.33055742661667
-0.05551049412025
-0.27106140137893
0.20251920382333
0.78517583998134
0.69247879586443
0.15218761276894
0.04152441648814
0.51287990986942
0.75715822546064
0.27469123415091
-0.33407782708614
-0.29528626102679
0.14239014895981
0.11152573800794
-0.50311529493744
-0.87139923010079
-0.50551198289666
-0.01576619684304
-0.15321594827919
-0.63639610306788
-0.59673671982169
0.05426760548194
0.47470734937971
0.19478080510372
-0.16347206880121
0.12650111848139
0.74643530098934
0.82018914249494
0.27637321411982
-0.04350681738305
0.29978014855144
0.66120079564229
0.32869960256995
-0.35168482291887
-0.50311529493745
-0.07422096924782
0.09529830357881
-0.39885473997262
-0.88231403809940
-0.64875547815062
-0.06044121436061
0.01801977423536
-0.43272273894483
-0.56470854059009
0.00000000000002
0.56470854059008
0.43272273894484
-0.01801977423536
0.06044121436060
0.64875547815061
0.88231403809940
0.39885473997266
-0.09529830357881
0.07422096924783
0.50311529493744
0.35168482291887
-0.32869960256996
-0.66120079564229
-0.29978014855146
0.04350681738304
-0.27637321411978
-0.82018914249493
-0.74643530098935
-0.12650111848141
0.16347206880121
-0.19478080510372
-0.47470734937971
-0.05426760548196
0.59673671982168
0.63639610306789
0.15321594827920
0.01576619684303
0.50551198289662
0.87139923010079
0.50311529493744
-0.11152573800795
-0.14239014895982
0.29528626102679
0.33407782708614
-0.27469123415089
-0.75715822546063
-0.51287990986944
-0.04152441648816
-0.15218761276893
-0.69247879586443
-0.78517583998135
-0.20251920382334
0.27106140137893
0.05551049412025
-0.33055742661667
-0.09524011418263
0.57339851353946
0.78711974008562
0.33396769992618
0.00000000000000
0.33396769992618
0.78711974008562
0.57339851353948
-0.09524011418264
-0.33055742661666
0.05551049412023
0.27106140137893
-0.20251920382334
-0.78517583998134
-0.69247879586445
-0.15218761276894
-0.04152441648815
-0.51287990986944
-0.75715822546063
-0.27469123415092
0.33407782708614
0.29528626102678
-0.14239014895981
-0.11152573800794
0.50311529493745
0.87139923010079
0.50551198289664
0.01576619684303
0.15321594827918
0.63639610306790
0.59673671982167
-0.05426760548191
-0.47470734937970
-0.19478080510371
0.16347206880120
-0.12650111848139
-0.74643530098933
-0.82018914249494
-0.27637321411980
0.04350681738304
-0.29978014855142
-0.66120079564229
-0.32869960256996
0.35168482291885
0.50311529493745
0.07422096924782
-0.09529830357881
0.39885473997262
0.88231403809940
0.64875547815062
0.06044121436061
-0.01801977423535
0.43272273894482
0.56470854059009
0.00000000000001
-0.56470854059009
-0.43272273894484
0.01801977423535
-0.06044121436059
-0.64875547815060
-0.88231403809940
-0.39885473997264
0.09529830357881
-0.07422096924780
-0.50311529493744
-0.35168482291887
0.32869960256996
0.66120079564229
0.29978014855147
-0.04350681738305
0.27637321411980
0.82018914249494
0.74643530098935
0.12650111848141
-0.16347206880121
0.19478080510372
0.47470734937971
0.05426760548196
-0.59673671982167
-0.63639610306791
-0.15321594827920
-0.01576619684303
-0.50551198289662
-0.87139923010079
-0.50311529493747
0.11152573800793
0.14239014895980
-0.29528626102678
-0.33407782708614
0.27469123415088
0.75715822546063
0.51287990986946
0.04152441648815
0.15218761276892
0.69247879586441
0.78517583998136
0.20251920382334
-0.27106140137893
-0.05551049412026
0.33055742661666
0.09524011418266
-0.57339851353948
-0.78711974008562
-0.33396769992621
0.00000000000000
-0.33396769992618
-0.78711974008560
-0.57339851353949
0.09524011418263
0.33055742661668
-0.05551049412025
-0.27106140137893
0.20251920382331
0.78517583998133
0.69247879586443
0.15218761276896
0.04152441648814
0.51287990986944
0.75715822546064
0.27469123415089
-0.33407782708613
-0.29528626102681
0.14239014895978
0.11152573800793
-0.50311529493742
-0.87139923010079
-0.50551198289667
-0.01576619684303
-0.15321594827920
-0.63639610306789
-0.59673671982167
0.05426760548191
0.47470734937970
0.19478080510371
-0.16347206880121
0.12650111848138
0.74643530098933
0.82018914249496
0.27637321411980
-0.04350681738305
0.29978014855142
0.66120079564229
0.32869960256996
-0.35168482291885
-0.50311529493747
-0.07422096924780
0.09529830357881
-0.39885473997261
-0.88231403809939
-0.64875547815061
-0.06044121436061
0.01801977423537
-0.43272273894484
-0.56470854059010
0.00000000000003
0.56470854059008
0.43272273894487
-0.01801977423536
0.06044121436059
0.64875547815058
0.88231403809940
0.39885473997264
-0.09529830357880
0.07422096924782
0.50311529493746
0.35168482291888
-0.32869960256993
-0.66120079564229
-0.29978014855150
0.04350681738304
-0.27637321411982
-0.82018914249491
-0.74643530098932
-0.12650111848141
0.16347206880122
-0.19478080510372
-0.47470734937970
-0.05426760548197
0.59673671982168
0.63639610306793
0.15321594827921
0.01576619684304
0.50551198289661
0.87139923010078
0.50311529493747
-0.11152573800794
-0.14239014895984
0.29528626102678
0.33407782708615
-0.27469123415086
-0.75715822546062
-0.51287990986944
-0.04152441648816
-0.15218761276894
-0.69247879586443
-0.78517583998134
-0.20251920382332
0.27106140137892
0.05551049412021
-0.33055742661666
-0.09524011418266
0.57339851353944
0.78711974008562
0.33396769992616
0.00000000000000
0.33396769992617
0.78711974008561
0.57339851353947
-0.09524011418263
-0.33055742661666
0.05551049412018
0.27106140137893
-0.20251920382328
-0.78517583998136
-0.69247879586442
-0.15218761276897
-0.04152441648817
-0.51287990986941
-0.75715822546064
-0.27469123415090
0.33407782708613
0.29528626102681
-0.14239014895982
-0.11152573800794
0.50311529493744
0.87139923010078
0.50551198289665
0.01576619684304
0.15321594827918
0.63639610306791
0.59673671982171
-0.05426760548197
-0.47470734937971
-0.19478080510375
0.16347206880122
-0.12650111848138
-0.74643530098933
-0.82018914249493
-0.27637321411981
0.04350681738305
-0.29978014855147
-0.66120079564229
-0.32869960256996
0.35168482291885
0.50311529493744
0.07422096924780
-0.09529830357881
0.39885473997266
0.88231403809939
0.64875547815061
0.06044121436061
-0.01801977423537
0.43272273894484
0.56470854059009
0.00000000000003
-0.56470854059008
-0.43272273894484
0.01801977423535
-0.06044121436062
-0.64875547815057
-0.88231403809940
-0.39885473997265
0.09529830357881
-0.07422096924778
-0.50311529493745
-0.35168482291888
0.32869960256993
0.66120079564229
0.29978014855145
-0.04350681738304
0.27637321411982
0.82018914249494
0.74643530098936
0.12650111848137
-0.16347206880121
0.19478080510371
0.47470734937972
0.05426760548198
-0.59673671982168
-0.63639610306790
-0.15321594827917
-0.01576619684302
-0.50551198289666
-0.87139923010079
-0.50311529493748
0.11152573800794
0.14239014895981
-0.29528626102675
-0.33407782708613
0.27469123415091
0.75715822546062
0.51287990986939
0.04152441648816
0.15218761276894
0.69247879586442
0.78517583998135
0.20251920382338
-0.27106140137892
-0.05551049412022
0.33055742661665
0.09524011418262
-0.57339851353948
-0.78711974008563
-0.33396769992616
0.00000000000000
-0.33396769992612
-0.78711974008563
-0.57339851353951
0.09524011418259
0.33055742661665
-0.05551049412023
-0.27106140137892
0.20251920382332
0.78517583998134
0.69247879586446
0.15218761276893
0.04152441648814
0.51287990986941
0.75715822546064
0.27469123415091
-0.33407782708614
-0.29528626102677
0.14239014895981
0.11152573800797
-0.50311529493749
-0.87139923010079
-0.50551198289670
-0.01576619684304
-0.15321594827917
-0.63639610306787
-0.59673671982168
0.05426760548193
0.47470734937970
0.19478080510369
-0.16347206880121
0.12650111848138
0.74643530098932
0.82018914249494
0.27637321411986
-0.04350681738304
0.29978014855141
0.66120079564228
0.32869960256992
-0.35168482291885
-0.50311529493748
-0.07422096924780
0.09529830357881
-0.39885473997260
-0.88231403809940
-0.64875547815061
-0.06044121436061
0.01801977423537
-0.43272273894484
-0.56470854059010
-0.00000000000003
0.56470854059009
0.43272273894488
-0.01801977423537
0.06044121436058
0.64875547815057
0.88231403809940
0.39885473997265
-0.09529830357879
0.07422096924781
0.50311529493744
0.35168482291888
-0.32869960256996
-0.66120079564230
-0.29978014855145
0.04350681738304
-0.27637321411982
-0.82018914249491
-0.74643530098936
-0.12650111848137
0.16347206880122
-0.19478080510371
-0.47470734937971
-0.05426760548196
0.59673671982168
0.63639610306790
0.15321594827921
0.01576619684304
0.50551198289661
0.87139923010079
0.50311529493743
-0.11152573800791
-0.14239014895982
0.29528626102678
0.33407782708613
-0.27469123415085
-0.75715822546063
-0.51287990986944
-0.04152441648816
-0.15218761276893
-0.69247879586442
-0.78517583998136
-0.20251920382333
0.27106140137893
0.05551049412025
-0.33055742661666
-0.09524011418267
0.57339851353947
0.78711974008562
0.33396769992622
0.00000000000000
0.33396769992617
0.78711974008560
0.57339851353947
-0.09524011418262
-0.33055742661667
0.05551049412018
0.27106140137893
-0.20251920382332
-0.78517583998131
-0.69247879586446
-0.15218761276894
-0.04152441648814
-0.51287990986941
-0.75715822546063
-0.27469123415090
0.33407782708613
0.29528626102681
-0.14239014895981
-0.11152573800794
0.50311529493742
0.87139923010079
0.50551198289666
0.01576619684304
0.15321594827913
0.63639610306789
0.59673671982168
-0.05426760548186
-0.47470734937970
-0.19478080510371
0.16347206880119
-0.12650111848138
-0.74643530098929
-0.82018914249494
-0.27637321411981
0.04350681738304
-0.29978014855146
-0.66120079564229
-0.32869960256997
0.35168482291880
0.50311529493745
0.07422096924781
-0.09529830357883
0.39885473997260
0.88231403809940
0.64875547815066
0.06044121436062
-0.01801977423535
0.43272273894478
0.56470854059010
0.00000000000009
-0.56470854059009
-0.43272273894484
0.01801977423534
-0.06044121436055
-0.64875547815061
-0.88231403809940
-0.39885473997271
0.09529830357881
-0.07422096924781
-0.50311529493741
-0.35168482291889
0.32869960256997
0.66120079564230
0.29978014855145
-0.04350681738305
0.27637321411976
0.82018914249493
0.74643530098940
0.12650111848133
-0.16347206880121
0.19478080510366
0.47470734937972
0.05426760548192
-0.59673671982168
-0.63639610306793
-0.15321594827917
-0.01576619684304
-0.50551198289660
-0.87139923010079
-0.50311529493743
0.11152573800791
0.14239014895980
-0.29528626102674
-0.33407782708615
0.27469123415089
0.75715822546062
0.51287990986937
0.04152441648814
0.15218761276889
0.69247879586438
0.78517583998133
0.20251920382334
-0.27106140137892
-0.05551049412025
0.33055742661666
0.09524011418262
-0.57339851353947
-0.78711974008561
-0.33396769992617
0.00000000000000
-0.33396769992612
-0.78711974008562
-0.57339851353947
0.09524011418258
0.33055742661666
-0.05551049412027
-0.27106140137894
0.20251920382331
0.78517583998136
0.69247879586443
0.15218761276894
0.04152441648814
0.51287990986949
0.75715822546064
0.27469123415096
-0.33407782708610
-0.29528626102678
0.14239014895981
0.11152573800795
-0.50311529493743
-0.87139923010079
-0.50551198289671
-0.01576619684306
-0.15321594827920
-0.63639610306790
-0.59673671982169
0.05426760548180
0.47470734937970
0.19478080510365
-0.16347206880119
0.12650111848142
0.74643530098936
0.82018914249500
0.27637321411982
-0.04350681738303
0.29978014855141
0.66120079564228
0.32869960257002
-0.35168482291882
-0.50311529493745
-0.07422096924781
0.09529830357881
-0.39885473997259
-0.88231403809939
-0.64875547815067
-0.06044121436058
0.01801977423535
-0.43272273894474
-0.56470854059013
0.00000000000007
0.56470854059008
0.43272273894488
-0.01801977423537
0.06044121436055
0.64875547815061
0.88231403809940
0.39885473997266
-0.09529830357880
0.07422096924776
0.50311529493743
0.35168482291885
-0.32869960256996
-0.66120079564231
-0.29978014855146
0.04350681738304
-0.27637321411976
-0.82018914249490
-0.74643530098933
-0.12650111848147
0.16347206880119
-0.19478080510371
-0.47470734937970
-0.05426760548198
0.59673671982165
0.63639610306795
0.15321594827917
0.01576619684303
0.50551198289655
0.87139923010079
0.50311529493749
-0.11152573800791
-0.14239014895979
0.29528626102681
0.33407782708617
-0.27469123415078
-0.75715822546064
-0.51287990986946
-0.04152441648817
-0.15218761276889
-0.69247879586437
-0.78517583998134
-0.20251920382334
0.27106140137893
0.05551049412027
-0.33055742661664
-0.09524011418268
0.57339851353951
0.78711974008561
0.33396769992627
0.00000000000000
0.33396769992616
0.78711974008560
0.57339851353953
-0.09524011418266
-0.33055742661670
0.05551049412017
0.27106140137894
-0.20251920382333
-0.78517583998133
-0.69247879586447
-0.15218761276898
-0.04152441648816
-0.51287990986945
-0.75715822546065
-0.27469123415090
0.33407782708613
0.29528626102682
-0.14239014895978
-0.11152573800792
0.50311529493737
0.87139923010079
0.50551198289666
0.01576619684301
0.15321594827916
0.63639610306787
0.59673671982171
-0.05426760548196
-0.47470734937969
-0.19478080510380
0.16347206880120
-0.12650111848137
-0.74643530098939
-0.82018914249497
-0.27637321411977
0.04350681738305
-0.29978014855135
-0.66120079564229
-0.32869960256988
0.35168482291883
0.50311529493747
0.07422096924778
-0.09529830357883
0.39885473997264
0.88231403809937
0.64875547815062
0.06044121436062
-0.01801977423531
0.43272273894487
0.56470854059009
-0.00000000000001
-0.56470854059006
-0.43272273894485
0.01801977423540
-0.06044121436057
-0.64875547815056
-0.88231403809939
-0.39885473997272
0.09529830357880
-0.07422096924790
-0.50311529493745
-0.35168482291890
0.32869960256982
0.66120079564230
0.29978014855141
-0.04350681738305
0.27637321411971
0.82018914249493
0.74643530098930
0.12650111848144
-0.16347206880121
0.19478080510375
0.47470734937970
0.05426760548194
-0.59673671982172
-0.63639610306790
-0.15321594827922
-0.01576619684302
-0.50551198289659
-0.87139923010079
-0.50311529493745
0.11152573800793
0.14239014895981
-0.29528626102677
-0.33407782708616
0.27469123415096
0.75715822546063
0.51287990986951
0.04152441648814
0.15218761276900
0.69247879586441
0.78517583998136
0.20251920382329
-0.27106140137892
-0.05551049412022
0.33055742661670
0.09524011418264
-0.57339851353948
-0.78711974008563
-0.33396769992623
0.00000000000000
-0.33396769992621
-0.78711974008558
-0.57339851353949
0.09524011418269
0.33055742661667
-0.05551049412021
-0.27106140137893
0.20251920382326
0.78517583998133
0.69247879586442
0.15218761276894
0.04152441648813
0.51287990986939
0.75715822546062
0.27469123415087
-0.33407782708614
-0.29528626102686
0.14239014895980
0.11152573800795
-0.50311529493742
-0.87139923010078
-0.50551198289662
-0.01576619684306
-0.15321594827913
-0.63639610306797
-0.59673671982169
0.05426760548191
0.47470734937971
0.19478080510376
-0.16347206880122
0.12650111848141
0.74643530098935
0.82018914249494
0.27637321411983
-0.04350681738305
0.29978014855150
0.66120079564230
0.32869960257005
-0.35168482291878
-0.50311529493748
-0.07422096924782
0.09529830357881
-0.39885473997269
-0.88231403809938
-0.64875547815058
-0.06044121436059
0.01801977423535
-0.43272273894482
-0.56470854059010
-0.00000000000007
