0.54894234374705
0.52796285312746
0.10848134424604
-0.03485708921820
0.37406424399971
0.84078962161125
0.75053956289150
0.18107491054100
-0.19684043213112
-0.00000000000000
0.36970459715422
0.26803711725172
-0.32723309571611
-0.77448749793115
-0.60524866076756
-0.13398306516000
-0.03501330251359
-0.44665515243790
-0.78770191412369
-0.52900672706323
0.10050545592308
0.40760668871969
0.14051319962178
-0.19038302026394
0.00000000000000
0.58593868722402
0.88716542694382
0.56102247701691
0.05121008760585
-0.00000000000000
0.40135417186149
0.61476807650083
0.22106529177898
-0.41235747390321
-0.60524866076756
-0.25164624256397
0.05182863072066
-0.19474036476734
-0.72558612630842
-0.85595086466564
-0.38632110000871
0.13155862326280
0.11887378860999
-0.27318910844971
-0.37406424399971
0.10727908964070
0.68492425154742
0.72667852572501
0.27970009444425
0.00000000000000
0.27970009444424
0.72667852572501
0.68492425154742
0.10727908964071
-0.37406424399971
-0.27318910844971
0.11887378860999
0.13155862326280
-0.38632110000871
-0.85595086466564
-0.72558612630842
-0.19474036476734
0.05182863072066
-0.25164624256397
-0.60524866076756
-0.41235747390321
0.22106529177898
0.61476807650083
0.40135417186150
0.00000000000000
0.05121008760585
0.56102247701690
0.88716542694382
0.58593868722403
0.00000000000000
-0.19038302026393
0.14051319962178
0.40760668871969
0.10050545592308
-0.52900672706322
-0.78770191412368
-0.44665515243791
-0.03501330251359
-0.13398306516000
-0.60524866076756
-0.77448749793115
-0.32723309571612
0.26803711725172
0.36970459715422
-0.00000000000000
-0.19684043213112
0.18107491054100
0.75053956289149
0.84078962161125
0.37406424399970
-0.03485708921820
0.10848134424604
0.52796285312745
0.54894234374705
-0.00000000000000
-0.54894234374706
-0.52796285312746
-0.10848134424605
0.03485708921820
-0.37406424399970
-0.84078962161126
-0.75053956289150
-0.18107491054100
0.19684043213112
-0.00000000000000
-0.36970459715422
-0.26803711725173
0.32723309571611
0.77448749793115
0.60524866076756
0.13398306516000
0.03501330251359
0.44665515243790
0.78770191412368
0.52900672706324
-0.10050545592308
-0.40760668871969
-0.14051319962177
0.19038302026393
0.00000000000001
-0.58593868722402
-0.88716542694382
-0.56102247701691
-0.05121008760585
0.00000000000001
-0.40135417186150
-0.61476807650083
-0.22106529177898
0.41235747390321
0.60524866076757
0.25164624256397
-0.05182863072066
0.19474036476733
0.72558612630842
0.85595086466564
0.38632110000872
-0.13155862326280
-0.11887378860999
0.27318910844971
0.37406424399971
-0.10727908964071
-0.68492425154742
-0.72667852572502
-0.27970009444424
0.00000000000000
-0.27970009444424
-0.72667852572502
-0.68492425154742
-0.10727908964070
0.37406424399971
0.27318910844971
-0.11887378860999
-0.13155862326280
0.38632110000871
0.85595086466564
0.72558612630842
0.19474036476733
-0.05182863072066
0.25164624256397
0.60524866076755
0.41235747390321
-0.22106529177899
-0.61476807650083
-0.40135417186149
-0.00000000000000
-0.05121008760584
-0.56102247701691
-0.88716542694382
-0.58593868722403
-0.00000000000001
0.19038302026394
-0.14051319962178
-0.40760668871969
-0.10050545592308
0.52900672706323
0.78770191412369
0.44665515243790
0.03501330251360
0.13398306515999
0.60524866076756
0.77448749793116
0.32723309571611
-0.26803711725172
-0.36970459715422
0.00000000000000
0.19684043213112
-0.18107491054100
-0.75053956289149
-0.84078962161126
-0.37406424399971
0.03485708921820
-0.10848134424603
-0.52796285312747
-0.54894234374705
0.00000000000000
0.54894234374705
0.52796285312746
0.10848134424603
-0.03485708921820
0.37406424399971
0.84078962161124
0.75053956289151
0.18107491054099
-0.19684043213112
-0.00000000000001
0.36970459715422
0.26803711725172
-0.32723309571610
-0.77448749793115
-0.60524866076758
-0.13398306516000
-0.03501330251359
-0.44665515243789
-0.78770191412369
-0.52900672706322
0.10050545592307
0.40760668871969
0.14051319962177
-0.19038302026393
-0.00000000000002
0.58593868722402
0.88716542694382
0.56102247701693
0.05121008760585
0.00000000000001
0.40135417186149
0.61476807650083
0.22106529177899
-0.41235747390321
-0.60524866076756
-0.25164624256398
0.05182863072066
-0.19474036476732
-0.72558612630841
-0.85595086466565
-0.38632110000872
0.13155862326281
0.11887378860999
-0.27318910844970
-0.37406424399971
0.10727908964071
0.68492425154741
0.72667852572503
0.27970009444424
0.00000000000000
0.27970009444424
0.72667852572502
0.68492425154742
0.10727908964071
-0.37406424399971
-0.27318910844972
0.11887378860999
0.13155862326280
-0.38632110000870
-0.85595086466563
-0.72558612630843
-0.19474036476732
0.05182863072066
-0.25164624256396
-0.60524866076757
-0.41235747390321
0.22106529177897
0.61476807650082
0.40135417186149
0.00000000000001
0.05121008760583
0.56102247701691
0.88716542694382
0.58593868722402
0.00000000000000
-0.19038302026394
0.14051319962177
0.40760668871970
0.10050545592309
-0.52900672706320
-0.78770191412368
-0.44665515243791
-0.03501330251360
-0.13398306515999
-0.60524866076757
-0.77448749793115
-0.32723309571613
0.26803711725171
0.36970459715421
0.00000000000001
-0.19684043213112
0.18107491054100
0.75053956289149
0.84078962161126
0.37406424399971
-0.03485708921820
0.10848134424604
0.52796285312746
0.54894234374706
0.00000000000001
-0.54894234374706
-0.52796285312747
-0.10848134424606
0.03485708921820
-0.37406424399972
-0.84078962161125
-0.75053956289151
-0.18107491054098
0.19684043213112
0.00000000000002
-0.36970459715421
-0.26803711725172
0.32723309571609
0.77448749793115
0.60524866076756
0.13398306516001
0.03501330251359
0.44665515243791
0.78770191412368
0.52900672706323
-0.10050545592308
-0.40760668871969
-0.14051319962181
0.19038302026394
0.00000000000002
-0.58593868722399
-0.88716542694382
-0.56102247701692
-0.05121008760585
0.00000000000002
-0.40135417186148
-0.61476807650083
-0.22106529177900
0.41235747390322
0.60524866076756
0.25164624256397
-0.05182863072066
0.19474036476733
0.72558612630840
0.85595086466564
0.38632110000874
-0.13155862326280
-0.11887378861000
0.27318910844971
0.37406424399971
-0.10727908964067
-0.68492425154741
-0.72667852572502
-0.27970009444425
0.00000000000000
-0.27970009444423
-0.72667852572500
-0.68492425154743
-0.10727908964069
0.37406424399971
0.27318910844971
-0.11887378860999
-0.13155862326280
0.38632110000869
0.85595086466564
0.72558612630844
0.19474036476735
-0.05182863072066
0.25164624256398
0.60524866076756
0.41235747390324
-0.22106529177898
-0.61476807650082
-0.40135417186150
0.00000000000000
-0.05121008760585
-0.56102247701687
-0.88716542694382
-0.58593868722401
-0.00000000000001
0.19038302026394
-0.14051319962177
-0.40760668871970
-0.10050545592311
0.52900672706324
0.78770191412369
0.44665515243792
0.03501330251360
0.13398306516000
0.60524866076757
0.77448749793116
0.32723309571609
-0.26803711725171
-0.36970459715422
0.00000000000000
0.19684043213112
-0.18107491054096
-0.75053956289150
-0.84078962161126
-0.37406424399972
0.03485708921821
-0.10848134424603
-0.52796285312745
-0.54894234374706
0.00000000000001
0.54894234374704
0.52796285312747
0.10848134424605
-0.03485708921820
0.37406424399969
0.84078962161126
0.75053956289148
0.18107491054102
-0.19684043213112
0.00000000000000
0.36970459715422
0.26803711725174
-0.32723309571611
-0.77448749793114
-0.60524866076757
-0.13398306515998
-0.03501330251359
-0.44665515243792
-0.78770191412368
-0.52900672706324
0.10050545592306
0.40760668871969
0.14051319962181
-0.19038302026394
-0.00000000000002
0.58593868722401
0.88716542694382
0.56102247701690
0.05121008760584
-0.00000000000002
0.40135417186147
0.61476807650083
0.22106529177899
-0.41235747390317
-0.60524866076755
-0.25164624256399
0.05182863072066
-0.19474036476737
-0.72558612630838
-0.85595086466564
-0.38632110000870
0.13155862326279
0.11887378861000
-0.27318910844974
-0.37406424399972
0.10727908964071
0.68492425154742
0.72667852572503
0.27970009444421
0.00000000000000
0.27970009444424
0.72667852572502
0.68492425154744
0.10727908964073
-0.37406424399970
-0.27318910844975
0.11887378861000
0.13155862326280
-0.38632110000868
-0.85595086466565
-0.72558612630843
-0.19474036476734
0.05182863072066
-0.25164624256399
-0.60524866076755
-0.41235747390323
0.22106529177897
0.61476807650082
0.40135417186153
-0.00000000000001
0.05121008760583
0.56102247701689
0.88716542694382
0.58593868722407
-0.00000000000000
-0.19038302026395
0.14051319962175
0.40760668871969
0.10050545592309
-0.52900672706317
-0.78770191412368
-0.44665515243794
-0.03501330251360
-0.13398306516003
-0.60524866076751
-0.77448749793115
-0.32723309571611
0.26803711725170
0.36970459715423
0.00000000000001
-0.19684043213112
0.18107491054101
0.75053956289151
0.84078962161126
0.37406424399967
-0.03485708921819
0.10848134424604
0.52796285312747
0.54894234374707
0.00000000000004
-0.54894234374704
-0.52796285312747
-0.10848134424604
0.03485708921820
-0.37406424399968
-0.84078962161124
-0.75053956289151
-0.18107491054101
0.19684043213111
-0.00000000000001
-0.36970459715420
-0.26803711725173
0.32723309571615
0.77448749793115
0.60524866076756
0.13398306515999
0.03501330251358
0.44665515243788
0.78770191412368
0.52900672706328
-0.10050545592308
-0.40760668871969
-0.14051319962179
0.19038302026395
0.00000000000004
-0.58593868722402
-0.88716542694382
-0.56102247701694
-0.05121008760587
-0.00000000000003
-0.40135417186144
-0.61476807650083
-0.22106529177898
0.41235747390319
0.60524866076755
0.25164624256398
-0.05182863072067
0.19474036476734
0.72558612630843
0.85595086466565
0.38632110000873
-0.13155862326277
-0.11887378860998
0.27318910844971
0.37406424399971
-0.10727908964073
-0.68492425154741
-0.72667852572502
-0.27970009444424
0.00000000000000
-0.27970009444421
-0.72667852572499
-0.68492425154742
-0.10727908964071
0.37406424399971
0.27318910844969
-0.11887378860996
-0.13155862326282
0.38632110000875
0.85595086466562
0.72558612630842
0.19474036476733
-0.05182863072066
0.25164624256396
0.60524866076756
0.41235747390321
-0.22106529177899
-0.61476807650083
-0.40135417186151
0.00000000000002
-0.05121008760581
-0.56102247701690
-0.88716542694382
-0.58593868722405
-0.00000000000002
0.19038302026394
-0.14051319962176
-0.40760668871970
-0.10050545592308
0.52900672706319
0.78770191412368
0.44665515243792
0.03501330251360
0.13398306516000
0.60524866076757
0.77448749793116
0.32723309571614
-0.26803711725172
-0.36970459715423
-0.00000000000000
0.19684043213112
-0.18107491054097
-0.75053956289148
-0.84078962161126
-0.37406424399976
0.03485708921820
-0.10848134424601
-0.52796285312744
-0.54894234374705
-0.00000000000002
0.54894234374705
0.52796285312746
0.10848134424607
-0.03485708921821
0.37406424399974
0.84078962161123
0.75053956289150
0.18107491054100
-0.19684043213113
0.00000000000002
0.36970459715418
0.26803711725173
-0.32723309571611
-0.77448749793114
-0.60524866076759
-0.13398306515998
-0.03501330251357
-0.44665515243790
-0.78770191412368
-0.52900672706326
0.10050545592309
0.40760668871969
0.14051319962179
-0.19038302026394
0.00000000000000
0.58593868722399
0.88716542694382
0.56102247701692
0.05121008760585
-0.00000000000001
0.40135417186150
0.61476807650082
0.22106529177901
-0.41235747390320
-0.60524866076756
-0.25164624256397
0.05182863072066
-0.19474036476731
-0.72558612630840
-0.85595086466564
-0.38632110000872
0.13155862326280
0.11887378861002
-0.27318910844970
-0.37406424399969
0.10727908964064
0.68492425154741
0.72667852572501
0.27970009444428
0.00000000000000
0.27970009444428
0.72667852572497
0.68492425154738
0.10727908964070
-0.37406424399970
-0.27318910844972
0.11887378860998
0.13155862326281
-0.38632110000871
-0.85595086466561
-0.72558612630840
-0.19474036476736
0.05182863072067
-0.25164624256397
-0.60524866076756
-0.41235747390324
0.22106529177895
0.61476807650082
0.40135417186150
-0.00000000000001
0.05121008760582
0.56102247701692
0.88716542694382
0.58593868722404
-0.00000000000000
-0.19038302026394
0.14051319962180
0.40760668871970
0.10050545592306
-0.52900672706321
-0.78770191412370
-0.44665515243795
-0.03501330251361
-0.13398306515998
-0.60524866076755
-0.77448749793115
-0.32723309571612
0.26803711725172
0.36970459715423
-0.00000000000002
-0.19684043213112
0.18107491054093
0.75053956289146
0.84078962161125
0.37406424399975
-0.03485708921819
0.10848134424607
0.52796285312745
0.54894234374707
0.00000000000006
-0.54894234374706
-0.52796285312748
-0.10848134424610
0.03485708921822
-0.37406424399971
-0.84078962161123
-0.75053956289153
-0.18107491054098
0.19684043213112
0.00000000000001
-0.36970459715420
-0.26803711725171
0.32723309571607
0.77448749793114
0.60524866076758
0.13398306516000
0.03501330251360
0.44665515243787
0.78770191412369
0.52900672706320
-0.10050545592302
-0.40760668871968
-0.14051319962172
0.19038302026392
0.00000000000003
-0.58593868722400
-0.88716542694382
-0.56102247701691
-0.05121008760588
-0.00000000000001
-0.40135417186151
-0.61476807650083
-0.22106529177905
0.41235747390321
0.60524866076757
0.25164624256400
-0.05182863072066
0.19474036476732
0.72558612630841
0.85595086466564
0.38632110000870
-0.13155862326280
-0.11887378861000
0.27318910844967
0.37406424399970
-0.10727908964071
-0.68492425154739
-0.72667852572500
-0.27970009444426
0.00000000000000
-0.27970009444420
-0.72667852572501
-0.68492425154743
-0.10727908964074
0.37406424399969
0.27318910844971
-0.11887378861000
-0.13155862326283
0.38632110000873
0.85595086466565
0.72558612630843
0.19474036476739
-0.05182863072065
0.25164624256394
0.60524866076755
0.41235747390323
-0.22106529177898
-0.61476807650082
-0.40135417186149
0.00000000000000
-0.05121008760586
-0.56102247701684
-0.88716542694382
-0.58593868722398
-0.00000000000004
0.19038302026395
-0.14051319962176
-0.40760668871969
-0.10050545592309
0.52900672706322
0.78770191412369
0.44665515243789
0.03501330251360
0.13398306515995
0.60524866076756
0.77448749793115
0.32723309571616
-0.26803711725170
-0.36970459715421
-0.00000000000001
0.19684043213112
-0.18107491054105
-0.75053956289150
-0.84078962161127
-0.37406424399978
0.03485708921820
-0.10848134424604
-0.52796285312743
-0.54894234374708
0.00000000000002
0.54894234374704
0.52796285312750
0.10848134424600
-0.03485708921821
0.37406424399967
0.84078962161124
0.75053956289151
0.18107491054100
-0.19684043213112
-0.00000000000003
0.36970459715423
0.26803711725171
-0.32723309571603
-0.77448749793115
-0.60524866076757
-0.13398306516003
-0.03501330251358
-0.44665515243788
-0.78770191412368
-0.52900672706324
0.10050545592298
0.40760668871969
0.14051319962180
-0.19038302026391
-0.00000000000000
0.58593868722402
0.88716542694382
0.56102247701694
0.05121008760584
-0.00000000000001
0.40135417186148
0.61476807650082
0.22106529177898
-0.41235747390319
-0.60524866076756
-0.25164624256394
0.05182863072065
-0.19474036476729
-0.72558612630839
-0.85595086466565
-0.38632110000874
0.13155862326279
0.11887378861000
-0.27318910844971
-0.37406424399971
0.10727908964061
0.68492425154743
0.72667852572499
0.27970009444429
0.00000000000000
0.27970009444430
0.72667852572499
0.68492425154744
0.10727908964072
-0.37406424399971
-0.27318910844969
0.11887378860994
0.13155862326278
-0.38632110000864
-0.85595086466562
-0.72558612630846
-0.19474036476737
0.05182863072066
-0.25164624256396
-0.60524866076754
-0.41235747390322
0.22106529177898
0.61476807650082
0.40135417186148
-0.00000000000002
0.05121008760581
0.56102247701685
0.88716542694383
0.58593868722406
0.00000000000003
-0.19038302026390
0.14051319962176
0.40760668871968
0.10050545592308
-0.52900672706324
-0.78770191412371
-0.44665515243787
-0.03501330251362
-0.13398306515996
-0.60524866076762
-0.77448749793116
-0.32723309571614
0.26803711725177
0.36970459715421
0.00000000000009
-0.19684043213112
0.18107491054101
0.75053956289144
0.84078962161124
0.37406424399966
-0.03485708921819
0.10848134424610
0.52796285312751
0.54894234374707
0.00000000000013
-0.54894234374704
-0.52796285312746
-0.10848134424612
0.03485708921820
-0.37406424399964
-0.84078962161122
-0.75053956289147
-0.18107491054105
0.19684043213111
0.00000000000002
-0.36970459715421
-0.26803711725179
0.32723309571612
0.77448749793115
0.60524866076763
0.13398306515998
0.03501330251361
0.44665515243785
0.78770191412368
0.52900672706316
-0.10050545592304
-0.40760668871969
-0.14051319962178
0.19038302026394
0.00000000000000
-0.58593868722403
-0.88716542694383
-0.56102247701688
-0.05121008760589
0.00000000000003
-0.40135417186155
-0.61476807650083
-0.22106529177902
0.41235747390319
0.60524866076758
0.25164624256397
-0.05182863072067
0.19474036476726
0.72558612630844
0.85595086466563
0.38632110000877
-0.13155862326278
-0.11887378860994
0.27318910844968
0.37406424399974
-0.10727908964068
-0.68492425154743
-0.72667852572507
-0.27970009444433
0.00000000000000
-0.27970009444417
-0.72667852572497
-0.68492425154740
-0.10727908964076
0.37406424399970
0.27318910844973
-0.11887378860998
-0.13155862326281
0.38632110000869
0.85595086466560
0.72558612630849
0.19474036476732
-0.05182863072067
0.25164624256390
0.60524866076759
0.41235747390325
-0.22106529177885
-0.61476807650082
-0.40135417186151
-0.00000000000006
-0.05121008760590
-0.56102247701692
-0.88716542694382
-0.58593868722401
0.00000000000002
0.19038302026396
-0.14051319962183
-0.40760668871969
-0.10050545592311
0.52900672706320
0.78770191412369
0.44665515243791
0.03501330251359
0.13398306516001
0.60524866076749
0.77448749793115
0.32723309571608
-0.26803711725167
-0.36970459715428
0.00000000000004
0.19684043213112
-0.18107491054089
-0.75053956289149
-0.84078962161125
-0.37406424399980
0.03485708921820
-0.10848134424606
-0.52796285312741
-0.54894234374708
-0.00000000000008
