0.49773225614121
0.65952147639026
0.43571443996215
0.09912597594180
0.00000000000000
0.25485093438723
0.64205821864546
0.79584298704183
0.52874569417730
0.00000000000000
-0.41799731696947
-0.45864140847329
-0.18671989609434
0.06630212368010
0.00000000000000
-0.38562930772397
-0.78555286540509
-0.85426184115760
-0.50800181967944
-0.00000000000000
0.29734588805420
0.21286632395236
-0.08055209215721
-0.22524010948214
-0.00000000000000
0.47865959758332
0.85215212443023
0.82905959426863
0.43753118761456
0.00000000000000
-0.14758817188556
0.05374559948392
0.33993908038897
0.36213002402794
-0.00000000000000
-0.52483535101368
-0.83533679622316
-0.72270321789479
-0.32423195444693
-0.00000000000000
-0.01661650285449
-0.31509652917510
-0.56605046293743
-0.46357212871365
-0.00000000000000
0.51963656354392
0.73675288226808
0.54560361518401
0.17919463852117
0.00000000000000
0.17919463852116
0.54560361518401
0.73675288226808
0.51963656354392
-0.00000000000000
-0.46357212871365
-0.56605046293743
-0.31509652917510
-0.01661650285449
0.00000000000000
-0.32423195444693
-0.72270321789479
-0.83533679622316
-0.52483535101368
-0.00000000000000
0.36213002402794
0.33993908038898
0.05374559948392
-0.14758817188556
0.00000000000000
0.43753118761456
0.82905959426863
0.85215212443023
0.47865959758332
-0.00000000000000
-0.22524010948214
-0.08055209215721
0.21286632395235
0.29734588805420
0.00000000000000
-0.50800181967944
-0.85426184115760
-0.78555286540509
-0.38562930772397
0.00000000000000
0.06630212368010
-0.18671989609433
-0.45864140847329
-0.41799731696947
-0.00000000000000
0.52874569417729
0.79584298704183
0.64205821864546
0.25485093438723
-0.00000000000000
0.09912597594180
0.43571443996215
0.65952147639026
0.49773225614121
0.00000000000000
-0.49773225614120
-0.65952147639026
-0.43571443996216
-0.09912597594180
-0.00000000000000
-0.25485093438723
-0.64205821864546
-0.79584298704183
-0.52874569417730
0.00000000000000
0.41799731696947
0.45864140847329
0.18671989609434
-0.06630212368010
0.00000000000000
0.38562930772397
0.78555286540509
0.85426184115760
0.50800181967944
0.00000000000001
-0.29734588805420
-0.21286632395236
0.08055209215721
0.22524010948214
0.00000000000000
-0.47865959758332
-0.85215212443023
-0.82905959426863
-0.43753118761456
-0.00000000000001
0.14758817188556
-0.05374559948392
-0.33993908038898
-0.36213002402794
-0.00000000000000
0.52483535101368
0.83533679622316
0.72270321789479
0.32423195444693
0.00000000000000
0.01661650285449
0.31509652917509
0.56605046293743
0.46357212871365
0.00000000000000
-0.51963656354391
-0.73675288226808
-0.54560361518401
-0.17919463852118
0.00000000000000
-0.17919463852116
-0.54560361518401
-0.73675288226808
-0.51963656354392
-0.00000000000001
0.46357212871364
0.56605046293742
0.31509652917510
0.01661650285450
-0.00000000000000
0.32423195444691
0.72270321789479
0.83533679622316
0.52483535101369
0.00000000000001
-0.36213002402794
-0.33993908038897
-0.05374559948392
0.14758817188556
-0.00000000000000
-0.43753118761456
-0.82905959426863
-0.85215212443023
-0.47865959758333
-0.00000000000001
0.22524010948214
0.08055209215720
-0.21286632395236
-0.29734588805420
-0.00000000000000
0.50800181967944
0.85426184115759
0.78555286540509
0.38562930772398
0.00000000000000
-0.06630212368011
0.18671989609434
0.45864140847329
0.41799731696947
-0.00000000000000
-0.52874569417730
-0.79584298704183
-0.64205821864546
-0.25485093438724
-0.00000000000000
-0.09912597594179
-0.43571443996215
-0.65952147639026
-0.49773225614120
-0.00000000000001
0.49773225614120
0.65952147639027
0.43571443996215
0.09912597594180
-0.00000000000000
0.25485093438722
0.64205821864545
0.79584298704183
0.52874569417730
-0.00000000000001
-0.41799731696947
-0.45864140847329
-0.18671989609434
0.06630212368010
0.00000000000001
-0.38562930772398
-0.78555286540509
-0.85426184115760
-0.50800181967944
0.00000000000000
0.29734588805420
0.21286632395236
-0.08055209215721
-0.22524010948214
-0.00000000000001
0.47865959758331
0.85215212443022
0.82905959426863
0.43753118761458
-0.00000000000001
-0.14758817188556
0.05374559948393
0.33993908038897
0.36213002402794
0.00000000000001
-0.52483535101368
-0.83533679622316
-0.72270321789480
-0.32423195444694
-0.00000000000001
-0.01661650285448
-0.31509652917510
-0.56605046293743
-0.46357212871365
-0.00000000000001
0.51963656354391
0.73675288226808
0.54560361518402
0.17919463852118
0.00000000000000
0.17919463852117
0.54560361518401
0.73675288226808
0.51963656354392
0.00000000000000
-0.46357212871365
-0.56605046293742
-0.31509652917510
-0.01661650285449
0.00000000000001
-0.32423195444692
-0.72270321789479
-0.83533679622316
-0.52483535101368
-0.00000000000000
0.36213002402794
0.33993908038897
0.05374559948393
-0.14758817188556
-0.00000000000000
0.43753118761455
0.82905959426863
0.85215212443023
0.47865959758331
0.00000000000002
-0.22524010948214
-0.08055209215722
0.21286632395236
0.29734588805420
-0.00000000000000
-0.50800181967944
-0.85426184115759
-0.78555286540509
-0.38562930772399
-0.00000000000000
0.06630212368009
-0.18671989609433
-0.45864140847329
-0.41799731696948
0.00000000000000
0.52874569417728
0.79584298704183
0.64205821864547
0.25485093438724
-0.00000000000000
0.09912597594180
0.43571443996215
0.65952147639025
0.49773225614121
-0.00000000000001
-0.49773225614120
-0.65952147639026
-0.43571443996216
-0.09912597594180
-0.00000000000000
-0.25485093438723
-0.64205821864546
-0.79584298704182
-0.52874569417729
-0.00000000000001
0.41799731696946
0.45864140847331
0.18671989609434
-0.06630212368011
0.00000000000000
0.38562930772398
0.78555286540508
0.85426184115760
0.50800181967943
0.00000000000001
-0.29734588805420
-0.21286632395237
0.08055209215721
0.22524010948214
0.00000000000002
-0.47865959758330
-0.85215212443022
-0.82905959426863
-0.43753118761456
-0.00000000000002
0.14758817188557
-0.05374559948393
-0.33993908038898
-0.36213002402794
-0.00000000000002
0.52483535101368
0.83533679622316
0.72270321789479
0.32423195444695
-0.00000000000000
0.01661650285449
0.31509652917511
0.56605046293742
0.46357212871365
0.00000000000000
-0.51963656354391
-0.73675288226807
-0.54560361518403
-0.17919463852116
0.00000000000000
-0.17919463852116
-0.54560361518398
-0.73675288226808
-0.51963656354390
-0.00000000000002
0.46357212871365
0.56605046293743
0.31509652917509
0.01661650285450
-0.00000000000000
0.32423195444692
0.72270321789479
0.83533679622316
0.52483535101370
-0.00000000000001
-0.36213002402794
-0.33993908038897
-0.05374559948393
0.14758817188556
0.00000000000000
-0.43753118761453
-0.82905959426862
-0.85215212443023
-0.47865959758331
-0.00000000000001
0.22524010948214
0.08055209215721
-0.21286632395236
-0.29734588805421
0.00000000000000
0.50800181967942
0.85426184115760
0.78555286540512
0.38562930772399
0.00000000000000
-0.06630212368010
0.18671989609436
0.45864140847328
0.41799731696947
0.00000000000002
-0.52874569417731
-0.79584298704182
-0.64205821864547
-0.25485093438724
-0.00000000000000
-0.09912597594180
-0.43571443996213
-0.65952147639026
-0.49773225614120
-0.00000000000002
0.49773225614120
0.65952147639026
0.43571443996215
0.09912597594182
-0.00000000000000
0.25485093438724
0.64205821864547
0.79584298704183
0.52874569417731
0.00000000000001
-0.41799731696946
-0.45864140847331
-0.18671989609433
0.06630212368010
-0.00000000000000
-0.38562930772398
-0.78555286540509
-0.85426184115760
-0.50800181967945
0.00000000000002
0.29734588805419
0.21286632395235
-0.08055209215720
-0.22524010948214
-0.00000000000003
0.47865959758331
0.85215212443024
0.82905959426863
0.43753118761456
0.00000000000001
-0.14758817188556
0.05374559948393
0.33993908038896
0.36213002402795
0.00000000000001
-0.52483535101367
-0.83533679622316
-0.72270321789479
-0.32423195444692
0.00000000000000
-0.01661650285449
-0.31509652917509
-0.56605046293743
-0.46357212871365
-0.00000000000003
0.51963656354391
0.73675288226808
0.54560361518401
0.17919463852116
0.00000000000000
0.17919463852116
0.54560361518401
0.73675288226809
0.51963656354394
0.00000000000000
-0.46357212871363
-0.56605046293742
-0.31509652917514
-0.01661650285450
-0.00000000000001
-0.32423195444690
-0.72270321789480
-0.83533679622316
-0.52483535101368
-0.00000000000004
0.36213002402793
0.33993908038898
0.05374559948392
-0.14758817188555
-0.00000000000002
0.43753118761456
0.82905959426863
0.85215212443023
0.47865959758333
0.00000000000001
-0.22524010948214
-0.08055209215721
0.21286632395234
0.29734588805420
0.00000000000003
-0.50800181967945
-0.85426184115760
-0.78555286540510
-0.38562930772398
-0.00000000000000
0.06630212368010
-0.18671989609432
-0.45864140847329
-0.41799731696947
-0.00000000000002
0.52874569417729
0.79584298704183
0.64205821864544
0.25485093438726
-0.00000000000000
0.09912597594178
0.43571443996216
0.65952147639025
0.49773225614121
0.00000000000002
-0.49773225614119
-0.65952147639026
-0.43571443996218
-0.09912597594180
-0.00000000000000
-0.25485093438724
-0.64205821864545
-0.79584298704183
-0.52874569417732
-0.00000000000000
0.41799731696946
0.45864140847329
0.18671989609433
-0.06630212368011
-0.00000000000001
0.38562930772396
0.78555286540509
0.85426184115760
0.50800181967944
0.00000000000003
-0.29734588805420
-0.21286632395236
0.08055209215720
0.22524010948213
0.00000000000001
-0.47865959758331
-0.85215212443023
-0.82905959426863
-0.43753118761456
-0.00000000000000
0.14758817188558
-0.05374559948393
-0.33993908038896
-0.36213002402793
0.00000000000002
0.52483535101365
0.83533679622315
0.72270321789481
0.32423195444694
0.00000000000000
0.01661650285452
0.31509652917510
0.56605046293743
0.46357212871364
-0.00000000000000
-0.51963656354392
-0.73675288226809
-0.54560361518400
-0.17919463852119
0.00000000000000
-0.17919463852114
-0.54560361518403
-0.73675288226807
-0.51963656354393
0.00000000000004
0.46357212871363
0.56605046293744
0.31509652917515
0.01661650285450
0.00000000000000
0.32423195444693
0.72270321789480
0.83533679622316
0.52483535101372
-0.00000000000000
-0.36213002402794
-0.33993908038900
-0.05374559948395
0.14758817188558
0.00000000000001
-0.43753118761454
-0.82905959426865
-0.85215212443024
-0.47865959758332
-0.00000000000005
0.22524010948213
0.08055209215721
-0.21286632395232
-0.29734588805421
0.00000000000000
0.50800181967946
0.85426184115759
0.78555286540508
0.38562930772401
0.00000000000002
-0.06630212368011
0.18671989609432
0.45864140847327
0.41799731696947
-0.00000000000004
-0.52874569417729
-0.79584298704182
-0.64205821864546
-0.25485093438723
-0.00000000000001
-0.09912597594176
-0.43571443996216
-0.65952147639027
-0.49773225614123
0.00000000000001
0.49773225614121
0.65952147639028
0.43571443996218
0.09912597594181
-0.00000000000000
0.25485093438722
0.64205821864545
0.79584298704184
0.52874569417730
-0.00000000000001
-0.41799731696946
-0.45864140847328
-0.18671989609437
0.06630212368011
0.00000000000002
-0.38562930772394
-0.78555286540507
-0.85426184115759
-0.50800181967941
-0.00000000000002
0.29734588805419
0.21286632395237
-0.08055209215719
-0.22524010948213
-0.00000000000001
0.47865959758331
0.85215212443023
0.82905959426863
0.43753118761455
-0.00000000000001
-0.14758817188557
0.05374559948393
0.33993908038895
0.36213002402795
0.00000000000003
-0.52483535101366
-0.83533679622315
-0.72270321789477
-0.32423195444694
-0.00000000000000
-0.01661650285449
-0.31509652917510
-0.56605046293743
-0.46357212871368
0.00000000000001
0.51963656354392
0.73675288226808
0.54560361518405
0.17919463852115
0.00000000000000
0.17919463852115
0.54560361518399
0.73675288226808
0.51963656354393
0.00000000000002
-0.46357212871363
-0.56605046293743
-0.31509652917511
-0.01661650285449
0.00000000000002
-0.32423195444693
-0.72270321789476
-0.83533679622317
-0.52483535101367
-0.00000000000003
0.36213002402794
0.33993908038900
0.05374559948390
-0.14758817188555
-0.00000000000002
0.43753118761454
0.82905959426862
0.85215212443023
0.47865959758332
-0.00000000000001
-0.22524010948214
-0.08055209215719
0.21286632395233
0.29734588805420
-0.00000000000001
-0.50800181967941
-0.85426184115758
-0.78555286540511
-0.38562930772395
-0.00000000000002
0.06630212368011
-0.18671989609437
-0.45864140847328
-0.41799731696950
-0.00000000000001
0.52874569417729
0.79584298704182
0.64205821864550
0.25485093438723
-0.00000000000000
0.09912597594177
0.43571443996221
0.65952147639027
0.49773225614124
0.00000000000004
-0.49773225614122
-0.65952147639027
-0.43571443996217
-0.09912597594184
-0.00000000000001
-0.25485093438722
-0.64205821864541
-0.79584298704183
-0.52874569417730
-0.00000000000005
0.41799731696946
0.45864140847329
0.18671989609432
-0.06630212368009
0.00000000000001
0.38562930772399
0.78555286540507
0.85426184115761
0.50800181967941
0.00000000000001
-0.29734588805419
-0.21286632395235
0.08055209215720
0.22524010948213
0.00000000000001
-0.47865959758337
-0.85215212443023
-0.82905959426865
-0.43753118761460
0.00000000000001
0.14758817188558
-0.05374559948395
-0.33993908038896
-0.36213002402793
-0.00000000000003
0.52483535101366
0.83533679622317
0.72270321789481
0.32423195444694
0.00000000000001
0.01661650285449
0.31509652917506
0.56605046293743
0.46357212871369
-0.00000000000001
-0.51963656354393
-0.73675288226808
-0.54560361518400
-0.17919463852119
0.00000000000000
-0.17919463852115
-0.54560361518399
-0.73675288226808
-0.51963656354394
-0.00000000000007
0.46357212871363
0.56605046293742
0.31509652917514
0.01661650285450
0.00000000000000
0.32423195444693
0.72270321789476
0.83533679622316
0.52483535101367
0.00000000000003
-0.36213002402792
-0.33993908038896
-0.05374559948394
0.14758817188556
0.00000000000001
-0.43753118761454
-0.82905959426862
-0.85215212443025
-0.47865959758327
-0.00000000000001
0.22524010948214
0.08055209215723
-0.21286632395237
-0.29734588805420
-0.00000000000003
0.50800181967946
0.85426184115760
0.78555286540511
0.38562930772405
-0.00000000000001
-0.06630212368011
0.18671989609427
0.45864140847329
0.41799731696946
0.00000000000001
-0.52874569417729
-0.79584298704182
-0.64205821864545
-0.25485093438727
-0.00000000000001
-0.09912597594180
-0.43571443996212
-0.65952147639027
-0.49773225614124
-0.00000000000003
0.49773225614119
0.65952147639027
0.43571443996212
0.09912597594181
-0.00000000000000
0.25485093438723
0.64205821864546
0.79584298704182
0.52874569417730
0.00000000000006
-0.41799731696947
-0.45864140847328
-0.18671989609436
0.06630212368011
0.00000000000001
-0.38562930772394
-0.78555286540508
-0.85426184115760
-0.50800181967941
-0.00000000000002
0.29734588805419
0.21286632395236
-0.08055209215720
-0.22524010948213
0.00000000000001
0.47865959758332
0.85215212443023
0.82905959426865
0.43753118761460
-0.00000000000001
-0.14758817188557
0.05374559948393
0.33993908038899
0.36213002402794
0.00000000000003
-0.52483535101367
-0.83533679622316
-0.72270321789480
-0.32423195444698
0.00000000000001
-0.01661650285449
-0.31509652917506
-0.56605046293743
-0.46357212871364
-0.00000000000004
0.51963656354388
0.73675288226808
0.54560361518399
0.17919463852119
0.00000000000000
0.17919463852119
0.54560361518399
0.73675288226807
0.51963656354389
0.00000000000001
-0.46357212871363
-0.56605046293744
-0.31509652917511
-0.01661650285449
0.00000000000001
-0.32423195444689
-0.72270321789480
-0.83533679622317
-0.52483535101367
0.00000000000003
0.36213002402794
0.33993908038899
0.05374559948393
-0.14758817188557
-0.00000000000002
0.43753118761454
0.82905959426862
0.85215212443023
0.47865959758337
0.00000000000001
-0.22524010948214
-0.08055209215720
0.21286632395238
0.29734588805421
-0.00000000000002
-0.50800181967941
-0.85426184115759
-0.78555286540511
-0.38562930772399
0.00000000000001
0.06630212368010
-0.18671989609432
-0.45864140847328
-0.41799731696948
-0.00000000000006
0.52874569417730
0.79584298704182
0.64205821864545
0.25485093438727
0.00000000000001
0.09912597594181
0.43571443996213
0.65952147639027
0.49773225614120
0.00000000000003
-0.49773225614116
-0.65952147639027
-0.43571443996217
-0.09912597594180
0.00000000000001
-0.25485093438728
-0.64205821864546
-0.79584298704183
-0.52874569417730
-0.00000000000000
0.41799731696945
0.45864140847331
0.18671989609433
-0.06630212368012
-0.00000000000002
0.38562930772390
0.78555286540511
0.85426184115760
0.50800181967951
-0.00000000000005
-0.29734588805419
-0.21286632395240
0.08055209215716
0.22524010948214
0.00000000000000
-0.47865959758327
-0.85215212443021
-0.82905959426862
-0.43753118761460
-0.00000000000005
0.14758817188555
-0.05374559948390
-0.33993908038896
-0.36213002402795
0.00000000000000
0.52483535101366
0.83533679622316
0.72270321789484
0.32423195444693
0.00000000000002
0.01661650285450
0.31509652917511
0.56605046293741
0.46357212871365
0.00000000000007
-0.51963656354392
-0.73675288226810
-0.54560361518403
-0.17919463852118
0.00000000000000
-0.17919463852115
-0.54560361518400
-0.73675288226808
-0.51963656354393
-0.00000000000001
0.46357212871362
0.56605046293742
0.31509652917509
0.01661650285450
-0.00000000000002
0.32423195444689
0.72270321789481
0.83533679622317
0.52483535101369
-0.00000000000002
-0.36213002402793
-0.33993908038902
-0.05374559948393
0.14758817188556
0.00000000000001
-0.43753118761455
-0.82905959426863
-0.85215212443023
-0.47865959758338
0.00000000000000
0.22524010948213
0.08055209215724
-0.21286632395233
-0.29734588805420
-0.00000000000003
0.50800181967941
0.85426184115759
0.78555286540507
0.38562930772399
0.00000000000003
-0.06630212368008
0.18671989609433
0.45864140847328
0.41799731696951
-0.00000000000002
-0.52874569417730
-0.79584298704183
-0.64205821864545
-0.25485093438722
-0.00000000000001
-0.09912597594174
-0.43571443996217
-0.65952147639025
-0.49773225614122
-0.00000000000005
