0.53853557927544
0.56915794008018
0.18511791722333
-0.04193985418301
0.24016402838502
0.73329241097843
0.84512174011242
0.40313091435304
-0.13439639211832
-0.22500000000000
0.11229930021360
0.33011881360373
0.02386888294579
-0.56915794008018
-0.84541268915258
-0.55393971205210
-0.09243312850233
-0.02406141262997
-0.39791849656239
-0.69247879586443
-0.45002240350602
0.16334494741609
0.54794241079302
0.38244520205388
0.00000000000000
-0.02406141262997
0.42502770128728
0.85628420140243
0.76094632736311
0.22500000000000
-0.17219470992755
-0.05113310463767
0.31815691513717
0.35154083094431
-0.13390021561469
-0.68799376414382
-0.75952017057533
-0.35154083094431
-0.01061540929214
-0.16347206880121
-0.60125489551122
-0.73329241097843
-0.30426254850331
0.29033100414517
0.47134844515287
0.16334494741609
-0.12580600663376
0.07190136880800
0.61084870934027
0.90000000000000
0.61084870934028
0.07190136880800
-0.12580600663376
0.16334494741609
0.47134844515287
0.29033100414517
-0.30426254850330
-0.73329241097842
-0.60125489551122
-0.16347206880121
-0.01061540929214
-0.35154083094430
-0.75952017057533
-0.68799376414382
-0.13390021561470
0.35154083094431
0.31815691513717
-0.05113310463767
-0.17219470992755
0.22500000000000
0.76094632736311
0.85628420140243
0.42502770128728
-0.02406141262997
0.00000000000000
0.38244520205387
0.54794241079302
0.16334494741610
-0.45002240350603
-0.69247879586443
-0.39791849656239
-0.02406141262998
-0.09243312850233
-0.55393971205210
-0.84541268915258
-0.56915794008019
0.02386888294578
0.33011881360373
0.11229930021360
-0.22500000000000
-0.13439639211832
0.40313091435304
0.84512174011241
0.73329241097843
0.24016402838502
-0.04193985418301
0.18511791722332
0.56915794008018
0.53853557927545
0.00000000000000
-0.53853557927544
-0.56915794008019
-0.18511791722333
0.04193985418301
-0.24016402838501
-0.73329241097842
-0.84512174011242
-0.40313091435305
0.13439639211831
0.22500000000000
-0.11229930021361
-0.33011881360372
-0.02386888294579
0.56915794008018
0.84541268915258
0.55393971205210
0.09243312850233
0.02406141262998
0.39791849656239
0.69247879586443
0.45002240350602
-0.16334494741609
-0.54794241079302
-0.38244520205389
0.00000000000001
0.02406141262997
-0.42502770128727
-0.85628420140243
-0.76094632736312
-0.22500000000001
0.17219470992755
0.05113310463767
-0.31815691513716
-0.35154083094431
0.13390021561468
0.68799376414382
0.75952017057533
0.35154083094431
0.01061540929214
0.16347206880120
0.60125489551121
0.73329241097842
0.30426254850331
-0.29033100414516
-0.47134844515287
-0.16334494741609
0.12580600663376
-0.07190136880799
-0.61084870934027
-0.90000000000000
-0.61084870934028
-0.07190136880801
0.12580600663376
-0.16334494741609
-0.47134844515287
-0.29033100414517
0.30426254850329
0.73329241097843
0.60125489551122
0.16347206880121
0.01061540929214
0.35154083094431
0.75952017057532
0.68799376414383
0.13390021561471
-0.35154083094431
-0.31815691513716
0.05113310463767
0.17219470992755
-0.22500000000001
-0.76094632736311
-0.85628420140243
-0.42502770128729
0.02406141262997
0.00000000000000
-0.38244520205387
-0.54794241079302
-0.16334494741609
0.45002240350603
0.69247879586443
0.39791849656239
0.02406141262998
0.09243312850233
0.55393971205209
0.84541268915258
0.56915794008020
-0.02386888294580
-0.33011881360373
-0.11229930021361
0.22499999999999
0.13439639211832
-0.40313091435304
-0.84512174011241
-0.73329241097843
-0.24016402838502
0.04193985418301
-0.18511791722332
-0.56915794008018
-0.53853557927544
-0.00000000000000
0.53853557927544
0.56915794008019
0.18511791722333
-0.04193985418301
0.24016402838500
0.73329241097842
0.84512174011242
0.40313091435303
-0.13439639211832
-0.22500000000000
0.11229930021361
0.33011881360373
0.02386888294580
-0.56915794008017
-0.84541268915258
-0.55393971205210
-0.09243312850234
-0.02406141262997
-0.39791849656239
-0.69247879586443
-0.45002240350603
0.16334494741610
0.54794241079302
0.38244520205388
0.00000000000000
-0.02406141262997
0.42502770128726
0.85628420140243
0.76094632736313
0.22500000000001
-0.17219470992755
-0.05113310463768
0.31815691513717
0.35154083094431
-0.13390021561468
-0.68799376414382
-0.75952017057534
-0.35154083094431
-0.01061540929214
-0.16347206880120
-0.60125489551122
-0.73329241097843
-0.30426254850331
0.29033100414516
0.47134844515287
0.16334494741611
-0.12580600663376
0.07190136880798
0.61084870934027
0.90000000000000
0.61084870934027
0.07190136880800
-0.12580600663376
0.16334494741608
0.47134844515287
0.29033100414518
-0.30426254850330
-0.73329241097842
-0.60125489551123
-0.16347206880122
-0.01061540929214
-0.35154083094431
-0.75952017057534
-0.68799376414382
-0.13390021561469
0.35154083094430
0.31815691513717
-0.05113310463766
-0.17219470992755
0.22499999999998
0.76094632736311
0.85628420140243
0.42502770128726
-0.02406141262997
0.00000000000001
0.38244520205388
0.54794241079302
0.16334494741611
-0.45002240350603
-0.69247879586444
-0.39791849656239
-0.02406141262999
-0.09243312850233
-0.55393971205210
-0.84541268915258
-0.56915794008019
0.02386888294581
0.33011881360372
0.11229930021359
-0.22499999999999
-0.13439639211832
0.40313091435303
0.84512174011241
0.73329241097842
0.24016402838502
-0.04193985418301
0.18511791722334
0.56915794008017
0.53853557927545
0.00000000000000
-0.53853557927545
-0.56915794008019
-0.18511791722334
0.04193985418302
-0.24016402838501
-0.73329241097842
-0.84512174011242
-0.40313091435303
0.13439639211830
0.22500000000000
-0.11229930021360
-0.33011881360372
-0.02386888294579
0.56915794008016
0.84541268915258
0.55393971205208
0.09243312850234
0.02406141262998
0.39791849656237
0.69247879586443
0.45002240350603
-0.16334494741607
-0.54794241079302
-0.38244520205388
-0.00000000000000
0.02406141262998
-0.42502770128726
-0.85628420140242
-0.76094632736311
-0.22500000000004
0.17219470992754
0.05113310463764
-0.31815691513715
-0.35154083094430
0.13390021561465
0.68799376414382
0.75952017057534
0.35154083094431
0.01061540929214
0.16347206880122
0.60125489551121
0.73329241097842
0.30426254850331
-0.29033100414516
-0.47134844515286
-0.16334494741610
0.12580600663376
-0.07190136880797
-0.61084870934027
-0.90000000000000
-0.61084870934029
-0.07190136880802
0.12580600663376
-0.16334494741608
-0.47134844515286
-0.29033100414516
0.30426254850327
0.73329241097843
0.60125489551125
0.16347206880120
0.01061540929214
0.35154083094431
0.75952017057534
0.68799376414383
0.13390021561468
-0.35154083094430
-0.31815691513718
0.05113310463766
0.17219470992754
-0.22499999999998
-0.76094632736311
-0.85628420140244
-0.42502770128729
0.02406141262998
0.00000000000001
-0.38244520205387
-0.54794241079303
-0.16334494741611
0.45002240350600
0.69247879586444
0.39791849656242
0.02406141262998
0.09243312850230
0.55393971205210
0.84541268915258
0.56915794008019
-0.02386888294581
-0.33011881360373
-0.11229930021359
0.22500000000000
0.13439639211832
-0.40313091435303
-0.84512174011241
-0.73329241097844
-0.24016402838502
0.04193985418301
-0.18511791722332
-0.56915794008019
-0.53853557927546
-0.00000000000000
0.53853557927543
0.56915794008019
0.18511791722334
-0.04193985418301
0.24016402838499
0.73329241097842
0.84512174011241
0.40313091435306
-0.13439639211832
-0.22500000000001
0.11229930021362
0.33011881360372
0.02386888294579
-0.56915794008018
-0.84541268915258
-0.55393971205208
-0.09243312850234
-0.02406141262998
-0.39791849656239
-0.69247879586443
-0.45002240350604
0.16334494741610
0.54794241079302
0.38244520205388
0.00000000000002
-0.02406141262998
0.42502770128729
0.85628420140242
0.76094632736309
0.22500000000003
-0.17219470992755
-0.05113310463768
0.31815691513717
0.35154083094432
-0.13390021561470
-0.68799376414379
-0.75952017057533
-0.35154083094431
-0.01061540929214
-0.16347206880122
-0.60125489551123
-0.73329241097843
-0.30426254850331
0.29033100414518
0.47134844515287
0.16334494741608
-0.12580600663375
0.07190136880799
0.61084870934029
0.90000000000000
0.61084870934027
0.07190136880798
-0.12580600663376
0.16334494741606
0.47134844515289
0.29033100414517
-0.30426254850327
-0.73329241097842
-0.60125489551121
-0.16347206880122
-0.01061540929213
-0.35154083094433
-0.75952017057532
-0.68799376414384
-0.13390021561471
0.35154083094430
0.31815691513719
-0.05113310463766
-0.17219470992755
0.22499999999998
0.76094632736314
0.85628420140242
0.42502770128729
-0.02406141262996
0.00000000000002
0.38244520205388
0.54794241079302
0.16334494741610
-0.45002240350603
-0.69247879586443
-0.39791849656239
-0.02406141262997
-0.09243312850232
-0.55393971205210
-0.84541268915257
-0.56915794008019
0.02386888294575
0.33011881360373
0.11229930021364
-0.22499999999999
-0.13439639211829
0.40313091435301
0.84512174011241
0.73329241097842
0.24016402838499
-0.04193985418302
0.18511791722334
0.56915794008017
0.53853557927544
-0.00000000000001
-0.53853557927543
-0.56915794008019
-0.18511791722334
0.04193985418301
-0.24016402838499
-0.73329241097842
-0.84512174011242
-0.40313091435306
0.13439639211828
0.22499999999999
-0.11229930021359
-0.33011881360372
-0.02386888294577
0.56915794008018
0.84541268915258
0.55393971205215
0.09243312850232
0.02406141262996
0.39791849656239
0.69247879586443
0.45002240350603
-0.16334494741604
-0.54794241079301
-0.38244520205388
-0.00000000000002
0.02406141262996
-0.42502770128729
-0.85628420140242
-0.76094632736312
-0.22499999999999
0.17219470992755
0.05113310463771
-0.31815691513716
-0.35154083094431
0.13390021561466
0.68799376414380
0.75952017057532
0.35154083094434
0.01061540929214
0.16347206880117
0.60125489551120
0.73329241097843
0.30426254850334
-0.29033100414517
-0.47134844515287
-0.16334494741606
0.12580600663376
-0.07190136880798
-0.61084870934026
-0.90000000000000
-0.61084870934030
-0.07190136880800
0.12580600663377
-0.16334494741608
-0.47134844515287
-0.29033100414519
0.30426254850331
0.73329241097842
0.60125489551123
0.16347206880124
0.01061540929215
0.35154083094431
0.75952017057531
0.68799376414386
0.13390021561469
-0.35154083094432
-0.31815691513722
0.05113310463768
0.17219470992755
-0.22500000000001
-0.76094632736309
-0.85628420140243
-0.42502770128732
0.02406141262999
-0.00000000000001
-0.38244520205386
-0.54794241079302
-0.16334494741609
0.45002240350600
0.69247879586444
0.39791849656237
0.02406141262998
0.09243312850230
0.55393971205208
0.84541268915258
0.56915794008021
-0.02386888294578
-0.33011881360373
-0.11229930021363
0.22499999999999
0.13439639211834
-0.40313091435303
-0.84512174011240
-0.73329241097840
-0.24016402838506
0.04193985418302
-0.18511791722332
-0.56915794008019
-0.53853557927546
-0.00000000000001
0.53853557927545
0.56915794008020
0.18511791722332
-0.04193985418301
0.24016402838501
0.73329241097840
0.84512174011242
0.40313091435310
-0.13439639211831
-0.22500000000001
0.11229930021357
0.33011881360373
0.02386888294579
-0.56915794008016
-0.84541268915258
-0.55393971205208
-0.09243312850234
-0.02406141262995
-0.39791849656241
-0.69247879586443
-0.45002240350602
0.16334494741607
0.54794241079303
0.38244520205390
0.00000000000000
-0.02406141262997
0.42502770128726
0.85628420140241
0.76094632736310
0.22500000000000
-0.17219470992754
-0.05113310463765
0.31815691513717
0.35154083094432
-0.13390021561468
-0.68799376414382
-0.75952017057533
-0.35154083094436
-0.01061540929215
-0.16347206880120
-0.60125489551123
-0.73329241097843
-0.30426254850331
0.29033100414513
0.47134844515286
0.16334494741613
-0.12580600663375
0.07190136880799
0.61084870934029
0.90000000000000
0.61084870934032
0.07190136880802
-0.12580600663377
0.16334494741606
0.47134844515286
0.29033100414521
-0.30426254850328
-0.73329241097842
-0.60125489551125
-0.16347206880126
-0.01061540929214
-0.35154083094428
-0.75952017057530
-0.68799376414378
-0.13390021561466
0.35154083094429
0.31815691513723
-0.05113310463770
-0.17219470992755
0.22499999999992
0.76094632736307
0.85628420140242
0.42502770128729
-0.02406141262996
0.00000000000001
0.38244520205388
0.54794241079304
0.16334494741612
-0.45002240350603
-0.69247879586442
-0.39791849656240
-0.02406141262999
-0.09243312850232
-0.55393971205210
-0.84541268915258
-0.56915794008019
0.02386888294580
0.33011881360373
0.11229930021363
-0.22500000000001
-0.13439639211832
0.40313091435300
0.84512174011241
0.73329241097842
0.24016402838504
-0.04193985418301
0.18511791722334
0.56915794008017
0.53853557927548
0.00000000000004
-0.53853557927544
-0.56915794008021
-0.18511791722334
0.04193985418302
-0.24016402838499
-0.73329241097842
-0.84512174011243
-0.40313091435306
0.13439639211832
0.22500000000002
-0.11229930021355
-0.33011881360372
-0.02386888294582
0.56915794008013
0.84541268915258
0.55393971205206
0.09243312850235
0.02406141262994
0.39791849656244
0.69247879586444
0.45002240350604
-0.16334494741603
-0.54794241079303
-0.38244520205388
0.00000000000002
0.02406141262996
-0.42502770128728
-0.85628420140242
-0.76094632736312
-0.22499999999998
0.17219470992755
0.05113310463765
-0.31815691513716
-0.35154083094431
0.13390021561470
0.68799376414380
0.75952017057533
0.35154083094429
0.01061540929214
0.16347206880118
0.60125489551120
0.73329241097843
0.30426254850334
-0.29033100414511
-0.47134844515287
-0.16334494741612
0.12580600663375
-0.07190136880801
-0.61084870934026
-0.90000000000000
-0.61084870934030
-0.07190136880800
0.12580600663377
-0.16334494741609
-0.47134844515286
-0.29033100414519
0.30426254850325
0.73329241097841
0.60125489551119
0.16347206880124
0.01061540929214
0.35154083094426
0.75952017057533
0.68799376414383
0.13390021561474
-0.35154083094428
-0.31815691513714
0.05113310463769
0.17219470992756
-0.22500000000006
-0.76094632736312
-0.85628420140243
-0.42502770128737
0.02406141262999
-0.00000000000001
-0.38244520205386
-0.54794241079304
-0.16334494741609
0.45002240350601
0.69247879586443
0.39791849656237
0.02406141262998
0.09243312850233
0.55393971205208
0.84541268915258
0.56915794008021
-0.02386888294578
-0.33011881360373
-0.11229930021363
0.22500000000000
0.13439639211834
-0.40313091435303
-0.84512174011242
-0.73329241097844
-0.24016402838506
0.04193985418302
-0.18511791722332
-0.56915794008016
-0.53853557927547
-0.00000000000001
0.53853557927543
0.56915794008023
0.18511791722333
-0.04193985418301
0.24016402838497
0.73329241097840
0.84512174011242
0.40313091435308
-0.13439639211830
-0.22500000000002
0.11229930021357
0.33011881360373
0.02386888294584
-0.56915794008020
-0.84541268915258
-0.55393971205213
-0.09243312850237
-0.02406141262998
-0.39791849656242
-0.69247879586443
-0.45002240350611
0.16334494741612
0.54794241079302
0.38244520205390
-0.00000000000002
-0.02406141262997
0.42502770128725
0.85628420140243
0.76094632736310
0.22500000000001
-0.17219470992754
-0.05113310463765
0.31815691513717
0.35154083094432
-0.13390021561467
-0.68799376414382
-0.75952017057534
-0.35154083094431
-0.01061540929215
-0.16347206880120
-0.60125489551123
-0.73329241097844
-0.30426254850331
0.29033100414518
0.47134844515288
0.16334494741613
-0.12580600663375
0.07190136880799
0.61084870934024
0.90000000000000
0.61084870934027
0.07190136880802
-0.12580600663377
0.16334494741610
0.47134844515286
0.29033100414521
-0.30426254850327
-0.73329241097844
-0.60125489551125
-0.16347206880126
-0.01061540929213
-0.35154083094433
-0.75952017057530
-0.68799376414385
-0.13390021561465
0.35154083094431
0.31815691513720
-0.05113310463762
-0.17219470992754
0.22500000000002
0.76094632736310
0.85628420140247
0.42502770128724
-0.02406141262998
-0.00000000000001
0.38244520205387
0.54794241079302
0.16334494741611
-0.45002240350598
-0.69247879586443
-0.39791849656235
-0.02406141262996
-0.09243312850232
-0.55393971205205
-0.84541268915259
-0.56915794008020
0.02386888294576
0.33011881360372
0.11229930021359
-0.22499999999999
-0.13439639211829
0.40313091435305
0.84512174011241
0.73329241097846
0.24016402838500
-0.04193985418302
0.18511791722330
0.56915794008020
0.53853557927545
0.00000000000004
-0.53853557927541
-0.56915794008018
-0.18511791722335
0.04193985418302
-0.24016402838503
-0.73329241097842
-0.84512174011243
-0.40313091435312
0.13439639211831
0.22499999999995
-0.11229930021365
-0.33011881360373
-0.02386888294580
0.56915794008013
0.84541268915259
0.55393971205220
0.09243312850229
0.02406141262999
0.39791849656239
0.69247879586441
0.45002240350608
-0.16334494741600
-0.54794241079302
-0.38244520205383
0.00000000000002
0.02406141262998
-0.42502770128723
-0.85628420140240
-0.76094632736318
-0.22500000000004
0.17219470992754
0.05113310463766
-0.31815691513716
-0.35154083094433
0.13390021561472
0.68799376414380
0.75952017057535
0.35154083094439
0.01061540929215
0.16347206880118
0.60125489551116
0.73329241097842
0.30426254850324
-0.29033100414519
-0.47134844515288
-0.16334494741611
0.12580600663373
-0.07190136880793
-0.61084870934026
-0.90000000000000
-0.61084870934025
-0.07190136880800
0.12580600663377
-0.16334494741603
-0.47134844515288
-0.29033100414519
0.30426254850335
0.73329241097842
0.60125489551122
0.16347206880123
0.01061540929213
0.35154083094430
0.75952017057531
0.68799376414378
0.13390021561469
-0.35154083094430
-0.31815691513721
0.05113310463768
0.17219470992755
-0.22499999999995
-0.76094632736312
-0.85628420140243
-0.42502770128732
0.02406141262993
-0.00000000000000
-0.38244520205385
-0.54794241079302
-0.16334494741618
0.45002240350601
0.69247879586444
0.39791849656237
0.02406141262993
0.09243312850230
0.55393971205203
0.84541268915256
0.56915794008021
-0.02386888294582
-0.33011881360370
-0.11229930021360
0.22500000000001
0.13439639211831
-0.40313091435293
-0.84512174011240
-0.73329241097840
-0.24016402838502
0.04193985418301
-0.18511791722336
-0.56915794008019
-0.53853557927546
0.00000000000002
