0.55767815627228
0.48224411548110
0.03995964193806
0.00000000000000
0.51485526253592
0.89290323118303
0.59170613234344
0.00000000000000
-0.11924873839009
0.27811529493745
0.46391279374974
0.00000000000000
-0.61640254923944
-0.65607176467927
-0.19665721100197
0.00000000000000
-0.40565414307805
-0.83679883729943
-0.63137792971290
-0.00000000000000
0.27096428191902
-0.05651146757638
-0.34099808424399
-0.00000000000000
0.63639610306789
0.78867601203948
0.34099808424399
0.00000000000000
0.27096428191902
0.72811529493745
0.63137792971290
0.00000000000000
-0.40565414307805
-0.16864318312715
0.19665721100197
0.00000000000000
-0.61640254923944
-0.87172484501577
-0.46391279374974
-0.00000000000000
-0.11924873839009
-0.57368159077382
-0.59170613234344
-0.00000000000001
0.51485526253592
0.38320136240857
-0.03995964193806
-0.00000000000000
0.55767815627228
0.90000000000000
0.55767815627228
0.00000000000000
-0.03995964193807
0.38320136240857
0.51485526253592
-0.00000000000000
-0.59170613234344
-0.57368159077382
-0.11924873839009
0.00000000000000
-0.46391279374974
-0.87172484501577
-0.61640254923944
-0.00000000000000
0.19665721100197
-0.16864318312715
-0.40565414307806
-0.00000000000000
0.63137792971290
0.72811529493745
0.27096428191902
-0.00000000000000
0.34099808424399
0.78867601203948
0.63639610306789
0.00000000000001
-0.34099808424399
-0.05651146757638
0.27096428191902
0.00000000000000
-0.63137792971290
-0.83679883729943
-0.40565414307805
0.00000000000000
-0.19665721100197
-0.65607176467927
-0.61640254923945
-0.00000000000001
0.46391279374974
0.27811529493745
-0.11924873839009
-0.00000000000000
0.59170613234343
0.89290323118303
0.51485526253592
0.00000000000000
0.03995964193806
0.48224411548110
0.55767815627228
0.00000000000001
-0.55767815627228
-0.48224411548111
-0.03995964193807
0.00000000000000
-0.51485526253591
-0.89290323118303
-0.59170613234344
-0.00000000000000
0.11924873839009
-0.27811529493746
-0.46391279374974
0.00000000000000
0.61640254923944
0.65607176467927
0.19665721100196
0.00000000000000
0.40565414307806
0.83679883729943
0.63137792971290
0.00000000000001
-0.27096428191902
0.05651146757638
0.34099808424399
0.00000000000000
-0.63639610306789
-0.78867601203947
-0.34099808424399
0.00000000000000
-0.27096428191902
-0.72811529493745
-0.63137792971290
-0.00000000000001
0.40565414307806
0.16864318312716
-0.19665721100197
-0.00000000000001
0.61640254923943
0.87172484501577
0.46391279374974
0.00000000000000
0.11924873839009
0.57368159077382
0.59170613234344
0.00000000000000
-0.51485526253591
-0.38320136240857
0.03995964193806
0.00000000000000
-0.55767815627228
-0.90000000000000
-0.55767815627228
-0.00000000000001
0.03995964193806
-0.38320136240856
-0.51485526253592
-0.00000000000001
0.59170613234344
0.57368159077382
0.11924873839009
-0.00000000000000
0.46391279374973
0.87172484501577
0.61640254923945
0.00000000000000
-0.19665721100197
0.16864318312716
0.40565414307806
-0.00000000000000
-0.63137792971291
-0.72811529493745
-0.27096428191903
0.00000000000000
-0.34099808424398
-0.78867601203947
-0.63639610306791
-0.00000000000002
0.34099808424399
0.05651146757638
-0.27096428191902
-0.00000000000000
0.63137792971290
0.83679883729943
0.40565414307806
0.00000000000000
0.19665721100196
0.65607176467926
0.61640254923944
-0.00000000000000
-0.46391279374974
-0.27811529493746
0.11924873839009
0.00000000000001
-0.59170613234343
-0.89290323118303
-0.51485526253592
-0.00000000000000
-0.03995964193806
-0.48224411548110
-0.55767815627228
-0.00000000000002
0.55767815627228
0.48224411548109
0.03995964193806
-0.00000000000001
0.51485526253589
0.89290323118303
0.59170613234347
0.00000000000000
-0.11924873839010
0.27811529493744
0.46391279374974
0.00000000000002
-0.61640254923944
-0.65607176467927
-0.19665721100197
0.00000000000000
-0.40565414307805
-0.83679883729943
-0.63137792971289
0.00000000000001
0.27096428191902
-0.05651146757639
-0.34099808424400
0.00000000000000
0.63639610306789
0.78867601203948
0.34099808424400
0.00000000000000
0.27096428191901
0.72811529493746
0.63137792971289
-0.00000000000001
-0.40565414307805
-0.16864318312715
0.19665721100197
0.00000000000000
-0.61640254923944
-0.87172484501577
-0.46391279374975
-0.00000000000001
-0.11924873839010
-0.57368159077383
-0.59170613234344
0.00000000000000
0.51485526253592
0.38320136240857
-0.03995964193807
-0.00000000000000
0.55767815627227
0.90000000000000
0.55767815627226
-0.00000000000000
-0.03995964193806
0.38320136240857
0.51485526253592
0.00000000000000
-0.59170613234344
-0.57368159077382
-0.11924873839010
0.00000000000001
-0.46391279374970
-0.87172484501577
-0.61640254923946
-0.00000000000001
0.19665721100197
-0.16864318312713
-0.40565414307805
-0.00000000000003
0.63137792971288
0.72811529493746
0.27096428191903
-0.00000000000000
0.34099808424397
0.78867601203947
0.63639610306791
-0.00000000000000
-0.34099808424399
-0.05651146757638
0.27096428191902
0.00000000000001
-0.63137792971289
-0.83679883729943
-0.40565414307805
0.00000000000000
-0.19665721100197
-0.65607176467927
-0.61640254923944
-0.00000000000001
0.46391279374973
0.27811529493746
-0.11924873839009
-0.00000000000001
0.59170613234343
0.89290323118303
0.51485526253591
0.00000000000000
0.03995964193806
0.48224411548109
0.55767815627228
0.00000000000001
-0.55767815627228
-0.48224411548111
-0.03995964193807
0.00000000000001
-0.51485526253592
-0.89290323118303
-0.59170613234344
0.00000000000000
0.11924873839010
-0.27811529493745
-0.46391279374974
-0.00000000000001
0.61640254923943
0.65607176467928
0.19665721100197
0.00000000000000
0.40565414307806
0.83679883729943
0.63137792971290
0.00000000000001
-0.27096428191902
0.05651146757638
0.34099808424399
0.00000000000002
-0.63639610306787
-0.78867601203949
-0.34099808424399
-0.00000000000000
-0.27096428191902
-0.72811529493745
-0.63137792971291
0.00000000000001
0.40565414307805
0.16864318312714
-0.19665721100198
0.00000000000000
0.61640254923942
0.87172484501576
0.46391279374977
0.00000000000000
0.11924873839007
0.57368159077381
0.59170613234345
0.00000000000002
-0.51485526253592
-0.38320136240858
0.03995964193807
0.00000000000002
-0.55767815627227
-0.90000000000000
-0.55767815627229
-0.00000000000002
0.03995964193807
-0.38320136240857
-0.51485526253592
0.00000000000001
0.59170613234343
0.57368159077382
0.11924873839011
-0.00000000000000
0.46391279374970
0.87172484501577
0.61640254923943
0.00000000000001
-0.19665721100197
0.16864318312714
0.40565414307805
0.00000000000003
-0.63137792971290
-0.72811529493747
-0.27096428191903
0.00000000000000
-0.34099808424398
-0.78867601203948
-0.63639610306791
0.00000000000001
0.34099808424399
0.05651146757638
-0.27096428191902
-0.00000000000000
0.63137792971287
0.83679883729943
0.40565414307809
0.00000000000000
0.19665721100198
0.65607176467926
0.61640254923944
0.00000000000003
-0.46391279374973
-0.27811529493745
0.11924873839009
0.00000000000001
-0.59170613234343
-0.89290323118303
-0.51485526253591
0.00000000000000
-0.03995964193807
-0.48224411548107
-0.55767815627229
-0.00000000000003
0.55767815627227
0.48224411548108
0.03995964193808
0.00000000000001
0.51485526253587
0.89290323118303
0.59170613234344
0.00000000000003
-0.11924873839009
0.27811529493741
0.46391279374974
0.00000000000006
-0.61640254923944
-0.65607176467931
-0.19665721100198
0.00000000000000
-0.40565414307804
-0.83679883729942
-0.63137792971292
-0.00000000000002
0.27096428191902
-0.05651146757635
-0.34099808424399
-0.00000000000003
0.63639610306786
0.78867601203947
0.34099808424399
0.00000000000000
0.27096428191902
0.72811529493745
0.63137792971290
0.00000000000001
-0.40565414307806
-0.16864318312716
0.19665721100197
0.00000000000002
-0.61640254923943
-0.87172484501576
-0.46391279374976
0.00000000000001
-0.11924873839007
-0.57368159077384
-0.59170613234346
0.00000000000002
0.51485526253590
0.38320136240855
-0.03995964193804
0.00000000000000
0.55767815627228
0.90000000000000
0.55767815627228
0.00000000000000
-0.03995964193806
0.38320136240856
0.51485526253592
0.00000000000002
-0.59170613234343
-0.57368159077383
-0.11924873839011
-0.00000000000001
-0.46391279374971
-0.87172484501577
-0.61640254923947
0.00000000000001
0.19665721100198
-0.16864318312717
-0.40565414307805
0.00000000000000
0.63137792971287
0.72811529493745
0.27096428191902
-0.00000000000000
0.34099808424399
0.78867601203947
0.63639610306790
0.00000000000001
-0.34099808424399
-0.05651146757640
0.27096428191902
0.00000000000003
-0.63137792971288
-0.83679883729942
-0.40565414307803
0.00000000000000
-0.19665721100198
-0.65607176467928
-0.61640254923945
0.00000000000001
0.46391279374974
0.27811529493745
-0.11924873839010
-0.00000000000000
0.59170613234344
0.89290323118303
0.51485526253587
0.00000000000001
0.03995964193809
0.48224411548108
0.55767815627227
0.00000000000004
-0.55767815627227
-0.48224411548109
-0.03995964193805
-0.00000000000001
-0.51485526253593
-0.89290323118303
-0.59170613234344
0.00000000000001
0.11924873839008
-0.27811529493746
-0.46391279374974
-0.00000000000000
0.61640254923947
0.65607176467927
0.19665721100193
-0.00000000000000
0.40565414307809
0.83679883729942
0.63137792971287
0.00000000000003
-0.27096428191901
0.05651146757632
0.34099808424401
-0.00000000000002
-0.63639610306787
-0.78867601203950
-0.34099808424403
-0.00000000000000
-0.27096428191898
-0.72811529493743
-0.63137792971293
-0.00000000000005
0.40565414307805
0.16864318312721
-0.19665721100196
-0.00000000000005
0.61640254923943
0.87172484501579
0.46391279374975
0.00000000000001
0.11924873839007
0.57368159077381
0.59170613234346
0.00000000000003
-0.51485526253591
-0.38320136240860
0.03995964193804
0.00000000000002
-0.55767815627223
-0.90000000000000
-0.55767815627233
0.00000000000000
0.03995964193810
-0.38320136240856
-0.51485526253591
-0.00000000000002
0.59170613234344
0.57368159077382
0.11924873839011
-0.00000000000000
0.46391279374972
0.87172484501576
0.61640254923947
0.00000000000003
-0.19665721100198
0.16864318312716
0.40565414307805
-0.00000000000002
-0.63137792971287
-0.72811529493745
-0.27096428191906
0.00000000000000
-0.34099808424394
-0.78867601203947
-0.63639610306794
-0.00000000000001
0.34099808424400
0.05651146757639
-0.27096428191902
-0.00000000000002
0.63137792971289
0.83679883729943
0.40565414307808
0.00000000000001
0.19665721100195
0.65607176467925
0.61640254923947
-0.00000000000002
-0.46391279374974
-0.27811529493745
0.11924873839007
0.00000000000000
-0.59170613234339
-0.89290323118303
-0.51485526253597
-0.00000000000000
-0.03995964193806
-0.48224411548109
-0.55767815627229
-0.00000000000002
0.55767815627227
0.48224411548112
0.03995964193809
-0.00000000000001
0.51485526253589
0.89290323118303
0.59170613234348
0.00000000000004
-0.11924873839009
0.27811529493745
0.46391279374974
0.00000000000000
-0.61640254923944
-0.65607176467927
-0.19665721100197
-0.00000000000000
-0.40565414307805
-0.83679883729942
-0.63137792971287
-0.00000000000002
0.27096428191900
-0.05651146757637
-0.34099808424399
-0.00000000000003
0.63639610306791
0.78867601203949
0.34099808424397
0.00000000000000
0.27096428191903
0.72811529493745
0.63137792971290
-0.00000000000001
-0.40565414307805
-0.16864318312715
0.19665721100197
0.00000000000001
-0.61640254923943
-0.87172484501577
-0.46391279374975
-0.00000000000001
-0.11924873839012
-0.57368159077381
-0.59170613234343
-0.00000000000004
0.51485526253593
0.38320136240859
-0.03995964193808
-0.00000000000002
0.55767815627229
0.90000000000000
0.55767815627227
0.00000000000003
-0.03995964193803
0.38320136240857
0.51485526253592
0.00000000000002
-0.59170613234346
-0.57368159077383
-0.11924873839010
0.00000000000001
-0.46391279374977
-0.87172484501576
-0.61640254923947
0.00000000000002
0.19665721100196
-0.16864318312718
-0.40565414307805
0.00000000000002
0.63137792971291
0.72811529493744
0.27096428191910
0.00000000000000
0.34099808424400
0.78867601203945
0.63639610306785
-0.00000000000004
-0.34099808424399
-0.05651146757643
0.27096428191902
0.00000000000001
-0.63137792971285
-0.83679883729945
-0.40565414307807
-0.00000000000000
-0.19665721100191
-0.65607176467925
-0.61640254923946
-0.00000000000003
0.46391279374972
0.27811529493744
-0.11924873839007
-0.00000000000003
0.59170613234335
0.89290323118303
0.51485526253596
0.00000000000003
0.03995964193806
0.48224411548109
0.55767815627231
0.00000000000007
-0.55767815627228
-0.48224411548111
-0.03995964193812
0.00000000000004
-0.51485526253589
-0.89290323118303
-0.59170613234352
0.00000000000001
0.11924873839011
-0.27811529493742
-0.46391279374975
0.00000000000001
0.61640254923941
0.65607176467929
0.19665721100197
0.00000000000000
0.40565414307800
0.83679883729941
0.63137792971290
0.00000000000001
-0.27096428191902
0.05651146757634
0.34099808424399
0.00000000000001
-0.63639610306787
-0.78867601203947
-0.34099808424402
-0.00000000000000
-0.27096428191899
-0.72811529493746
-0.63137792971292
-0.00000000000005
0.40565414307805
0.16864318312715
-0.19665721100198
-0.00000000000004
0.61640254923945
0.87172484501577
0.46391279374974
0.00000000000002
0.11924873839008
0.57368159077382
0.59170613234346
0.00000000000009
-0.51485526253593
-0.38320136240859
0.03995964193805
-0.00000000000001
-0.55767815627229
-0.90000000000000
-0.55767815627232
0.00000000000001
0.03995964193806
-0.38320136240853
-0.51485526253593
-0.00000000000000
0.59170613234344
0.57368159077385
0.11924873839006
-0.00000000000000
0.46391279374973
0.87172484501575
0.61640254923941
0.00000000000002
-0.19665721100197
0.16864318312709
0.40565414307805
0.00000000000003
-0.63137792971288
-0.72811529493745
-0.27096428191900
0.00000000000000
-0.34099808424395
-0.78867601203948
-0.63639610306789
-0.00000000000005
0.34099808424399
0.05651146757638
-0.27096428191902
-0.00000000000001
0.63137792971294
0.83679883729943
0.40565414307807
0.00000000000001
0.19665721100200
0.65607176467926
0.61640254923946
0.00000000000003
-0.46391279374975
-0.27811529493743
0.11924873839008
-0.00000000000001
-0.59170613234345
-0.89290323118303
-0.51485526253601
-0.00000000000002
-0.03995964193807
-0.48224411548106
-0.55767815627232
-0.00000000000006
0.55767815627227
0.48224411548115
0.03995964193808
0.00000000000001
0.51485526253590
0.89290323118302
0.59170613234347
-0.00000000000002
-0.11924873839011
0.27811529493739
0.46391279374974
-0.00000000000001
-0.61640254923941
-0.65607176467926
-0.19665721100192
0.00000000000002
-0.40565414307801
-0.83679883729943
-0.63137792971286
-0.00000000000010
0.27096428191903
-0.05651146757638
-0.34099808424400
-0.00000000000010
0.63639610306792
0.78867601203949
0.34099808424396
0.00000000000001
0.27096428191904
0.72811529493744
0.63137792971289
0.00000000000002
-0.40565414307805
-0.16864318312719
0.19665721100199
0.00000000000003
-0.61640254923945
-0.87172484501578
-0.46391279374974
-0.00000000000002
-0.11924873839009
-0.57368159077379
-0.59170613234341
-0.00000000000006
0.51485526253591
0.38320136240862
-0.03995964193812
-0.00000000000004
0.55767815627225
0.90000000000000
0.55767815627221
-0.00000000000001
-0.03995964193808
0.38320136240858
0.51485526253591
0.00000000000000
-0.59170613234341
-0.57368159077383
-0.11924873839005
0.00000000000000
-0.46391279374968
-0.87172484501577
-0.61640254923941
-0.00000000000002
0.19665721100196
-0.16864318312713
-0.40565414307806
-0.00000000000003
0.63137792971292
0.72811529493746
0.27096428191900
-0.00000000000000
0.34099808424401
0.78867601203946
0.63639610306789
-0.00000000000005
-0.34099808424399
-0.05651146757642
0.27096428191903
-0.00000000000004
-0.63137792971290
-0.83679883729944
-0.40565414307806
0.00000000000001
-0.19665721100196
-0.65607176467923
-0.61640254923940
0.00000000000003
0.46391279374973
0.27811529493752
-0.11924873839013
0.00000000000001
0.59170613234341
0.89290323118304
0.51485526253585
-0.00000000000001
0.03995964193796
0.48224411548110
0.55767815627227
0.00000000000001
-0.55767815627225
-0.48224411548110
-0.03995964193811
0.00000000000001
-0.51485526253585
-0.89290323118303
-0.59170613234351
-0.00000000000002
0.11924873839013
-0.27811529493744
-0.46391279374975
-0.00000000000004
0.61640254923941
0.65607176467929
0.19665721100204
-0.00000000000001
0.40565414307796
0.83679883729941
0.63137792971298
-0.00000000000006
-0.27096428191901
0.05651146757634
0.34099808424398
-0.00000000000003
-0.63639610306788
-0.78867601203950
-0.34099808424411
0.00000000000000
-0.27096428191900
-0.72811529493741
-0.63137792971292
0.00000000000001
0.40565414307805
0.16864318312723
-0.19665721100194
0.00000000000000
0.61640254923940
0.87172484501579
0.46391279374978
0.00000000000000
0.11924873839006
0.57368159077382
0.59170613234347
0.00000000000001
-0.51485526253588
-0.38320136240857
0.03995964193800
0.00000000000001
-0.55767815627221
-0.90000000000000
-0.55767815627235
-0.00000000000002
0.03995964193805
-0.38320136240854
-0.51485526253593
-0.00000000000004
0.59170613234344
0.57368159077385
0.11924873839016
-0.00000000000002
0.46391279374974
0.87172484501576
0.61640254923954
-0.00000000000005
-0.19665721100197
0.16864318312720
0.40565414307805
-0.00000000000003
-0.63137792971289
-0.72811529493743
-0.27096428191904
-0.00000000000000
-0.34099808424397
-0.78867601203950
-0.63639610306792
0.00000000000001
0.34099808424400
0.05651146757637
-0.27096428191901
0.00000000000000
0.63137792971286
0.83679883729943
0.40565414307811
0.00000000000000
0.19665721100192
0.65607176467927
0.61640254923948
0.00000000000004
-0.46391279374971
-0.27811529493740
0.11924873839005
0.00000000000002
-0.59170613234346
-0.89290323118302
-0.51485526253600
-0.00000000000002
-0.03995964193808
-0.48224411548115
-0.55767815627231
-0.00000000000007
