0.59159460698282
0.47844147659119
0.03176415658271
0.09529830357880
0.64875547815061
0.83020042852762
0.28345549781049
-0.27637321411980
-0.16458170920049
0.22500000000000
0.06174180718987
-0.59673671982168
-0.87129470142706
-0.41819588180332
0.04350681738305
-0.14239014895980
-0.55090280920920
-0.35629161612783
0.35461463480532
0.69247879586443
0.32983751743022
-0.01058919308363
0.29557081996100
0.78711974008562
0.63639610306789
-0.04952137653627
-0.38104760503607
-0.05551049412025
0.19506536403793
-0.22500000000000
-0.81946607070640
-0.75715822546063
-0.16005206152433
0.09036353631008
-0.27469123415090
-0.50551198289666
-0.02738153908921
0.63546006376029
0.65316009496470
0.16347206880121
0.03678837060679
0.50272101021329
0.78732793349829
0.32869960256996
-0.33055742661666
-0.37116238695049
0.04673953705617
0.06044121436060
-0.52156080465784
-0.90000000000000
-0.52156080465785
0.06044121436060
0.04673953705617
-0.37116238695048
-0.33055742661666
0.32869960256995
0.78732793349829
0.50272101021329
0.03678837060679
0.16347206880121
0.65316009496470
0.63546006376029
-0.02738153908921
-0.50551198289666
-0.27469123415090
0.09036353631008
-0.16005206152433
-0.75715822546064
-0.81946607070640
-0.22500000000000
0.19506536403793
-0.05551049412025
-0.38104760503607
-0.04952137653627
0.63639610306789
0.78711974008562
0.29557081996100
-0.01058919308363
0.32983751743022
0.69247879586443
0.35461463480532
-0.35629161612782
-0.55090280920920
-0.14239014895980
0.04350681738305
-0.41819588180332
-0.87129470142706
-0.59673671982169
0.06174180718987
0.22500000000000
-0.16458170920049
-0.27637321411981
0.28345549781048
0.83020042852762
0.64875547815061
0.09529830357880
0.03176415658271
0.47844147659119
0.59159460698282
-0.00000000000001
-0.59159460698282
-0.47844147659120
-0.03176415658272
-0.09529830357881
-0.64875547815060
-0.83020042852762
-0.28345549781050
0.27637321411980
0.16458170920049
-0.22500000000000
-0.06174180718986
0.59673671982168
0.87129470142706
0.41819588180334
-0.04350681738305
0.14239014895980
0.55090280920921
0.35629161612783
-0.35461463480531
-0.69247879586443
-0.32983751743022
0.01058919308363
-0.29557081996100
-0.78711974008562
-0.63639610306790
0.04952137653627
0.38104760503607
0.05551049412026
-0.19506536403793
0.22499999999999
0.81946607070640
0.75715822546063
0.16005206152433
-0.09036353631008
0.27469123415090
0.50551198289666
0.02738153908921
-0.63546006376029
-0.65316009496471
-0.16347206880121
-0.03678837060678
-0.50272101021329
-0.78732793349829
-0.32869960256996
0.33055742661666
0.37116238695049
-0.04673953705618
-0.06044121436061
0.52156080465784
0.90000000000000
0.52156080465785
-0.06044121436060
-0.04673953705617
0.37116238695049
0.33055742661667
-0.32869960256996
-0.78732793349828
-0.50272101021329
-0.03678837060679
-0.16347206880120
-0.65316009496470
-0.63546006376029
0.02738153908920
0.50551198289666
0.27469123415091
-0.09036353631008
0.16005206152433
0.75715822546063
0.81946607070640
0.22500000000001
-0.19506536403792
0.05551049412025
0.38104760503607
0.04952137653628
-0.63639610306788
-0.78711974008563
-0.29557081996100
0.01058919308363
-0.32983751743021
-0.69247879586443
-0.35461463480532
0.35629161612782
0.55090280920920
0.14239014895982
-0.04350681738305
0.41819588180332
0.87129470142706
0.59673671982167
-0.06174180718987
-0.22500000000000
0.16458170920048
0.27637321411981
-0.28345549781047
-0.83020042852762
-0.64875547815062
-0.09529830357881
-0.03176415658270
-0.47844147659119
-0.59159460698282
0.00000000000002
0.59159460698281
0.47844147659120
0.03176415658271
0.09529830357880
0.64875547815061
0.83020042852763
0.28345549781052
-0.27637321411981
-0.16458170920048
0.22499999999999
0.06174180718987
-0.59673671982168
-0.87129470142706
-0.41819588180335
0.04350681738304
-0.14239014895979
-0.55090280920920
-0.35629161612783
0.35461463480531
0.69247879586443
0.32983751743021
-0.01058919308363
0.29557081996099
0.78711974008561
0.63639610306789
-0.04952137653625
-0.38104760503607
-0.05551049412028
0.19506536403793
-0.22500000000001
-0.81946607070641
-0.75715822546064
-0.16005206152434
0.09036353631007
-0.27469123415090
-0.50551198289667
-0.02738153908922
0.63546006376027
0.65316009496471
0.16347206880120
0.03678837060678
0.50272101021329
0.78732793349829
0.32869960256996
-0.33055742661666
-0.37116238695049
0.04673953705616
0.06044121436061
-0.52156080465785
-0.90000000000000
-0.52156080465784
0.06044121436061
0.04673953705618
-0.37116238695049
-0.33055742661666
0.32869960256994
0.78732793349829
0.50272101021328
0.03678837060679
0.16347206880119
0.65316009496470
0.63546006376028
-0.02738153908922
-0.50551198289666
-0.27469123415092
0.09036353631008
-0.16005206152434
-0.75715822546063
-0.81946607070641
-0.22500000000001
0.19506536403793
-0.05551049412026
-0.38104760503607
-0.04952137653628
0.63639610306789
0.78711974008561
0.29557081996103
-0.01058919308363
0.32983751743022
0.69247879586443
0.35461463480533
-0.35629161612781
-0.55090280920921
-0.14239014895980
0.04350681738304
-0.41819588180330
-0.87129470142706
-0.59673671982168
0.06174180718986
0.22500000000000
-0.16458170920048
-0.27637321411982
0.28345549781047
0.83020042852763
0.64875547815063
0.09529830357881
0.03176415658272
0.47844147659119
0.59159460698282
0.00000000000001
-0.59159460698281
-0.47844147659120
-0.03176415658271
-0.09529830357879
-0.64875547815060
-0.83020042852762
-0.28345549781049
0.27637321411980
0.16458170920050
-0.22499999999999
-0.06174180718988
0.59673671982168
0.87129470142706
0.41819588180335
-0.04350681738305
0.14239014895980
0.55090280920921
0.35629161612783
-0.35461463480530
-0.69247879586443
-0.32983751743021
0.01058919308363
-0.29557081996098
-0.78711974008561
-0.63639610306792
0.04952137653625
0.38104760503607
0.05551049412028
-0.19506536403793
0.22499999999998
0.81946607070639
0.75715822546063
0.16005206152434
-0.09036353631008
0.27469123415089
0.50551198289666
0.02738153908925
-0.63546006376029
-0.65316009496471
-0.16347206880123
-0.03678837060677
-0.50272101021329
-0.78732793349829
-0.32869960256997
0.33055742661666
0.37116238695051
-0.04673953705617
-0.06044121436062
0.52156080465782
0.90000000000000
0.52156080465785
-0.06044121436058
-0.04673953705618
0.37116238695049
0.33055742661668
-0.32869960256996
-0.78732793349828
-0.50272101021331
-0.03678837060680
-0.16347206880121
-0.65316009496468
-0.63546006376029
0.02738153908922
0.50551198289666
0.27469123415089
-0.09036353631008
0.16005206152432
0.75715822546061
0.81946607070640
0.22500000000004
-0.19506536403793
0.05551049412025
0.38104760503607
0.04952137653625
-0.63639610306789
-0.78711974008561
-0.29557081996103
0.01058919308363
-0.32983751743022
-0.69247879586443
-0.35461463480534
0.35629161612781
0.55090280920922
0.14239014895980
-0.04350681738305
0.41819588180330
0.87129470142706
0.59673671982168
-0.06174180718986
-0.22500000000001
0.16458170920051
0.27637321411981
-0.28345549781046
-0.83020042852761
-0.64875547815061
-0.09529830357881
-0.03176415658271
-0.47844147659120
-0.59159460698283
0.00000000000004
0.59159460698282
0.47844147659123
0.03176415658272
0.09529830357879
0.64875547815058
0.83020042852762
0.28345549781049
-0.27637321411979
-0.16458170920049
0.22500000000001
0.06174180718987
-0.59673671982165
-0.87129470142706
-0.41819588180338
0.04350681738304
-0.14239014895982
-0.55090280920917
-0.35629161612779
0.35461463480531
0.69247879586444
0.32983751743022
-0.01058919308363
0.29557081996098
0.78711974008562
0.63639610306793
-0.04952137653624
-0.38104760503607
-0.05551049412029
0.19506536403792
-0.22499999999998
-0.81946607070641
-0.75715822546067
-0.16005206152434
0.09036353631008
-0.27469123415086
-0.50551198289666
-0.02738153908923
0.63546006376027
0.65316009496470
0.16347206880121
0.03678837060680
0.50272101021330
0.78732793349829
0.32869960256992
-0.33055742661665
-0.37116238695051
0.04673953705613
0.06044121436061
-0.52156080465787
-0.90000000000000
-0.52156080465785
0.06044121436059
0.04673953705617
-0.37116238695049
-0.33055742661667
0.32869960256987
0.78732793349829
0.50272101021334
0.03678837060677
0.16347206880123
0.65316009496468
0.63546006376027
-0.02738153908919
-0.50551198289666
-0.27469123415090
0.09036353631008
-0.16005206152431
-0.75715822546064
-0.81946607070640
-0.22500000000002
0.19506536403793
-0.05551049412027
-0.38104760503607
-0.04952137653629
0.63639610306791
0.78711974008564
0.29557081996096
-0.01058919308363
0.32983751743019
0.69247879586445
0.35461463480533
-0.35629161612781
-0.55090280920920
-0.14239014895980
0.04350681738305
-0.41819588180334
-0.87129470142705
-0.59673671982169
0.06174180718985
0.22499999999998
-0.16458170920049
-0.27637321411982
0.28345549781051
0.83020042852761
0.64875547815061
0.09529830357882
0.03176415658270
0.47844147659121
0.59159460698282
0.00000000000002
-0.59159460698282
-0.47844147659119
-0.03176415658272
-0.09529830357882
-0.64875547815057
-0.83020042852762
-0.28345549781050
0.27637321411981
0.16458170920052
-0.22499999999999
-0.06174180718989
0.59673671982165
0.87129470142706
0.41819588180333
-0.04350681738304
0.14239014895982
0.55090280920920
0.35629161612783
-0.35461463480533
-0.69247879586444
-0.32983751743022
0.01058919308363
-0.29557081996098
-0.78711974008561
-0.63639610306791
0.04952137653629
0.38104760503607
0.05551049412025
-0.19506536403793
0.22499999999998
0.81946607070640
0.75715822546063
0.16005206152439
-0.09036353631007
0.27469123415090
0.50551198289665
0.02738153908919
-0.63546006376027
-0.65316009496470
-0.16347206880121
-0.03678837060678
-0.50272101021325
-0.78732793349829
-0.32869960256992
0.33055742661664
0.37116238695049
-0.04673953705617
-0.06044121436061
0.52156080465786
0.90000000000000
0.52156080465791
-0.06044121436062
-0.04673953705620
0.37116238695045
0.33055742661665
-0.32869960256993
-0.78732793349828
-0.50272101021329
-0.03678837060680
-0.16347206880118
-0.65316009496471
-0.63546006376030
0.02738153908918
0.50551198289666
0.27469123415090
-0.09036353631007
0.16005206152435
0.75715822546064
0.81946607070643
0.22499999999996
-0.19506536403793
0.05551049412021
0.38104760503608
0.04952137653629
-0.63639610306786
-0.78711974008562
-0.29557081996102
0.01058919308363
-0.32983751743024
-0.69247879586444
-0.35461463480534
0.35629161612780
0.55090280920919
0.14239014895985
-0.04350681738305
0.41819588180329
0.87129470142705
0.59673671982164
-0.06174180718984
-0.22500000000002
0.16458170920051
0.27637321411981
-0.28345549781045
-0.83020042852763
-0.64875547815061
-0.09529830357882
-0.03176415658270
-0.47844147659120
-0.59159460698281
-0.00000000000002
0.59159460698282
0.47844147659123
0.03176415658269
0.09529830357879
0.64875547815057
0.83020042852763
0.28345549781051
-0.27637321411979
-0.16458170920049
0.22499999999999
0.06174180718988
-0.59673671982169
-0.87129470142707
-0.41819588180334
0.04350681738304
-0.14239014895982
-0.55090280920917
-0.35629161612784
0.35461463480534
0.69247879586444
0.32983751743023
-0.01058919308363
0.29557081996097
0.78711974008562
0.63639610306790
-0.04952137653623
-0.38104760503607
-0.05551049412029
0.19506536403792
-0.22500000000002
-0.81946607070638
-0.75715822546064
-0.16005206152435
0.09036353631007
-0.27469123415085
-0.50551198289667
-0.02738153908924
0.63546006376026
0.65316009496470
0.16347206880122
0.03678837060678
0.50272101021330
0.78732793349829
0.32869960256998
-0.33055742661667
-0.37116238695052
0.04673953705616
0.06044121436062
-0.52156080465781
-0.90000000000000
-0.52156080465786
0.06044121436058
0.04673953705617
-0.37116238695049
-0.33055742661668
0.32869960256986
0.78732793349829
0.50272101021330
0.03678837060682
0.16347206880118
0.65316009496470
0.63546006376030
-0.02738153908918
-0.50551198289667
-0.27469123415090
0.09036353631008
-0.16005206152430
-0.75715822546064
-0.81946607070640
-0.22500000000003
0.19506536403793
-0.05551049412026
-0.38104760503607
-0.04952137653635
0.63639610306791
0.78711974008562
0.29557081996107
-0.01058919308363
0.32983751743023
0.69247879586442
0.35461463480534
-0.35629161612775
-0.55090280920920
-0.14239014895980
0.04350681738306
-0.41819588180334
-0.87129470142706
-0.59673671982170
0.06174180718981
0.22499999999999
-0.16458170920049
-0.27637321411983
0.28345549781044
0.83020042852763
0.64875547815066
0.09529830357882
0.03176415658272
0.47844147659114
0.59159460698282
0.00000000000008
-0.59159460698282
-0.47844147659120
-0.03176415658272
-0.09529830357875
-0.64875547815061
-0.83020042852762
-0.28345549781057
0.27637321411982
0.16458170920049
-0.22499999999996
-0.06174180718989
0.59673671982169
0.87129470142707
0.41819588180334
-0.04350681738305
0.14239014895976
0.55090280920920
0.35629161612788
-0.35461463480538
-0.69247879586443
-0.32983751743028
0.01058919308362
-0.29557081996102
-0.78711974008562
-0.63639610306795
0.04952137653629
0.38104760503607
0.05551049412031
-0.19506536403793
0.22500000000002
0.81946607070637
0.75715822546064
0.16005206152440
-0.09036353631010
0.27469123415090
0.50551198289667
0.02738153908914
-0.63546006376029
-0.65316009496474
-0.16347206880126
-0.03678837060679
-0.50272101021329
-0.78732793349829
-0.32869960257000
0.33055742661668
0.37116238695049
-0.04673953705617
-0.06044121436059
0.52156080465785
0.90000000000000
0.52156080465791
-0.06044121436062
-0.04673953705617
0.37116238695045
0.33055742661669
-0.32869960256996
-0.78732793349829
-0.50272101021330
-0.03678837060678
-0.16347206880122
-0.65316009496469
-0.63546006376032
0.02738153908927
0.50551198289667
0.27469123415095
-0.09036353631006
0.16005206152434
0.75715822546063
0.81946607070641
0.22500000000003
-0.19506536403793
0.05551049412020
0.38104760503604
0.04952137653625
-0.63639610306789
-0.78711974008562
-0.29557081996112
0.01058919308364
-0.32983751743028
-0.69247879586443
-0.35461463480528
0.35629161612782
0.55090280920926
0.14239014895981
-0.04350681738304
0.41819588180328
0.87129470142705
0.59673671982175
-0.06174180718982
-0.22499999999999
0.16458170920050
0.27637321411981
-0.28345549781046
-0.83020042852760
-0.64875547815066
-0.09529830357879
-0.03176415658272
-0.47844147659109
-0.59159460698287
0.00000000000008
0.59159460698280
0.47844147659126
0.03176415658270
0.09529830357875
0.64875547815061
0.83020042852763
0.28345549781051
-0.27637321411979
-0.16458170920055
0.22499999999996
0.06174180718986
-0.59673671982168
-0.87129470142709
-0.41819588180334
0.04350681738304
-0.14239014895977
-0.55090280920917
-0.35629161612780
0.35461463480524
0.69247879586442
0.32983751743024
-0.01058919308362
0.29557081996097
0.78711974008559
0.63639610306794
-0.04952137653628
-0.38104760503605
-0.05551049412033
0.19506536403791
-0.22499999999997
-0.81946607070637
-0.75715822546061
-0.16005206152432
0.09036353631012
-0.27469123415082
-0.50551198289665
-0.02738153908924
0.63546006376028
0.65316009496474
0.16347206880126
0.03678837060679
0.50272101021329
0.78732793349828
0.32869960256998
-0.33055742661663
-0.37116238695053
0.04673953705621
0.06044121436059
-0.52156080465775
-0.90000000000000
-0.52156080465787
0.06044121436058
0.04673953705621
-0.37116238695050
-0.33055742661670
0.32869960256986
0.78732793349827
0.50272101021331
0.03678837060680
0.16347206880117
0.65316009496467
0.63546006376027
-0.02738153908921
-0.50551198289664
-0.27469123415093
0.09036353631006
-0.16005206152430
-0.75715822546059
-0.81946607070638
-0.22500000000007
0.19506536403792
-0.05551049412025
-0.38104760503609
-0.04952137653630
0.63639610306785
0.78711974008565
0.29557081996098
-0.01058919308363
0.32983751743013
0.69247879586443
0.35461463480535
-0.35629161612787
-0.55090280920921
-0.14239014895978
0.04350681738306
-0.41819588180322
-0.87129470142706
-0.59673671982162
0.06174180718984
0.22500000000002
-0.16458170920055
-0.27637321411983
0.28345549781048
0.83020042852759
0.64875547815063
0.09529830357882
0.03176415658275
0.47844147659123
0.59159460698280
0.00000000000000
-0.59159460698279
-0.47844147659121
-0.03176415658267
-0.09529830357878
-0.64875547815056
-0.83020042852761
-0.28345549781056
0.27637321411980
0.16458170920041
-0.22499999999999
-0.06174180718988
0.59673671982153
0.87129470142705
0.41819588180330
-0.04350681738304
0.14239014895972
0.55090280920920
0.35629161612777
-0.35461463480528
-0.69247879586441
-0.32983751743019
0.01058919308362
-0.29557081996101
-0.78711974008567
-0.63639610306791
0.04952137653623
0.38104760503607
0.05551049412031
-0.19506536403794
0.22500000000001
0.81946607070640
0.75715822546065
0.16005206152436
-0.09036353631008
0.27469123415092
0.50551198289668
0.02738153908930
-0.63546006376028
-0.65316009496464
-0.16347206880122
-0.03678837060677
-0.50272101021333
-0.78732793349828
-0.32869960256996
0.33055742661665
0.37116238695049
-0.04673953705614
-0.06044121436063
0.52156080465779
0.90000000000000
0.52156080465782
-0.06044121436055
-0.04673953705617
0.37116238695054
0.33055742661668
-0.32869960256988
-0.78732793349829
-0.50272101021336
-0.03678837060678
-0.16347206880122
-0.65316009496471
-0.63546006376030
0.02738153908916
0.50551198289666
0.27469123415085
-0.09036353631008
0.16005206152425
0.75715822546063
0.81946607070641
0.22500000000004
-0.19506536403794
0.05551049412030
0.38104760503607
0.04952137653635
-0.63639610306797
-0.78711974008562
-0.29557081996103
0.01058919308364
-0.32983751743016
-0.69247879586446
-0.35461463480532
0.35629161612783
0.55090280920922
0.14239014895981
-0.04350681738307
0.41819588180338
0.87129470142707
0.59673671982175
-0.06174180718979
-0.22499999999999
0.16458170920047
0.27637321411984
-0.28345549781055
-0.83020042852761
-0.64875547815058
-0.09529830357880
-0.03176415658272
-0.47844147659118
-0.59159460698283
-0.00000000000004
