0.52461832253393
0.70524021403662
0.48549837078022
0.13398306516000
0.00000000000000
0.20273732481546
0.52665897648331
0.61476807650083
0.28994301572900
-0.27811529493745
-0.70794033269846
-0.72667852572501
-0.39681380187910
-0.05211360957178
0.00000000000000
-0.25164624256397
-0.51626653211936
-0.46411815629608
-0.02688606639273
0.52900672706323
0.82196421058813
0.67698448024843
0.26928633328574
-0.03485708921820
-0.00000000000000
0.27592227276786
0.45533832255112
0.26803711725172
-0.23880267844830
-0.72811529493745
-0.85552850458403
-0.56102247701691
-0.11539924216215
0.11841573325188
-0.00000000000000
-0.27318910844971
-0.34983842544294
-0.04571873764636
0.48111575328671
0.85595086466564
0.80534770773364
0.39014368486152
-0.04978393081807
-0.19038302026394
-0.00000000000000
0.24371429077606
0.21009390578477
-0.18107491054100
-0.67633386606286
-0.90000000000000
-0.67633386606286
-0.18107491054100
0.21009390578477
0.24371429077606
-0.00000000000000
-0.19038302026394
-0.04978393081807
0.39014368486152
0.80534770773364
0.85595086466564
0.48111575328671
-0.04571873764636
-0.34983842544294
-0.27318910844971
-0.00000000000000
0.11841573325188
-0.11539924216215
-0.56102247701691
-0.85552850458403
-0.72811529493745
-0.23880267844830
0.26803711725172
0.45533832255112
0.27592227276786
-0.00000000000000
-0.03485708921820
0.26928633328573
0.67698448024843
0.82196421058813
0.52900672706323
-0.02688606639272
-0.46411815629607
-0.51626653211936
-0.25164624256397
0.00000000000000
-0.05211360957178
-0.39681380187910
-0.72667852572501
-0.70794033269846
-0.27811529493745
0.28994301572899
0.61476807650083
0.52665897648331
0.20273732481546
-0.00000000000000
0.13398306516000
0.48549837078021
0.70524021403662
0.52461832253393
0.00000000000000
-0.52461832253393
-0.70524021403662
-0.48549837078023
-0.13398306516000
-0.00000000000000
-0.20273732481546
-0.52665897648331
-0.61476807650083
-0.28994301572900
0.27811529493745
0.70794033269846
0.72667852572501
0.39681380187911
0.05211360957178
0.00000000000000
0.25164624256397
0.51626653211936
0.46411815629608
0.02688606639273
-0.52900672706322
-0.82196421058813
-0.67698448024843
-0.26928633328574
0.03485708921820
0.00000000000000
-0.27592227276786
-0.45533832255112
-0.26803711725172
0.23880267844830
0.72811529493745
0.85552850458403
0.56102247701691
0.11539924216215
-0.11841573325188
-0.00000000000000
0.27318910844971
0.34983842544294
0.04571873764636
-0.48111575328671
-0.85595086466564
-0.80534770773365
-0.39014368486153
0.04978393081807
0.19038302026394
-0.00000000000000
-0.24371429077606
-0.21009390578477
0.18107491054100
0.67633386606285
0.90000000000000
0.67633386606287
0.18107491054100
-0.21009390578477
-0.24371429077606
-0.00000000000000
0.19038302026393
0.04978393081807
-0.39014368486153
-0.80534770773364
-0.85595086466564
-0.48111575328673
0.04571873764635
0.34983842544294
0.27318910844971
0.00000000000001
-0.11841573325188
0.11539924216215
0.56102247701690
0.85552850458403
0.72811529493745
0.23880267844830
-0.26803711725172
-0.45533832255112
-0.27592227276786
-0.00000000000000
0.03485708921821
-0.26928633328575
-0.67698448024843
-0.82196421058813
-0.52900672706323
0.02688606639273
0.46411815629607
0.51626653211935
0.25164624256398
0.00000000000000
0.05211360957177
0.39681380187911
0.72667852572501
0.70794033269847
0.27811529493745
-0.28994301572900
-0.61476807650082
-0.52665897648331
-0.20273732481547
-0.00000000000000
-0.13398306515999
-0.48549837078022
-0.70524021403662
-0.52461832253393
-0.00000000000000
0.52461832253393
0.70524021403663
0.48549837078022
0.13398306516000
-0.00000000000000
0.20273732481544
0.52665897648331
0.61476807650083
0.28994301572900
-0.27811529493746
-0.70794033269846
-0.72667852572501
-0.39681380187911
-0.05211360957178
0.00000000000000
-0.25164624256398
-0.51626653211936
-0.46411815629608
-0.02688606639273
0.52900672706323
0.82196421058813
0.67698448024843
0.26928633328573
-0.03485708921820
-0.00000000000000
0.27592227276786
0.45533832255112
0.26803711725173
-0.23880267844828
-0.72811529493746
-0.85552850458403
-0.56102247701690
-0.11539924216216
0.11841573325188
0.00000000000001
-0.27318910844972
-0.34983842544295
-0.04571873764637
0.48111575328670
0.85595086466563
0.80534770773364
0.39014368486153
-0.04978393081807
-0.19038302026393
-0.00000000000000
0.24371429077606
0.21009390578478
-0.18107491054098
-0.67633386606284
-0.90000000000000
-0.67633386606285
-0.18107491054100
0.21009390578477
0.24371429077606
0.00000000000000
-0.19038302026393
-0.04978393081807
0.39014368486152
0.80534770773364
0.85595086466564
0.48111575328672
-0.04571873764636
-0.34983842544294
-0.27318910844971
-0.00000000000000
0.11841573325188
-0.11539924216216
-0.56102247701689
-0.85552850458402
-0.72811529493746
-0.23880267844830
0.26803711725172
0.45533832255113
0.27592227276785
0.00000000000001
-0.03485708921820
0.26928633328572
0.67698448024843
0.82196421058813
0.52900672706323
-0.02688606639273
-0.46411815629607
-0.51626653211935
-0.25164624256399
-0.00000000000001
-0.05211360957178
-0.39681380187910
-0.72667852572501
-0.70794033269847
-0.27811529493745
0.28994301572898
0.61476807650082
0.52665897648332
0.20273732481547
-0.00000000000000
0.13398306516000
0.48549837078022
0.70524021403662
0.52461832253393
-0.00000000000001
-0.52461832253392
-0.70524021403662
-0.48549837078022
-0.13398306516000
0.00000000000000
-0.20273732481546
-0.52665897648332
-0.61476807650083
-0.28994301572899
0.27811529493744
0.70794033269846
0.72667852572503
0.39681380187911
0.05211360957178
0.00000000000000
0.25164624256398
0.51626653211935
0.46411815629608
0.02688606639272
-0.52900672706322
-0.82196421058813
-0.67698448024845
-0.26928633328573
0.03485708921819
0.00000000000001
-0.27592227276785
-0.45533832255112
-0.26803711725173
0.23880267844830
0.72811529493743
0.85552850458403
0.56102247701690
0.11539924216214
-0.11841573325188
-0.00000000000000
0.27318910844971
0.34983842544295
0.04571873764636
-0.48111575328668
-0.85595086466564
-0.80534770773365
-0.39014368486151
0.04978393081806
0.19038302026394
0.00000000000000
-0.24371429077607
-0.21009390578476
0.18107491054097
0.67633386606287
0.90000000000000
0.67633386606287
0.18107491054103
-0.21009390578477
-0.24371429077605
-0.00000000000002
0.19038302026394
0.04978393081808
-0.39014368486153
-0.80534770773363
-0.85595086466564
-0.48111575328672
0.04571873764636
0.34983842544294
0.27318910844973
-0.00000000000000
-0.11841573325188
0.11539924216216
0.56102247701690
0.85552850458402
0.72811529493746
0.23880267844833
-0.26803711725170
-0.45533832255112
-0.27592227276785
-0.00000000000000
0.03485708921820
-0.26928633328573
-0.67698448024843
-0.82196421058813
-0.52900672706323
0.02688606639270
0.46411815629608
0.51626653211938
0.25164624256398
0.00000000000000
0.05211360957177
0.39681380187913
0.72667852572500
0.70794033269846
0.27811529493748
-0.28994301572900
-0.61476807650082
-0.52665897648331
-0.20273732481546
0.00000000000000
-0.13398306516000
-0.48549837078020
-0.70524021403663
-0.52461832253393
-0.00000000000001
0.52461832253393
0.70524021403662
0.48549837078022
0.13398306516002
-0.00000000000000
0.20273732481546
0.52665897648332
0.61476807650084
0.28994301572900
-0.27811529493744
-0.70794033269847
-0.72667852572503
-0.39681380187910
-0.05211360957179
-0.00000000000000
-0.25164624256398
-0.51626653211935
-0.46411815629607
-0.02688606639273
0.52900672706324
0.82196421058813
0.67698448024843
0.26928633328575
-0.03485708921820
-0.00000000000003
0.27592227276786
0.45533832255112
0.26803711725173
-0.23880267844831
-0.72811529493744
-0.85552850458402
-0.56102247701690
-0.11539924216216
0.11841573325188
0.00000000000001
-0.27318910844971
-0.34983842544294
-0.04571873764636
0.48111575328672
0.85595086466564
0.80534770773365
0.39014368486153
-0.04978393081806
-0.19038302026393
-0.00000000000002
0.24371429077606
0.21009390578478
-0.18107491054101
-0.67633386606287
-0.90000000000000
-0.67633386606287
-0.18107491054101
0.21009390578478
0.24371429077607
-0.00000000000001
-0.19038302026394
-0.04978393081806
0.39014368486148
0.80534770773363
0.85595086466563
0.48111575328675
-0.04571873764636
-0.34983842544294
-0.27318910844970
-0.00000000000004
0.11841573325189
-0.11539924216214
-0.56102247701690
-0.85552850458402
-0.72811529493747
-0.23880267844829
0.26803711725171
0.45533832255112
0.27592227276786
0.00000000000001
-0.03485708921821
0.26928633328573
0.67698448024841
0.82196421058813
0.52900672706326
-0.02688606639273
-0.46411815629607
-0.51626653211937
-0.25164624256397
0.00000000000000
-0.05211360957177
-0.39681380187908
-0.72667852572502
-0.70794033269847
-0.27811529493748
0.28994301572899
0.61476807650082
0.52665897648330
0.20273732481548
-0.00000000000000
0.13398306515999
0.48549837078023
0.70524021403662
0.52461832253394
0.00000000000001
-0.52461832253393
-0.70524021403662
-0.48549837078024
-0.13398306516000
-0.00000000000000
-0.20273732481546
-0.52665897648330
-0.61476807650083
-0.28994301572901
0.27811529493745
0.70794033269845
0.72667852572501
0.39681380187910
0.05211360957177
-0.00000000000001
0.25164624256396
0.51626653211935
0.46411815629607
0.02688606639274
-0.52900672706320
-0.82196421058813
-0.67698448024845
-0.26928633328575
0.03485708921820
-0.00000000000000
-0.27592227276785
-0.45533832255113
-0.26803711725172
0.23880267844830
0.72811529493746
0.85552850458404
0.56102247701690
0.11539924216218
-0.11841573325188
0.00000000000002
0.27318910844968
0.34983842544295
0.04571873764638
-0.48111575328670
-0.85595086466563
-0.80534770773362
-0.39014368486153
0.04978393081806
0.19038302026394
-0.00000000000001
-0.24371429077605
-0.21009390578478
0.18107491054101
0.67633386606282
0.90000000000000
0.67633386606289
0.18107491054098
-0.21009390578476
-0.24371429077607
0.00000000000004
0.19038302026393
0.04978393081808
-0.39014368486146
-0.80534770773364
-0.85595086466564
-0.48111575328672
0.04571873764636
0.34983842544294
0.27318910844974
-0.00000000000001
-0.11841573325188
0.11539924216212
0.56102247701688
0.85552850458404
0.72811529493746
0.23880267844833
-0.26803711725174
-0.45533832255111
-0.27592227276787
-0.00000000000003
0.03485708921820
-0.26928633328573
-0.67698448024839
-0.82196421058814
-0.52900672706322
0.02688606639273
0.46411815629606
0.51626653211933
0.25164624256400
0.00000000000001
0.05211360957176
0.39681380187908
0.72667852572500
0.70794033269848
0.27811529493742
-0.28994301572898
-0.61476807650083
-0.52665897648330
-0.20273732481546
-0.00000000000001
-0.13398306515997
-0.48549837078024
-0.70524021403663
-0.52461832253394
0.00000000000002
0.52461832253395
0.70524021403663
0.48549837078024
0.13398306516001
-0.00000000000000
0.20273732481545
0.52665897648330
0.61476807650084
0.28994301572900
-0.27811529493745
-0.70794033269847
-0.72667852572501
-0.39681380187915
-0.05211360957177
0.00000000000002
-0.25164624256394
-0.51626653211934
-0.46411815629607
-0.02688606639270
0.52900672706320
0.82196421058813
0.67698448024844
0.26928633328575
-0.03485708921819
-0.00000000000000
0.27592227276787
0.45533832255112
0.26803711725173
-0.23880267844831
-0.72811529493745
-0.85552850458404
-0.56102247701689
-0.11539924216217
0.11841573325188
0.00000000000002
-0.27318910844970
-0.34983842544295
-0.04571873764634
0.48111575328670
0.85595086466563
0.80534770773364
0.39014368486153
-0.04978393081807
-0.19038302026395
0.00000000000000
0.24371429077607
0.21009390578476
-0.18107491054095
-0.67633386606287
-0.90000000000000
-0.67633386606288
-0.18107491054103
0.21009390578478
0.24371429077606
0.00000000000001
-0.19038302026395
-0.04978393081807
0.39014368486152
0.80534770773364
0.85595086466566
0.48111575328671
-0.04571873764632
-0.34983842544293
-0.27318910844970
-0.00000000000003
0.11841573325189
-0.11539924216212
-0.56102247701693
-0.85552850458402
-0.72811529493747
-0.23880267844832
0.26803711725171
0.45533832255112
0.27592227276785
0.00000000000001
-0.03485708921820
0.26928633328574
0.67698448024840
0.82196421058813
0.52900672706322
-0.02688606639269
-0.46411815629605
-0.51626653211938
-0.25164624256394
-0.00000000000001
-0.05211360957177
-0.39681380187914
-0.72667852572501
-0.70794033269849
-0.27811529493747
0.28994301572899
0.61476807650081
0.52665897648334
0.20273732481546
-0.00000000000000
0.13398306515997
0.48549837078028
0.70524021403662
0.52461832253396
0.00000000000003
-0.52461832253395
-0.70524021403663
-0.48549837078023
-0.13398306516005
-0.00000000000001
-0.20273732481544
-0.52665897648327
-0.61476807650082
-0.28994301572900
0.27811529493741
0.70794033269846
0.72667852572501
0.39681380187909
0.05211360957180
0.00000000000000
0.25164624256399
0.51626653211934
0.46411815629608
0.02688606639270
-0.52900672706321
-0.82196421058813
-0.67698448024844
-0.26928633328574
0.03485708921820
-0.00000000000001
-0.27592227276790
-0.45533832255112
-0.26803711725174
0.23880267844825
0.72811529493746
0.85552850458404
0.56102247701689
0.11539924216218
-0.11841573325188
-0.00000000000002
0.27318910844970
0.34983842544294
0.04571873764637
-0.48111575328670
-0.85595086466563
-0.80534770773364
-0.39014368486158
0.04978393081806
0.19038302026393
0.00000000000001
-0.24371429077606
-0.21009390578478
0.18107491054102
0.67633386606283
0.90000000000000
0.67633386606288
0.18107491054101
-0.21009390578478
-0.24371429077606
-0.00000000000004
0.19038302026394
0.04978393081807
-0.39014368486147
-0.80534770773364
-0.85595086466564
-0.48111575328670
0.04571873764631
0.34983842544294
0.27318910844970
0.00000000000002
-0.11841573325188
0.11539924216217
0.56102247701688
0.85552850458402
0.72811529493747
0.23880267844831
-0.26803711725171
-0.45533832255115
-0.27592227276781
0.00000000000001
0.03485708921821
-0.26928633328569
-0.67698448024844
-0.82196421058814
-0.52900672706327
0.02688606639276
0.46411815629606
0.51626653211937
0.25164624256404
-0.00000000000001
0.05211360957177
0.39681380187904
0.72667852572501
0.70794033269846
0.27811529493747
-0.28994301572898
-0.61476807650082
-0.52665897648332
-0.20273732481548
-0.00000000000000
-0.13398306516001
-0.48549837078019
-0.70524021403663
-0.52461832253398
-0.00000000000002
0.52461832253392
0.70524021403664
0.48549837078019
0.13398306516001
-0.00000000000000
0.20273732481545
0.52665897648330
0.61476807650083
0.28994301572899
-0.27811529493741
-0.70794033269846
-0.72667852572501
-0.39681380187914
-0.05211360957177
0.00000000000001
-0.25164624256396
-0.51626653211935
-0.46411815629607
-0.02688606639270
0.52900672706320
0.82196421058813
0.67698448024844
0.26928633328574
-0.03485708921819
-0.00000000000001
0.27592227276787
0.45533832255114
0.26803711725177
-0.23880267844827
-0.72811529493746
-0.85552850458403
-0.56102247701689
-0.11539924216213
0.11841573325189
-0.00000000000001
-0.27318910844968
-0.34983842544294
-0.04571873764636
0.48111575328664
0.85595086466565
0.80534770773364
0.39014368486157
-0.04978393081808
-0.19038302026393
-0.00000000000003
0.24371429077603
0.21009390578477
-0.18107491054102
-0.67633386606283
-0.90000000000000
-0.67633386606284
-0.18107491054103
0.21009390578475
0.24371429077605
0.00000000000001
-0.19038302026394
-0.04978393081811
0.39014368486153
0.80534770773364
0.85595086466565
0.48111575328676
-0.04571873764637
-0.34983842544293
-0.27318910844967
0.00000000000000
0.11841573325187
-0.11539924216213
-0.56102247701689
-0.85552850458404
-0.72811529493745
-0.23880267844833
0.26803711725171
0.45533832255113
0.27592227276790
-0.00000000000001
-0.03485708921820
0.26928633328574
0.67698448024844
0.82196421058814
0.52900672706321
-0.02688606639269
-0.46411815629607
-0.51626653211934
-0.25164624256400
0.00000000000002
-0.05211360957177
-0.39681380187909
-0.72667852572501
-0.70794033269846
-0.27811529493751
0.28994301572898
0.61476807650082
0.52665897648329
0.20273732481549
0.00000000000001
0.13398306516001
0.48549837078019
0.70524021403663
0.52461832253390
0.00000000000004
-0.52461832253389
-0.70524021403664
-0.48549837078023
-0.13398306516001
0.00000000000001
-0.20273732481549
-0.52665897648331
-0.61476807650083
-0.28994301572899
0.27811529493746
0.70794033269846
0.72667852572502
0.39681380187909
0.05211360957177
-0.00000000000001
0.25164624256391
0.51626653211938
0.46411815629607
0.02688606639279
-0.52900672706324
-0.82196421058813
-0.67698448024848
-0.26928633328578
0.03485708921820
0.00000000000000
-0.27592227276782
-0.45533832255112
-0.26803711725172
0.23880267844825
0.72811529493740
0.85552850458402
0.56102247701693
0.11539924216217
-0.11841573325187
-0.00000000000003
0.27318910844971
0.34983842544294
0.04571873764642
-0.48111575328671
-0.85595086466562
-0.80534770773364
-0.39014368486151
0.04978393081805
0.19038302026391
0.00000000000002
-0.24371429077607
-0.21009390578476
0.18107491054096
0.67633386606284
0.90000000000000
0.67633386606288
0.18107491054103
-0.21009390578476
-0.24371429077608
-0.00000000000001
0.19038302026395
0.04978393081807
-0.39014368486152
-0.80534770773361
-0.85595086466566
-0.48111575328676
0.04571873764637
0.34983842544293
0.27318910844973
-0.00000000000003
-0.11841573325187
0.11539924216209
0.56102247701689
0.85552850458402
0.72811529493747
0.23880267844829
-0.26803711725171
-0.45533832255110
-0.27592227276790
0.00000000000000
0.03485708921820
-0.26928633328570
-0.67698448024840
-0.82196421058813
-0.52900672706327
0.02688606639269
0.46411815629607
0.51626653211935
0.25164624256398
0.00000000000002
0.05211360957180
0.39681380187910
0.72667852572498
0.70794033269850
0.27811529493746
-0.28994301572900
-0.61476807650080
-0.52665897648331
-0.20273732481544
-0.00000000000001
-0.13398306515994
-0.48549837078025
-0.70524021403661
-0.52461832253396
-0.00000000000002
