0.53976597626216
0.68117880140665
0.40146875373693
0.06208169635200
0.04350681738305
0.36608227223155
0.66977659781920
0.57282822231781
0.05648358257849
-0.50311529493745
-0.68879775570163
-0.43634752157984
-0.08359278730338
-0.02805219694180
-0.33055742661666
-0.65477715691701
-0.60211289681505
-0.11257732535177
0.46309597905136
0.69247879586443
0.47035071705200
0.10782654016825
0.01587072551676
0.29526172438552
0.63639610306789
0.62746310371217
0.16789473871099
-0.41995664689209
-0.69210006290589
-0.50311529493745
-0.13454181915898
-0.00708276496481
-0.26055751744741
-0.61487667772655
-0.64875547815061
-0.22205600381204
0.37397263277228
0.68757367333206
0.53428630635471
0.16347206880121
0.00177506809319
0.22679873744543
0.59048750136717
0.66590118113849
0.27469123415090
-0.32544364930412
-0.67884658925225
-0.56352011259488
-0.19432770894174
0.00000000000000
-0.19432770894173
-0.56352011259488
-0.67884658925225
-0.32544364930413
0.27469123415090
0.66590118113849
0.59048750136717
0.22679873744543
0.00177506809319
0.16347206880120
0.53428630635471
0.68757367333207
0.37397263277228
-0.22205600381204
-0.64875547815061
-0.61487667772655
-0.26055751744741
-0.00708276496481
-0.13454181915898
-0.50311529493745
-0.69210006290590
-0.41995664689209
0.16789473871098
0.62746310371217
0.63639610306790
0.29526172438553
0.01587072551676
0.10782654016825
0.47035071705200
0.69247879586443
0.46309597905136
-0.11257732535176
-0.60211289681506
-0.65477715691701
-0.33055742661666
-0.02805219694180
-0.08359278730338
-0.43634752157984
-0.68879775570163
-0.50311529493745
0.05648358257849
0.57282822231781
0.66977659781920
0.36608227223154
0.04350681738305
0.06208169635200
0.40146875373693
0.68117880140665
0.53976597626216
-0.00000000000000
-0.53976597626215
-0.68117880140665
-0.40146875373694
-0.06208169635200
-0.04350681738305
-0.36608227223154
-0.66977659781919
-0.57282822231782
-0.05648358257850
0.50311529493745
0.68879775570163
0.43634752157985
0.08359278730338
0.02805219694180
0.33055742661666
0.65477715691702
0.60211289681505
0.11257732535177
-0.46309597905136
-0.69247879586443
-0.47035071705199
-0.10782654016825
-0.01587072551676
-0.29526172438553
-0.63639610306789
-0.62746310371217
-0.16789473871100
0.41995664689209
0.69210006290590
0.50311529493746
0.13454181915899
0.00708276496481
0.26055751744741
0.61487667772654
0.64875547815061
0.22205600381204
-0.37397263277229
-0.68757367333206
-0.53428630635471
-0.16347206880121
-0.00177506809319
-0.22679873744543
-0.59048750136717
-0.66590118113849
-0.27469123415090
0.32544364930412
0.67884658925225
0.56352011259488
0.19432770894174
0.00000000000000
0.19432770894173
0.56352011259487
0.67884658925225
0.32544364930413
-0.27469123415090
-0.66590118113849
-0.59048750136717
-0.22679873744543
-0.00177506809319
-0.16347206880120
-0.53428630635472
-0.68757367333207
-0.37397263277229
0.22205600381203
0.64875547815060
0.61487667772654
0.26055751744741
0.00708276496481
0.13454181915898
0.50311529493746
0.69210006290590
0.41995664689210
-0.16789473871097
-0.62746310371216
-0.63639610306790
-0.29526172438553
-0.01587072551676
-0.10782654016825
-0.47035071705199
-0.69247879586443
-0.46309597905137
0.11257732535176
0.60211289681505
0.65477715691702
0.33055742661668
0.02805219694181
0.08359278730338
0.43634752157985
0.68879775570163
0.50311529493745
-0.05648358257849
-0.57282822231781
-0.66977659781920
-0.36608227223155
-0.04350681738305
-0.06208169635200
-0.40146875373692
-0.68117880140665
-0.53976597626215
0.00000000000000
0.53976597626216
0.68117880140665
0.40146875373693
0.06208169635201
0.04350681738305
0.36608227223154
0.66977659781920
0.57282822231781
0.05648358257848
-0.50311529493745
-0.68879775570163
-0.43634752157985
-0.08359278730338
-0.02805219694180
-0.33055742661665
-0.65477715691701
-0.60211289681506
-0.11257732535179
0.46309597905136
0.69247879586443
0.47035071705199
0.10782654016825
0.01587072551676
0.29526172438552
0.63639610306789
0.62746310371217
0.16789473871099
-0.41995664689208
-0.69210006290589
-0.50311529493746
-0.13454181915898
-0.00708276496481
-0.26055751744741
-0.61487667772655
-0.64875547815061
-0.22205600381205
0.37397263277227
0.68757367333206
0.53428630635472
0.16347206880121
0.00177506809319
0.22679873744544
0.59048750136717
0.66590118113850
0.27469123415091
-0.32544364930412
-0.67884658925224
-0.56352011259487
-0.19432770894174
0.00000000000000
-0.19432770894173
-0.56352011259487
-0.67884658925224
-0.32544364930414
0.27469123415090
0.66590118113850
0.59048750136718
0.22679873744546
0.00177506809319
0.16347206880119
0.53428630635468
0.68757367333206
0.37397263277228
-0.22205600381204
-0.64875547815061
-0.61487667772654
-0.26055751744741
-0.00708276496481
-0.13454181915897
-0.50311529493745
-0.69210006290589
-0.41995664689209
0.16789473871099
0.62746310371217
0.63639610306789
0.29526172438553
0.01587072551676
0.10782654016825
0.47035071705200
0.69247879586443
0.46309597905137
-0.11257732535177
-0.60211289681506
-0.65477715691701
-0.33055742661666
-0.02805219694179
-0.08359278730338
-0.43634752157985
-0.68879775570163
-0.50311529493745
0.05648358257849
0.57282822231781
0.66977659781920
0.36608227223155
0.04350681738305
0.06208169635200
0.40146875373691
0.68117880140665
0.53976597626216
0.00000000000002
-0.53976597626215
-0.68117880140665
-0.40146875373695
-0.06208169635202
-0.04350681738305
-0.36608227223155
-0.66977659781920
-0.57282822231782
-0.05648358257848
0.50311529493745
0.68879775570163
0.43634752157986
0.08359278730337
0.02805219694180
0.33055742661667
0.65477715691702
0.60211289681505
0.11257732535176
-0.46309597905136
-0.69247879586443
-0.47035071705198
-0.10782654016825
-0.01587072551676
-0.29526172438552
-0.63639610306790
-0.62746310371217
-0.16789473871100
0.41995664689207
0.69210006290589
0.50311529493746
0.13454181915899
0.00708276496482
0.26055751744740
0.61487667772655
0.64875547815062
0.22205600381203
-0.37397263277226
-0.68757367333206
-0.53428630635474
-0.16347206880120
-0.00177506809319
-0.22679873744543
-0.59048750136717
-0.66590118113850
-0.27469123415089
0.32544364930410
0.67884658925225
0.56352011259488
0.19432770894173
0.00000000000000
0.19432770894173
0.56352011259487
0.67884658925224
0.32544364930412
-0.27469123415089
-0.66590118113850
-0.59048750136717
-0.22679873744544
-0.00177506809320
-0.16347206880120
-0.53428630635470
-0.68757367333206
-0.37397263277226
0.22205600381203
0.64875547815061
0.61487667772656
0.26055751744740
0.00708276496482
0.13454181915898
0.50311529493742
0.69210006290590
0.41995664689213
-0.16789473871098
-0.62746310371217
-0.63639610306789
-0.29526172438551
-0.01587072551677
-0.10782654016825
-0.47035071705199
-0.69247879586444
-0.46309597905139
0.11257732535176
0.60211289681504
0.65477715691701
0.33055742661666
0.02805219694181
0.08359278730338
0.43634752157984
0.68879775570163
0.50311529493748
-0.05648358257848
-0.57282822231780
-0.66977659781920
-0.36608227223157
-0.04350681738305
-0.06208169635201
-0.40146875373691
-0.68117880140666
-0.53976597626216
0.00000000000000
0.53976597626214
0.68117880140664
0.40146875373696
0.06208169635201
0.04350681738303
0.36608227223155
0.66977659781921
0.57282822231783
0.05648358257848
-0.50311529493744
-0.68879775570163
-0.43634752157986
-0.08359278730338
-0.02805219694180
-0.33055742661666
-0.65477715691701
-0.60211289681505
-0.11257732535176
0.46309597905136
0.69247879586443
0.47035071705202
0.10782654016825
0.01587072551676
0.29526172438550
0.63639610306787
0.62746310371218
0.16789473871097
-0.41995664689207
-0.69210006290591
-0.50311529493747
-0.13454181915898
-0.00708276496481
-0.26055751744742
-0.61487667772653
-0.64875547815060
-0.22205600381209
0.37397263277228
0.68757367333206
0.53428630635473
0.16347206880121
0.00177506809319
0.22679873744544
0.59048750136715
0.66590118113850
0.27469123415092
-0.32544364930412
-0.67884658925225
-0.56352011259489
-0.19432770894173
0.00000000000000
-0.19432770894172
-0.56352011259486
-0.67884658925224
-0.32544364930414
0.27469123415088
0.66590118113848
0.59048750136717
0.22679873744544
0.00177506809319
0.16347206880120
0.53428630635472
0.68757367333207
0.37397263277229
-0.22205600381205
-0.64875547815061
-0.61487667772654
-0.26055751744742
-0.00708276496481
-0.13454181915898
-0.50311529493744
-0.69210006290589
-0.41995664689211
0.16789473871099
0.62746310371215
0.63639610306790
0.29526172438553
0.01587072551676
0.10782654016823
0.47035071705199
0.69247879586444
0.46309597905136
-0.11257732535178
-0.60211289681505
-0.65477715691699
-0.33055742661667
-0.02805219694180
-0.08359278730336
-0.43634752157986
-0.68879775570163
-0.50311529493747
0.05648358257848
0.57282822231781
0.66977659781920
0.36608227223153
0.04350681738304
0.06208169635201
0.40146875373693
0.68117880140665
0.53976597626217
0.00000000000003
-0.53976597626216
-0.68117880140665
-0.40146875373694
-0.06208169635201
-0.04350681738304
-0.36608227223151
-0.66977659781920
-0.57282822231783
-0.05648358257850
0.50311529493745
0.68879775570163
0.43634752157988
0.08359278730337
0.02805219694179
0.33055742661666
0.65477715691697
0.60211289681506
0.11257732535179
-0.46309597905133
-0.69247879586444
-0.47035071705200
-0.10782654016829
-0.01587072551676
-0.29526172438549
-0.63639610306788
-0.62746310371216
-0.16789473871104
0.41995664689209
0.69210006290589
0.50311529493748
0.13454181915900
0.00708276496481
0.26055751744737
0.61487667772654
0.64875547815061
0.22205600381206
-0.37397263277229
-0.68757367333206
-0.53428630635471
-0.16347206880121
-0.00177506809319
-0.22679873744541
-0.59048750136715
-0.66590118113849
-0.27469123415090
0.32544364930413
0.67884658925224
0.56352011259485
0.19432770894175
0.00000000000000
0.19432770894170
0.56352011259487
0.67884658925225
0.32544364930415
-0.27469123415092
-0.66590118113849
-0.59048750136716
-0.22679873744543
-0.00177506809319
-0.16347206880120
-0.53428630635474
-0.68757367333207
-0.37397263277228
0.22205600381204
0.64875547815061
0.61487667772652
0.26055751744738
0.00708276496481
0.13454181915899
0.50311529493745
0.69210006290590
0.41995664689207
-0.16789473871095
-0.62746310371217
-0.63639610306787
-0.29526172438552
-0.01587072551676
-0.10782654016824
-0.47035071705198
-0.69247879586444
-0.46309597905139
0.11257732535177
0.60211289681504
0.65477715691701
0.33055742661667
0.02805219694181
0.08359278730336
0.43634752157985
0.68879775570162
0.50311529493746
-0.05648358257846
-0.57282822231780
-0.66977659781921
-0.36608227223159
-0.04350681738307
-0.06208169635200
-0.40146875373688
-0.68117880140664
-0.53976597626214
-0.00000000000004
0.53976597626216
0.68117880140664
0.40146875373695
0.06208169635201
0.04350681738303
0.36608227223151
0.66977659781920
0.57282822231785
0.05648358257850
-0.50311529493747
-0.68879775570164
-0.43634752157983
-0.08359278730340
-0.02805219694180
-0.33055742661665
-0.65477715691700
-0.60211289681506
-0.11257732535175
0.46309597905137
0.69247879586443
0.47035071705201
0.10782654016826
0.01587072551677
0.29526172438549
0.63639610306790
0.62746310371218
0.16789473871099
-0.41995664689207
-0.69210006290589
-0.50311529493743
-0.13454181915897
-0.00708276496481
-0.26055751744741
-0.61487667772657
-0.64875547815061
-0.22205600381203
0.37397263277229
0.68757367333206
0.53428630635471
0.16347206880121
0.00177506809319
0.22679873744546
0.59048750136714
0.66590118113850
0.27469123415090
-0.32544364930411
-0.67884658925225
-0.56352011259489
-0.19432770894176
0.00000000000000
-0.19432770894169
-0.56352011259488
-0.67884658925224
-0.32544364930415
0.27469123415086
0.66590118113848
0.59048750136717
0.22679873744544
0.00177506809320
0.16347206880119
0.53428630635473
0.68757367333207
0.37397263277233
-0.22205600381209
-0.64875547815060
-0.61487667772655
-0.26055751744748
-0.00708276496481
-0.13454181915898
-0.50311529493741
-0.69210006290589
-0.41995664689208
0.16789473871095
0.62746310371214
0.63639610306790
0.29526172438553
0.01587072551676
0.10782654016821
0.47035071705202
0.69247879586444
0.46309597905139
-0.11257732535170
-0.60211289681505
-0.65477715691702
-0.33055742661668
-0.02805219694180
-0.08359278730338
-0.43634752157985
-0.68879775570161
-0.50311529493744
0.05648358257846
0.57282822231779
0.66977659781921
0.36608227223155
0.04350681738305
0.06208169635200
0.40146875373691
0.68117880140665
0.53976597626215
0.00000000000005
-0.53976597626215
-0.68117880140665
-0.40146875373695
-0.06208169635202
-0.04350681738303
-0.36608227223155
-0.66977659781921
-0.57282822231781
-0.05648358257851
0.50311529493744
0.68879775570164
0.43634752157984
0.08359278730341
0.02805219694180
0.33055742661669
0.65477715691699
0.60211289681507
0.11257732535181
-0.46309597905136
-0.69247879586444
-0.47035071705201
-0.10782654016826
-0.01587072551677
-0.29526172438549
-0.63639610306791
-0.62746310371215
-0.16789473871100
0.41995664689208
0.69210006290589
0.50311529493744
0.13454181915898
0.00708276496480
0.26055751744741
0.61487667772656
0.64875547815061
0.22205600381209
-0.37397263277229
-0.68757367333207
-0.53428630635472
-0.16347206880126
-0.00177506809320
-0.22679873744545
-0.59048750136714
-0.66590118113852
-0.27469123415089
0.32544364930411
0.67884658925224
0.56352011259487
0.19432770894172
0.00000000000000
0.19432770894169
0.56352011259490
0.67884658925224
0.32544364930416
-0.27469123415084
-0.66590118113849
-0.59048750136717
-0.22679873744544
-0.00177506809319
-0.16347206880122
-0.53428630635467
-0.68757367333208
-0.37397263277226
0.22205600381204
0.64875547815060
0.61487667772656
0.26055751744740
0.00708276496481
0.13454181915898
0.50311529493745
0.69210006290590
0.41995664689212
-0.16789473871096
-0.62746310371216
-0.63639610306788
-0.29526172438553
-0.01587072551676
-0.10782654016823
-0.47035071705202
-0.69247879586444
-0.46309597905134
0.11257732535174
0.60211289681504
0.65477715691702
0.33055742661664
0.02805219694181
0.08359278730338
0.43634752157979
0.68879775570162
0.50311529493747
-0.05648358257844
-0.57282822231782
-0.66977659781920
-0.36608227223159
-0.04350681738305
-0.06208169635202
-0.40146875373691
-0.68117880140663
-0.53976597626221
0.00000000000001
0.53976597626215
0.68117880140669
0.40146875373691
0.06208169635199
0.04350681738303
0.36608227223150
0.66977659781919
0.57282822231783
0.05648358257851
-0.50311529493740
-0.68879775570162
-0.43634752157984
-0.08359278730341
-0.02805219694181
-0.33055742661664
-0.65477715691701
-0.60211289681507
-0.11257732535175
0.46309597905136
0.69247879586443
0.47035071705207
0.10782654016824
0.01587072551675
0.29526172438548
0.63639610306792
0.62746310371217
0.16789473871102
-0.41995664689205
-0.69210006290590
-0.50311529493745
-0.13454181915898
-0.00708276496481
-0.26055751744744
-0.61487667772652
-0.64875547815064
-0.22205600381202
0.37397263277228
0.68757367333208
0.53428630635471
0.16347206880122
0.00177506809319
0.22679873744539
0.59048750136716
0.66590118113850
0.27469123415093
-0.32544364930411
-0.67884658925224
-0.56352011259491
-0.19432770894173
0.00000000000000
-0.19432770894172
-0.56352011259487
-0.67884658925225
-0.32544364930410
0.27469123415091
0.66590118113848
0.59048750136716
0.22679873744546
0.00177506809320
0.16347206880118
0.53428630635468
0.68757367333206
0.37397263277230
-0.22205600381195
-0.64875547815063
-0.61487667772654
-0.26055751744745
-0.00708276496482
-0.13454181915898
-0.50311529493743
-0.69210006290591
-0.41995664689217
0.16789473871100
0.62746310371216
0.63639610306792
0.29526172438549
0.01587072551677
0.10782654016823
0.47035071705197
0.69247879586443
0.46309597905137
-0.11257732535176
-0.60211289681500
-0.65477715691701
-0.33055742661670
-0.02805219694182
-0.08359278730341
-0.43634752157984
-0.68879775570162
-0.50311529493748
0.05648358257848
0.57282822231781
0.66977659781921
0.36608227223161
0.04350681738303
0.06208169635199
0.40146875373690
0.68117880140665
0.53976597626214
0.00000000000003
-0.53976597626214
-0.68117880140667
-0.40146875373691
-0.06208169635202
-0.04350681738303
-0.36608227223153
-0.66977659781919
-0.57282822231783
-0.05648358257846
0.50311529493742
0.68879775570164
0.43634752157988
0.08359278730339
0.02805219694179
0.33055742661664
0.65477715691701
0.60211289681506
0.11257732535176
-0.46309597905135
-0.69247879586443
-0.47035071705202
-0.10782654016824
-0.01587072551675
-0.29526172438553
-0.63639610306788
-0.62746310371218
-0.16789473871103
0.41995664689210
0.69210006290589
0.50311529493745
0.13454181915899
0.00708276496481
0.26055751744739
0.61487667772653
0.64875547815059
0.22205600381206
-0.37397263277224
-0.68757367333205
-0.53428630635473
-0.16347206880123
-0.00177506809319
-0.22679873744543
-0.59048750136716
-0.66590118113852
-0.27469123415098
0.32544364930414
0.67884658925226
0.56352011259490
0.19432770894178
0.00000000000000
0.19432770894172
0.56352011259486
0.67884658925225
0.32544364930411
-0.27469123415085
-0.66590118113846
-0.59048750136714
-0.22679873744545
-0.00177506809320
-0.16347206880118
-0.53428630635472
-0.68757367333206
-0.37397263277235
0.22205600381207
0.64875547815060
0.61487667772658
0.26055751744745
0.00708276496480
0.13454181915897
0.50311529493744
0.69210006290588
0.41995664689210
-0.16789473871096
-0.62746310371214
-0.63639610306791
-0.29526172438549
-0.01587072551677
-0.10782654016822
-0.47035071705200
-0.69247879586445
-0.46309597905138
0.11257732535175
0.60211289681506
0.65477715691699
0.33055742661669
0.02805219694180
0.08359278730337
0.43634752157988
0.68879775570162
0.50311529493745
-0.05648358257850
-0.57282822231778
-0.66977659781921
-0.36608227223156
-0.04350681738306
-0.06208169635199
-0.40146875373690
-0.68117880140662
-0.53976597626220
-0.00000000000006
