0.35743310157130
0.65607176467927
0.84679269205880
0.89822405558544
0.80190587176953
0.57368159077382
0.25109199543531
-0.11279991020787
-0.45813727417533
-0.72811529493745
-0.87832508574487
-0.88405852565582
-0.74437251684711
-0.48224411548110
-0.14079101853621
0.22382089844837
0.55161634828768
0.78867601203948
0.89600576814277
0.85595086466564
0.67509996266741
0.38320136240857
0.02826968317032
-0.33131209741621
-0.63639610306789
-0.83679883729943
-0.89955590432916
-0.81434434721942
-0.59518067879129
-0.27811529493745
0.08469748198666
0.43357830669154
0.71113951113812
0.87172484501577
0.88891950653562
0.75989513295181
0.50587504006692
0.16864318312715
-0.19632891725689
-0.52900672706323
-0.77466782430355
-0.89290323118303
-0.86426431710925
-0.69346191849821
-0.40859144976559
-0.05651146757638
0.30486412822076
0.61609239533582
0.82597916311558
0.90000000000000
0.82597916311558
0.61609239533582
0.30486412822076
-0.05651146757638
-0.40859144976559
-0.69346191849821
-0.86426431710925
-0.89290323118303
-0.77466782430355
-0.52900672706323
-0.19632891725689
0.16864318312715
0.50587504006692
0.75989513295181
0.88891950653562
0.87172484501577
0.71113951113812
0.43357830669154
0.08469748198666
-0.27811529493745
-0.59518067879129
-0.81434434721942
-0.89955590432916
-0.83679883729943
-0.63639610306789
-0.33131209741621
0.02826968317032
0.38320136240857
0.67509996266741
0.85595086466564
0.89600576814277
0.78867601203948
0.55161634828768
0.22382089844837
-0.14079101853621
-0.48224411548109
-0.74437251684711
-0.88405852565582
-0.87832508574487
-0.72811529493745
-0.45813727417533
-0.11279991020787
0.25109199543530
0.57368159077382
0.80190587176953
0.89822405558544
0.84679269205880
0.65607176467927
0.35743310157130
-0.00000000000000
-0.35743310157130
-0.65607176467927
-0.84679269205880
-0.89822405558544
-0.80190587176953
-0.57368159077382
-0.25109199543531
0.11279991020787
0.45813727417533
0.72811529493745
0.87832508574487
0.88405852565582
0.74437251684711
0.48224411548110
0.14079101853621
-0.22382089844836
-0.55161634828768
-0.78867601203947
-0.89600576814277
-0.85595086466564
-0.67509996266741
-0.38320136240857
-0.02826968317032
0.33131209741621
0.63639610306789
0.83679883729943
0.89955590432916
0.81434434721942
0.59518067879129
0.27811529493746
-0.08469748198667
-0.43357830669154
-0.71113951113812
-0.87172484501577
-0.88891950653562
-0.75989513295181
-0.50587504006692
-0.16864318312716
0.19632891725688
0.52900672706322
0.77466782430355
0.89290323118303
0.86426431710925
0.69346191849821
0.40859144976560
0.05651146757638
-0.30486412822076
-0.61609239533582
-0.82597916311558
-0.90000000000000
-0.82597916311558
-0.61609239533582
-0.30486412822076
0.05651146757638
0.40859144976559
0.69346191849821
0.86426431710925
0.89290323118303
0.77466782430355
0.52900672706323
0.19632891725690
-0.16864318312715
-0.50587504006691
-0.75989513295181
-0.88891950653562
-0.87172484501577
-0.71113951113812
-0.43357830669155
-0.08469748198666
0.27811529493746
0.59518067879128
0.81434434721941
0.89955590432916
0.83679883729942
0.63639610306790
0.33131209741622
-0.02826968317032
-0.38320136240857
-0.67509996266741
-0.85595086466564
-0.89600576814277
-0.78867601203948
-0.55161634828768
-0.22382089844837
0.14079101853620
0.48224411548108
0.74437251684711
0.88405852565582
0.87832508574487
0.72811529493746
0.45813727417533
0.11279991020788
-0.25109199543531
-0.57368159077382
-0.80190587176953
-0.89822405558544
-0.84679269205880
-0.65607176467927
-0.35743310157130
0.00000000000000
0.35743310157131
0.65607176467926
0.84679269205880
0.89822405558544
0.80190587176953
0.57368159077383
0.25109199543531
-0.11279991020789
-0.45813727417533
-0.72811529493745
-0.87832508574487
-0.88405852565582
-0.74437251684711
-0.48224411548110
-0.14079101853622
0.22382089844837
0.55161634828767
0.78867601203947
0.89600576814277
0.85595086466564
0.67509996266741
0.38320136240857
0.02826968317032
-0.33131209741621
-0.63639610306789
-0.83679883729942
-0.89955590432916
-0.81434434721942
-0.59518067879130
-0.27811529493745
0.08469748198667
0.43357830669153
0.71113951113812
0.87172484501577
0.88891950653562
0.75989513295182
0.50587504006692
0.16864318312715
-0.19632891725688
-0.52900672706321
-0.77466782430355
-0.89290323118303
-0.86426431710925
-0.69346191849821
-0.40859144976559
-0.05651146757639
0.30486412822076
0.61609239533581
0.82597916311558
0.90000000000000
0.82597916311558
0.61609239533582
0.30486412822077
-0.05651146757638
-0.40859144976559
-0.69346191849820
-0.86426431710925
-0.89290323118303
-0.77466782430356
-0.52900672706324
-0.19632891725690
0.16864318312716
0.50587504006691
0.75989513295181
0.88891950653562
0.87172484501577
0.71113951113813
0.43357830669155
0.08469748198666
-0.27811529493745
-0.59518067879128
-0.81434434721942
-0.89955590432916
-0.83679883729942
-0.63639610306789
-0.33131209741622
0.02826968317031
0.38320136240856
0.67509996266741
0.85595086466563
0.89600576814277
0.78867601203948
0.55161634828768
0.22382089844837
-0.14079101853621
-0.48224411548110
-0.74437251684710
-0.88405852565582
-0.87832508574487
-0.72811529493746
-0.45813727417534
-0.11279991020788
0.25109199543530
0.57368159077382
0.80190587176953
0.89822405558544
0.84679269205880
0.65607176467927
0.35743310157130
0.00000000000001
-0.35743310157129
-0.65607176467926
-0.84679269205880
-0.89822405558545
-0.80190587176953
-0.57368159077382
-0.25109199543531
0.11279991020788
0.45813727417533
0.72811529493745
0.87832508574487
0.88405852565582
0.74437251684711
0.48224411548111
0.14079101853622
-0.22382089844837
-0.55161634828768
-0.78867601203948
-0.89600576814277
-0.85595086466564
-0.67509996266741
-0.38320136240858
-0.02826968317033
0.33131209741620
0.63639610306789
0.83679883729942
0.89955590432916
0.81434434721942
0.59518067879129
0.27811529493747
-0.08469748198667
-0.43357830669156
-0.71113951113812
-0.87172484501577
-0.88891950653563
-0.75989513295182
-0.50587504006692
-0.16864318312715
0.19632891725687
0.52900672706323
0.77466782430354
0.89290323118303
0.86426431710925
0.69346191849822
0.40859144976558
0.05651146757639
-0.30486412822076
-0.61609239533583
-0.82597916311558
-0.90000000000000
-0.82597916311558
-0.61609239533583
-0.30486412822078
0.05651146757640
0.40859144976559
0.69346191849821
0.86426431710924
0.89290323118303
0.77466782430356
0.52900672706322
0.19632891725691
-0.16864318312716
-0.50587504006693
-0.75989513295181
-0.88891950653562
-0.87172484501577
-0.71113951113813
-0.43357830669155
-0.08469748198666
0.27811529493744
0.59518067879130
0.81434434721940
0.89955590432916
0.83679883729942
0.63639610306790
0.33131209741622
-0.02826968317031
-0.38320136240857
-0.67509996266742
-0.85595086466564
-0.89600576814277
-0.78867601203948
-0.55161634828769
-0.22382089844838
0.14079101853623
0.48224411548110
0.74437251684711
0.88405852565582
0.87832508574487
0.72811529493747
0.45813727417533
0.11279991020789
-0.25109199543530
-0.57368159077382
-0.80190587176952
-0.89822405558545
-0.84679269205881
-0.65607176467927
-0.35743310157130
0.00000000000001
0.35743310157129
0.65607176467928
0.84679269205879
0.89822405558545
0.80190587176954
0.57368159077383
0.25109199543531
-0.11279991020788
-0.45813727417534
-0.72811529493745
-0.87832508574487
-0.88405852565582
-0.74437251684710
-0.48224411548111
-0.14079101853621
0.22382089844839
0.55161634828768
0.78867601203947
0.89600576814277
0.85595086466564
0.67509996266743
0.38320136240856
0.02826968317033
-0.33131209741621
-0.63639610306789
-0.83679883729942
-0.89955590432916
-0.81434434721942
-0.59518067879129
-0.27811529493747
0.08469748198667
0.43357830669154
0.71113951113814
0.87172484501576
0.88891950653563
0.75989513295182
0.50587504006692
0.16864318312715
-0.19632891725690
-0.52900672706324
-0.77466782430353
-0.89290323118303
-0.86426431710925
-0.69346191849822
-0.40859144976560
-0.05651146757638
0.30486412822074
0.61609239533583
0.82597916311558
0.90000000000000
0.82597916311558
0.61609239533583
0.30486412822075
-0.05651146757638
-0.40859144976559
-0.69346191849821
-0.86426431710924
-0.89290323118303
-0.77466782430355
-0.52900672706322
-0.19632891725690
0.16864318312717
0.50587504006691
0.75989513295180
0.88891950653562
0.87172484501577
0.71113951113813
0.43357830669154
0.08469748198668
-0.27811529493746
-0.59518067879130
-0.81434434721941
-0.89955590432916
-0.83679883729943
-0.63639610306790
-0.33131209741621
0.02826968317032
0.38320136240855
0.67509996266742
0.85595086466563
0.89600576814277
0.78867601203947
0.55161634828769
0.22382089844835
-0.14079101853620
-0.48224411548110
-0.74437251684710
-0.88405852565582
-0.87832508574488
-0.72811529493745
-0.45813727417533
-0.11279991020789
0.25109199543532
0.57368159077382
0.80190587176952
0.89822405558544
0.84679269205881
0.65607176467929
0.35743310157130
0.00000000000002
-0.35743310157129
-0.65607176467928
-0.84679269205879
-0.89822405558544
-0.80190587176954
-0.57368159077383
-0.25109199543531
0.11279991020788
0.45813727417532
0.72811529493745
0.87832508574487
0.88405852565582
0.74437251684710
0.48224411548111
0.14079101853621
-0.22382089844837
-0.55161634828768
-0.78867601203946
-0.89600576814277
-0.85595086466565
-0.67509996266741
-0.38320136240858
-0.02826968317032
0.33131209741623
0.63639610306789
0.83679883729942
0.89955590432916
0.81434434721942
0.59518067879131
0.27811529493745
-0.08469748198665
-0.43357830669154
-0.71113951113811
-0.87172484501576
-0.88891950653563
-0.75989513295182
-0.50587504006692
-0.16864318312715
0.19632891725690
0.52900672706322
0.77466782430355
0.89290323118303
0.86426431710925
0.69346191849820
0.40859144976560
0.05651146757638
-0.30486412822077
-0.61609239533583
-0.82597916311557
-0.90000000000000
-0.82597916311559
-0.61609239533583
-0.30486412822077
0.05651146757638
0.40859144976562
0.69346191849820
0.86426431710925
0.89290323118303
0.77466782430355
0.52900672706324
0.19632891725688
-0.16864318312714
-0.50587504006691
-0.75989513295180
-0.88891950653562
-0.87172484501577
-0.71113951113812
-0.43357830669154
-0.08469748198668
0.27811529493746
0.59518067879128
0.81434434721942
0.89955590432916
0.83679883729943
0.63639610306790
0.33131209741621
-0.02826968317032
-0.38320136240857
-0.67509996266741
-0.85595086466563
-0.89600576814277
-0.78867601203949
-0.55161634828769
-0.22382089844838
0.14079101853621
0.48224411548108
0.74437251684710
0.88405852565582
0.87832508574487
0.72811529493745
0.45813727417535
0.11279991020786
-0.25109199543530
-0.57368159077382
-0.80190587176952
-0.89822405558544
-0.84679269205881
-0.65607176467927
-0.35743310157130
-0.00000000000001
0.35743310157132
0.65607176467925
0.84679269205880
0.89822405558545
0.80190587176954
0.57368159077384
0.25109199543531
-0.11279991020786
-0.45813727417534
-0.72811529493745
-0.87832508574487
-0.88405852565582
-0.74437251684711
-0.48224411548110
-0.14079101853621
0.22382089844837
0.55161634828767
0.78867601203947
0.89600576814277
0.85595086466565
0.67509996266741
0.38320136240858
0.02826968317032
-0.33131209741621
-0.63639610306788
-0.83679883729942
-0.89955590432916
-0.81434434721943
-0.59518067879130
-0.27811529493747
0.08469748198665
0.43357830669154
0.71113951113812
0.87172484501577
0.88891950653562
0.75989513295180
0.50587504006694
0.16864318312717
-0.19632891725687
-0.52900672706322
-0.77466782430355
-0.89290323118303
-0.86426431710925
-0.69346191849823
-0.40859144976562
-0.05651146757641
0.30486412822074
0.61609239533581
0.82597916311558
0.90000000000000
0.82597916311558
0.61609239533585
0.30486412822075
-0.05651146757635
-0.40859144976557
-0.69346191849820
-0.86426431710926
-0.89290323118303
-0.77466782430355
-0.52900672706326
-0.19632891725693
0.16864318312717
0.50587504006690
0.75989513295183
0.88891950653562
0.87172484501577
0.71113951113815
0.43357830669154
0.08469748198665
-0.27811529493742
-0.59518067879126
-0.81434434721941
-0.89955590432916
-0.83679883729943
-0.63639610306790
-0.33131209741621
0.02826968317027
0.38320136240853
0.67509996266742
0.85595086466565
0.89600576814277
0.78867601203949
0.55161634828769
0.22382089844842
-0.14079101853621
-0.48224411548110
-0.74437251684711
-0.88405852565581
-0.87832508574488
-0.72811529493743
-0.45813727417535
-0.11279991020788
0.25109199543525
0.57368159077382
0.80190587176951
0.89822405558545
0.84679269205880
0.65607176467929
0.35743310157132
0.00000000000006
-0.35743310157130
-0.65607176467927
-0.84679269205880
-0.89822405558545
-0.80190587176952
-0.57368159077384
-0.25109199543533
0.11279991020791
0.45813727417532
0.72811529493745
0.87832508574486
0.88405852565582
0.74437251684710
0.48224411548112
0.14079101853618
-0.22382089844835
-0.55161634828767
-0.78867601203945
-0.89600576814278
-0.85595086466564
-0.67509996266744
-0.38320136240860
-0.02826968317035
0.33131209741623
0.63639610306788
0.83679883729944
0.89955590432916
0.81434434721942
0.59518067879132
0.27811529493744
-0.08469748198668
-0.43357830669152
-0.71113951113811
-0.87172484501576
-0.88891950653563
-0.75989513295182
-0.50587504006692
-0.16864318312715
0.19632891725685
0.52900672706320
0.77466782430356
0.89290323118303
0.86426431710925
0.69346191849825
0.40859144976560
0.05651146757643
-0.30486412822077
-0.61609239533583
-0.82597916311559
-0.90000000000000
-0.82597916311559
-0.61609239533583
-0.30486412822077
0.05651146757638
0.40859144976555
0.69346191849822
0.86426431710924
0.89290323118303
0.77466782430354
0.52900672706324
0.19632891725690
-0.16864318312710
-0.50587504006692
-0.75989513295182
-0.88891950653563
-0.87172484501578
-0.71113951113814
-0.43357830669156
-0.08469748198673
0.27811529493749
0.59518067879128
0.81434434721942
0.89955590432916
0.83679883729942
0.63639610306788
0.33131209741623
-0.02826968317030
-0.38320136240855
-0.67509996266741
-0.85595086466562
-0.89600576814277
-0.78867601203947
-0.55161634828771
-0.22382089844840
0.14079101853618
0.48224411548108
0.74437251684710
0.88405852565582
0.87832508574487
0.72811529493748
0.45813727417537
0.11279991020786
-0.25109199543533
-0.57368159077380
-0.80190587176952
-0.89822405558544
-0.84679269205880
-0.65607176467927
-0.35743310157134
0.00000000000001
0.35743310157127
0.65607176467925
0.84679269205880
0.89822405558544
0.80190587176953
0.57368159077386
0.25109199543530
-0.11279991020783
-0.45813727417530
-0.72811529493744
-0.87832508574488
-0.88405852565582
-0.74437251684714
-0.48224411548110
-0.14079101853621
0.22382089844838
0.55161634828765
0.78867601203949
0.89600576814277
0.85595086466564
0.67509996266742
0.38320136240857
0.02826968317032
-0.33131209741616
-0.63639610306790
-0.83679883729943
-0.89955590432916
-0.81434434721943
-0.59518067879130
-0.27811529493747
0.08469748198660
0.43357830669159
0.71113951113812
0.87172484501577
0.88891950653563
0.75989513295183
0.50587504006694
0.16864318312717
-0.19632891725688
-0.52900672706322
-0.77466782430355
-0.89290323118302
-0.86426431710925
-0.69346191849820
-0.40859144976562
-0.05651146757640
0.30486412822075
0.61609239533581
0.82597916311558
0.90000000000000
0.82597916311558
0.61609239533585
0.30486412822079
-0.05651146757636
-0.40859144976562
-0.69346191849820
-0.86426431710925
-0.89290323118303
-0.77466782430357
-0.52900672706326
-0.19632891725692
0.16864318312717
0.50587504006690
0.75989513295180
0.88891950653562
0.87172484501576
0.71113951113812
0.43357830669158
0.08469748198665
-0.27811529493742
-0.59518067879127
-0.81434434721941
-0.89955590432916
-0.83679883729943
-0.63639610306793
-0.33131209741621
0.02826968317027
0.38320136240858
0.67509996266739
0.85595086466565
0.89600576814277
0.78867601203951
0.55161634828768
0.22382089844837
-0.14079101853621
-0.48224411548106
-0.74437251684711
-0.88405852565581
-0.87832508574487
-0.72811529493746
-0.45813727417534
-0.11279991020788
0.25109199543526
0.57368159077379
0.80190587176954
0.89822405558545
0.84679269205881
0.65607176467929
0.35743310157132
0.00000000000001
-0.35743310157130
-0.65607176467927
-0.84679269205881
-0.89822405558545
-0.80190587176957
-0.57368159077380
-0.25109199543533
0.11279991020786
0.45813727417533
0.72811529493745
0.87832508574486
0.88405852565582
0.74437251684710
0.48224411548112
0.14079101853623
-0.22382089844830
-0.55161634828771
-0.78867601203947
-0.89600576814277
-0.85595086466564
-0.67509996266744
-0.38320136240860
-0.02826968317034
0.33131209741624
0.63639610306788
0.83679883729942
0.89955590432916
0.81434434721944
0.59518067879128
0.27811529493749
-0.08469748198668
-0.43357830669152
-0.71113951113811
-0.87172484501576
-0.88891950653562
-0.75989513295181
-0.50587504006696
-0.16864318312719
0.19632891725685
0.52900672706324
0.77466782430354
0.89290323118303
0.86426431710925
0.69346191849825
0.40859144976564
0.05651146757638
-0.30486412822077
-0.61609239533580
-0.82597916311557
-0.90000000000000
-0.82597916311559
-0.61609239533583
-0.30486412822077
0.05651146757638
0.40859144976555
0.69346191849819
0.86426431710925
0.89290323118303
0.77466782430356
0.52900672706328
0.19632891725690
-0.16864318312710
-0.50587504006692
-0.75989513295182
-0.88891950653563
-0.87172484501578
-0.71113951113817
-0.43357830669151
-0.08469748198667
0.27811529493745
0.59518067879129
0.81434434721942
0.89955590432916
0.83679883729944
0.63639610306788
0.33131209741623
-0.02826968317030
-0.38320136240851
-0.67509996266741
-0.85595086466564
-0.89600576814277
-0.78867601203947
-0.55161634828770
-0.22382089844839
0.14079101853619
0.48224411548113
0.74437251684710
0.88405852565582
0.87832508574488
0.72811529493748
0.45813727417532
0.11279991020790
-0.25109199543533
-0.57368159077381
-0.80190587176953
-0.89822405558544
-0.84679269205879
-0.65607176467927
-0.35743310157134
-0.00000000000003
