0.60211289681505
0.61487667772655
0.19432770894173
0.00708276496481
0.33055742661666
0.68117880140665
0.46309597905136
-0.22205600381204
-0.67884658925225
-0.50311529493745
-0.08359278730338
-0.06208169635200
-0.47035071705200
-0.68757367333206
-0.27469123415090
0.41995664689209
0.68879775570163
0.36608227223155
0.01587072551676
0.16347206880121
0.59048750136717
0.62746310371217
0.05648358257849
-0.57282822231781
-0.63639610306789
-0.22679873744543
-0.00177506809319
-0.29526172438552
-0.66977659781920
-0.50311529493746
0.16789473871098
0.66590118113849
0.53428630635471
0.10782654016825
0.04350681738304
0.43634752157984
0.69210006290589
0.32544364930412
-0.37397263277228
-0.69247879586443
-0.40146875373693
-0.02805219694180
-0.13454181915898
-0.56352011259487
-0.64875547815061
-0.11257732535177
0.53976597626216
0.65477715691701
0.26055751744741
0.00000000000000
0.26055751744741
0.65477715691702
0.53976597626215
-0.11257732535176
-0.64875547815061
-0.56352011259488
-0.13454181915899
-0.02805219694180
-0.40146875373693
-0.69247879586443
-0.37397263277229
0.32544364930412
0.69210006290590
0.43634752157985
0.04350681738305
0.10782654016825
0.53428630635471
0.66590118113849
0.16789473871099
-0.50311529493745
-0.66977659781920
-0.29526172438553
-0.00177506809319
-0.22679873744543
-0.63639610306789
-0.57282822231781
0.05648358257849
0.62746310371217
0.59048750136717
0.16347206880121
0.01587072551676
0.36608227223154
0.68879775570163
0.41995664689209
-0.27469123415090
-0.68757367333206
-0.47035071705200
-0.06208169635201
-0.08359278730338
-0.50311529493746
-0.67884658925225
-0.22205600381205
0.46309597905135
0.68117880140665
0.33055742661666
0.00708276496481
0.19432770894173
0.61487667772654
0.60211289681505
-0.00000000000000
-0.60211289681505
-0.61487667772655
-0.19432770894174
-0.00708276496481
-0.33055742661666
-0.68117880140665
-0.46309597905136
0.22205600381204
0.67884658925225
0.50311529493745
0.08359278730337
0.06208169635200
0.47035071705200
0.68757367333206
0.27469123415089
-0.41995664689209
-0.68879775570163
-0.36608227223155
-0.01587072551676
-0.16347206880120
-0.59048750136717
-0.62746310371217
-0.05648358257849
0.57282822231781
0.63639610306790
0.22679873744543
0.00177506809319
0.29526172438552
0.66977659781920
0.50311529493746
-0.16789473871100
-0.66590118113849
-0.53428630635471
-0.10782654016825
-0.04350681738304
-0.43634752157984
-0.69210006290589
-0.32544364930413
0.37397263277228
0.69247879586443
0.40146875373694
0.02805219694181
0.13454181915898
0.56352011259487
0.64875547815061
0.11257732535177
-0.53976597626215
-0.65477715691702
-0.26055751744741
0.00000000000000
-0.26055751744741
-0.65477715691702
-0.53976597626216
0.11257732535177
0.64875547815060
0.56352011259488
0.13454181915898
0.02805219694180
0.40146875373693
0.69247879586443
0.37397263277229
-0.32544364930412
-0.69210006290589
-0.43634752157985
-0.04350681738306
-0.10782654016825
-0.53428630635472
-0.66590118113850
-0.16789473871099
0.50311529493745
0.66977659781920
0.29526172438552
0.00177506809319
0.22679873744542
0.63639610306789
0.57282822231783
-0.05648358257850
-0.62746310371217
-0.59048750136717
-0.16347206880120
-0.01587072551676
-0.36608227223155
-0.68879775570163
-0.41995664689210
0.27469123415090
0.68757367333206
0.47035071705199
0.06208169635200
0.08359278730337
0.50311529493746
0.67884658925225
0.22205600381205
-0.46309597905135
-0.68117880140665
-0.33055742661666
-0.00708276496482
-0.19432770894173
-0.61487667772655
-0.60211289681506
0.00000000000001
0.60211289681505
0.61487667772654
0.19432770894173
0.00708276496481
0.33055742661666
0.68117880140664
0.46309597905137
-0.22205600381206
-0.67884658925224
-0.50311529493746
-0.08359278730338
-0.06208169635201
-0.47035071705199
-0.68757367333207
-0.27469123415092
0.41995664689209
0.68879775570164
0.36608227223156
0.01587072551676
0.16347206880121
0.59048750136715
0.62746310371216
0.05648358257849
-0.57282822231781
-0.63639610306791
-0.22679873744542
-0.00177506809319
-0.29526172438550
-0.66977659781921
-0.50311529493744
0.16789473871099
0.66590118113849
0.53428630635472
0.10782654016825
0.04350681738305
0.43634752157984
0.69210006290589
0.32544364930414
-0.37397263277227
-0.69247879586443
-0.40146875373695
-0.02805219694180
-0.13454181915898
-0.56352011259487
-0.64875547815061
-0.11257732535177
0.53976597626215
0.65477715691703
0.26055751744740
0.00000000000000
0.26055751744740
0.65477715691702
0.53976597626216
-0.11257732535177
-0.64875547815061
-0.56352011259488
-0.13454181915898
-0.02805219694180
-0.40146875373693
-0.69247879586443
-0.37397263277230
0.32544364930414
0.69210006290589
0.43634752157986
0.04350681738304
0.10782654016825
0.53428630635470
0.66590118113850
0.16789473871098
-0.50311529493744
-0.66977659781921
-0.29526172438552
-0.00177506809319
-0.22679873744543
-0.63639610306790
-0.57282822231782
0.05648358257848
0.62746310371216
0.59048750136717
0.16347206880123
0.01587072551676
0.36608227223154
0.68879775570163
0.41995664689211
-0.27469123415092
-0.68757367333206
-0.47035071705201
-0.06208169635201
-0.08359278730338
-0.50311529493744
-0.67884658925225
-0.22205600381204
0.46309597905134
0.68117880140665
0.33055742661666
0.00708276496482
0.19432770894173
0.61487667772655
0.60211289681506
0.00000000000001
-0.60211289681505
-0.61487667772655
-0.19432770894176
-0.00708276496481
-0.33055742661668
-0.68117880140665
-0.46309597905138
0.22205600381206
0.67884658925224
0.50311529493747
0.08359278730338
0.06208169635200
0.47035071705198
0.68757367333207
0.27469123415090
-0.41995664689208
-0.68879775570164
-0.36608227223155
-0.01587072551677
-0.16347206880120
-0.59048750136717
-0.62746310371218
-0.05648358257853
0.57282822231781
0.63639610306790
0.22679873744545
0.00177506809319
0.29526172438551
0.66977659781919
0.50311529493749
-0.16789473871098
-0.66590118113850
-0.53428630635473
-0.10782654016824
-0.04350681738305
-0.43634752157985
-0.69210006290590
-0.32544364930413
0.37397263277226
0.69247879586444
0.40146875373696
0.02805219694181
0.13454181915897
0.56352011259488
0.64875547815060
0.11257732535180
-0.53976597626216
-0.65477715691703
-0.26055751744741
0.00000000000000
-0.26055751744740
-0.65477715691700
-0.53976597626217
0.11257732535179
0.64875547815061
0.56352011259487
0.13454181915899
0.02805219694180
0.40146875373692
0.69247879586444
0.37397263277231
-0.32544364930412
-0.69210006290591
-0.43634752157984
-0.04350681738304
-0.10782654016823
-0.53428630635471
-0.66590118113850
-0.16789473871099
0.50311529493745
0.66977659781920
0.29526172438555
0.00177506809319
0.22679873744544
0.63639610306789
0.57282822231782
-0.05648358257847
-0.62746310371217
-0.59048750136719
-0.16347206880119
-0.01587072551675
-0.36608227223153
-0.68879775570163
-0.41995664689210
0.27469123415092
0.68757367333207
0.47035071705198
0.06208169635201
0.08359278730337
0.50311529493746
0.67884658925224
0.22205600381208
-0.46309597905136
-0.68117880140666
-0.33055742661666
-0.00708276496481
-0.19432770894172
-0.61487667772654
-0.60211289681506
0.00000000000001
0.60211289681504
0.61487667772657
0.19432770894174
0.00708276496481
0.33055742661664
0.68117880140666
0.46309597905135
-0.22205600381202
-0.67884658925225
-0.50311529493745
-0.08359278730337
-0.06208169635199
-0.47035071705199
-0.68757367333207
-0.27469123415091
0.41995664689212
0.68879775570164
0.36608227223153
0.01587072551677
0.16347206880119
0.59048750136717
0.62746310371216
0.05648358257854
-0.57282822231782
-0.63639610306791
-0.22679873744544
-0.00177506809319
-0.29526172438553
-0.66977659781920
-0.50311529493748
0.16789473871097
0.66590118113849
0.53428630635472
0.10782654016828
0.04350681738305
0.43634752157982
0.69210006290589
0.32544364930409
-0.37397263277224
-0.69247879586444
-0.40146875373691
-0.02805219694181
-0.13454181915897
-0.56352011259492
-0.64875547815062
-0.11257732535176
0.53976597626215
0.65477715691703
0.26055751744738
0.00000000000000
0.26055751744741
0.65477715691703
0.53976597626217
-0.11257732535174
-0.64875547815061
-0.56352011259493
-0.13454181915898
-0.02805219694181
-0.40146875373690
-0.69247879586444
-0.37397263277230
0.32544364930413
0.69210006290589
0.43634752157982
0.04350681738306
0.10782654016824
0.53428630635470
0.66590118113849
0.16789473871104
-0.50311529493747
-0.66977659781922
-0.29526172438553
-0.00177506809319
-0.22679873744539
-0.63639610306790
-0.57282822231783
0.05648358257847
0.62746310371215
0.59048750136718
0.16347206880124
0.01587072551677
0.36608227223152
0.68879775570163
0.41995664689206
-0.27469123415085
-0.68757367333206
-0.47035071705198
-0.06208169635202
-0.08359278730337
-0.50311529493744
-0.67884658925224
-0.22205600381204
0.46309597905138
0.68117880140666
0.33055742661662
0.00708276496482
0.19432770894174
0.61487667772656
0.60211289681506
0.00000000000003
-0.60211289681504
-0.61487667772656
-0.19432770894173
-0.00708276496481
-0.33055742661663
-0.68117880140664
-0.46309597905137
0.22205600381204
0.67884658925224
0.50311529493744
0.08359278730339
0.06208169635199
0.47035071705203
0.68757367333207
0.27469123415090
-0.41995664689211
-0.68879775570164
-0.36608227223156
-0.01587072551676
-0.16347206880117
-0.59048750136717
-0.62746310371218
-0.05648358257852
0.57282822231784
0.63639610306794
0.22679873744543
0.00177506809319
0.29526172438549
0.66977659781919
0.50311529493743
-0.16789473871092
-0.66590118113849
-0.53428630635469
-0.10782654016827
-0.04350681738306
-0.43634752157983
-0.69210006290590
-0.32544364930412
0.37397263277230
0.69247879586444
0.40146875373695
0.02805219694182
0.13454181915898
0.56352011259488
0.64875547815062
0.11257732535174
-0.53976597626215
-0.65477715691703
-0.26055751744740
0.00000000000000
-0.26055751744738
-0.65477715691701
-0.53976597626217
0.11257732535176
0.64875547815062
0.56352011259486
0.13454181915900
0.02805219694179
0.40146875373697
0.69247879586442
0.37397263277228
-0.32544364930413
-0.69210006290590
-0.43634752157986
-0.04350681738305
-0.10782654016825
-0.53428630635472
-0.66590118113850
-0.16789473871102
0.50311529493748
0.66977659781923
0.29526172438553
0.00177506809319
0.22679873744540
0.63639610306788
0.57282822231782
-0.05648358257848
-0.62746310371217
-0.59048750136715
-0.16347206880123
-0.01587072551677
-0.36608227223154
-0.68879775570163
-0.41995664689210
0.27469123415091
0.68757367333206
0.47035071705201
0.06208169635201
0.08359278730337
0.50311529493746
0.67884658925225
0.22205600381206
-0.46309597905134
-0.68117880140665
-0.33055742661671
-0.00708276496481
-0.19432770894171
-0.61487667772652
-0.60211289681504
-0.00000000000002
0.60211289681506
0.61487667772653
0.19432770894176
0.00708276496481
0.33055742661670
0.68117880140663
0.46309597905136
-0.22205600381204
-0.67884658925225
-0.50311529493742
-0.08359278730341
-0.06208169635200
-0.47035071705200
-0.68757367333206
-0.27469123415093
0.41995664689212
0.68879775570165
0.36608227223155
0.01587072551676
0.16347206880118
0.59048750136718
0.62746310371218
0.05648358257850
-0.57282822231781
-0.63639610306788
-0.22679873744546
-0.00177506809319
-0.29526172438551
-0.66977659781920
-0.50311529493746
0.16789473871099
0.66590118113849
0.53428630635473
0.10782654016826
0.04350681738304
0.43634752157984
0.69210006290590
0.32544364930416
-0.37397263277226
-0.69247879586443
-0.40146875373694
-0.02805219694180
-0.13454181915895
-0.56352011259486
-0.64875547815062
-0.11257732535184
0.53976597626215
0.65477715691701
0.26055751744744
0.00000000000000
0.26055751744744
0.65477715691699
0.53976597626212
-0.11257732535176
-0.64875547815059
-0.56352011259489
-0.13454181915900
-0.02805219694180
-0.40146875373693
-0.69247879586442
-0.37397263277229
0.32544364930411
0.69210006290590
0.43634752157986
0.04350681738304
0.10782654016822
0.53428630635470
0.66590118113849
0.16789473871099
-0.50311529493743
-0.66977659781921
-0.29526172438551
-0.00177506809320
-0.22679873744541
-0.63639610306789
-0.57282822231782
0.05648358257847
0.62746310371214
0.59048750136715
0.16347206880122
0.01587072551675
0.36608227223150
0.68879775570162
0.41995664689215
-0.27469123415088
-0.68757367333207
-0.47035071705201
-0.06208169635200
-0.08359278730335
-0.50311529493746
-0.67884658925225
-0.22205600381211
0.46309597905130
0.68117880140665
0.33055742661669
0.00708276496482
0.19432770894176
0.61487667772654
0.60211289681506
0.00000000000008
-0.60211289681505
-0.61487667772657
-0.19432770894180
-0.00708276496480
-0.33055742661666
-0.68117880140664
-0.46309597905139
0.22205600381208
0.67884658925224
0.50311529493746
0.08359278730340
0.06208169635201
0.47035071705196
0.68757367333207
0.27469123415090
-0.41995664689208
-0.68879775570162
-0.36608227223157
-0.01587072551676
-0.16347206880123
-0.59048750136713
-0.62746310371220
-0.05648358257845
0.57282822231781
0.63639610306791
0.22679873744546
0.00177506809319
0.29526172438552
0.66977659781919
0.50311529493744
-0.16789473871102
-0.66590118113848
-0.53428630635476
-0.10782654016825
-0.04350681738303
-0.43634752157981
-0.69210006290590
-0.32544364930413
0.37397263277226
0.69247879586442
0.40146875373693
0.02805219694180
0.13454181915897
0.56352011259484
0.64875547815061
0.11257732535179
-0.53976597626214
-0.65477715691701
-0.26055751744743
0.00000000000000
-0.26055751744736
-0.65477715691702
-0.53976597626218
0.11257732535174
0.64875547815058
0.56352011259489
0.13454181915898
0.02805219694178
0.40146875373694
0.69247879586445
0.37397263277230
-0.32544364930405
-0.69210006290588
-0.43634752157989
-0.04350681738306
-0.10782654016824
-0.53428630635471
-0.66590118113850
-0.16789473871102
0.50311529493748
0.66977659781918
0.29526172438560
0.00177506809320
0.22679873744547
0.63639610306785
0.57282822231784
-0.05648358257845
-0.62746310371216
-0.59048750136717
-0.16347206880120
-0.01587072551676
-0.36608227223156
-0.68879775570163
-0.41995664689216
0.27469123415088
0.68757367333206
0.47035071705204
0.06208169635202
0.08359278730339
0.50311529493745
0.67884658925226
0.22205600381198
-0.46309597905138
-0.68117880140666
-0.33055742661673
-0.00708276496481
-0.19432770894173
-0.61487667772651
-0.60211289681509
0.00000000000003
0.60211289681503
0.61487667772659
0.19432770894169
0.00708276496480
0.33055742661663
0.68117880140666
0.46309597905137
-0.22205600381201
-0.67884658925223
-0.50311529493749
-0.08359278730337
-0.06208169635202
-0.47035071705195
-0.68757367333207
-0.27469123415090
0.41995664689207
0.68879775570163
0.36608227223158
0.01587072551676
0.16347206880120
0.59048750136709
0.62746310371217
0.05648358257852
-0.57282822231776
-0.63639610306791
-0.22679873744544
-0.00177506809319
-0.29526172438549
-0.66977659781922
-0.50311529493747
0.16789473871094
0.66590118113852
0.53428630635471
0.10782654016827
0.04350681738304
0.43634752157988
0.69210006290589
0.32544364930418
-0.37397263277224
-0.69247879586444
-0.40146875373696
-0.02805219694181
-0.13454181915897
-0.56352011259487
-0.64875547815062
-0.11257732535186
0.53976597626216
0.65477715691699
0.26055751744746
0.00000000000000
0.26055751744747
0.65477715691701
0.53976597626218
-0.11257732535174
-0.64875547815062
-0.56352011259487
-0.13454181915905
-0.02805219694181
-0.40146875373687
-0.69247879586443
-0.37397263277234
0.32544364930410
0.69210006290589
0.43634752157987
0.04350681738305
0.10782654016824
0.53428630635471
0.66590118113852
0.16789473871096
-0.50311529493745
-0.66977659781922
-0.29526172438558
-0.00177506809319
-0.22679873744540
-0.63639610306789
-0.57282822231778
0.05648358257845
0.62746310371215
0.59048750136715
0.16347206880120
0.01587072551674
0.36608227223159
0.68879775570161
0.41995664689213
-0.27469123415095
-0.68757367333205
-0.47035071705203
-0.06208169635196
-0.08359278730337
-0.50311529493736
-0.67884658925225
-0.22205600381203
0.46309597905128
0.68117880140661
0.33055742661662
0.00708276496482
0.19432770894179
0.61487667772661
0.60211289681507
0.00000000000012
-0.60211289681505
-0.61487667772654
-0.19432770894181
-0.00708276496482
-0.33055742661661
-0.68117880140661
-0.46309597905134
0.22205600381199
0.67884658925224
0.50311529493748
0.08359278730338
0.06208169635194
0.47035071705199
0.68757367333208
0.27469123415099
-0.41995664689208
-0.68879775570163
-0.36608227223161
-0.01587072551678
-0.16347206880125
-0.59048750136715
-0.62746310371219
-0.05648358257852
0.57282822231782
0.63639610306789
0.22679873744542
0.00177506809319
0.29526172438556
0.66977659781916
0.50311529493750
-0.16789473871105
-0.66590118113848
-0.53428630635473
-0.10782654016826
-0.04350681738304
-0.43634752157984
-0.69210006290592
-0.32544364930422
0.37397263277229
0.69247879586443
0.40146875373699
0.02805219694182
0.13454181915903
0.56352011259487
0.64875547815063
0.11257732535178
-0.53976597626216
-0.65477715691707
-0.26055751744749
0.00000000000000
-0.26055751744734
-0.65477715691698
-0.53976597626213
0.11257732535172
0.64875547815058
0.56352011259489
0.13454181915900
0.02805219694180
0.40146875373693
0.69247879586443
0.37397263277236
-0.32544364930412
-0.69210006290591
-0.43634752157991
-0.04350681738303
-0.10782654016822
-0.53428630635461
-0.66590118113847
-0.16789473871101
0.50311529493738
0.66977659781914
0.29526172438552
0.00177506809320
0.22679873744546
0.63639610306791
0.57282822231785
-0.05648358257853
-0.62746310371213
-0.59048750136719
-0.16347206880122
-0.01587072551676
-0.36608227223154
-0.68879775570164
-0.41995664689210
0.27469123415082
0.68757367333208
0.47035071705196
0.06208169635203
0.08359278730329
0.50311529493753
0.67884658925224
0.22205600381217
-0.46309597905137
-0.68117880140664
-0.33055742661675
-0.00708276496481
-0.19432770894175
-0.61487667772649
-0.60211289681509
-0.00000000000007
