0.57966948667042
0.69209352980836
0.35300083676130
0.02113659545990
0.08275488435082
0.42589844285564
0.57000575098547
0.20810340842768
-0.43336436197046
-0.81405764746873
-0.64345826775523
-0.17752589929630
0.07227349484426
-0.10206441027182
-0.38859356080205
-0.31606498310863
0.20541266487574
0.75839565348847
0.84895581995615
0.42797543233282
-0.06340295455106
-0.17245696626444
0.08453035085326
0.26231938362471
-0.00000000000000
-0.55745706611844
-0.89423770543239
-0.67167553714132
-0.09329461451285
0.31094235253127
0.24664446587613
-0.04771421018584
-0.08888999769875
0.29680477503916
0.76265780480176
0.80792299880873
0.32333302930156
-0.27973605590515
-0.49911739451321
-0.26450336353161
0.01361902373299
-0.08239396812279
-0.50252766782273
-0.77470639158192
-0.52249377641674
0.11080191368054
0.59689181737819
0.57254956119952
0.20869385667500
0.00000000000000
0.20869385667499
0.57254956119952
0.59689181737819
0.11080191368054
-0.52249377641674
-0.77470639158193
-0.50252766782273
-0.08239396812279
0.01361902373299
-0.26450336353162
-0.49911739451321
-0.27973605590515
0.32333302930156
0.80792299880872
0.76265780480176
0.29680477503916
-0.08888999769875
-0.04771421018584
0.24664446587613
0.31094235253127
-0.09329461451285
-0.67167553714132
-0.89423770543239
-0.55745706611844
-0.00000000000000
0.26231938362471
0.08453035085327
-0.17245696626444
-0.06340295455106
0.42797543233282
0.84895581995615
0.75839565348847
0.20541266487573
-0.31606498310863
-0.38859356080205
-0.10206441027182
0.07227349484426
-0.17752589929629
-0.64345826775523
-0.81405764746873
-0.43336436197046
0.20810340842768
0.57000575098546
0.42589844285564
0.08275488435082
0.02113659545990
0.35300083676130
0.69209352980836
0.57966948667041
-0.00000000000000
-0.57966948667042
-0.69209352980836
-0.35300083676130
-0.02113659545990
-0.08275488435082
-0.42589844285563
-0.57000575098546
-0.20810340842768
0.43336436197046
0.81405764746873
0.64345826775523
0.17752589929630
-0.07227349484426
0.10206441027182
0.38859356080205
0.31606498310864
-0.20541266487573
-0.75839565348846
-0.84895581995615
-0.42797543233282
0.06340295455106
0.17245696626444
-0.08453035085326
-0.26231938362472
-0.00000000000001
0.55745706611844
0.89423770543239
0.67167553714132
0.09329461451286
-0.31094235253127
-0.24664446587613
0.04771421018584
0.08888999769875
-0.29680477503915
-0.76265780480176
-0.80792299880872
-0.32333302930156
0.27973605590514
0.49911739451321
0.26450336353162
-0.01361902373299
0.08239396812279
0.50252766782273
0.77470639158193
0.52249377641675
-0.11080191368052
-0.59689181737819
-0.57254956119952
-0.20869385667500
0.00000000000000
-0.20869385667499
-0.57254956119952
-0.59689181737819
-0.11080191368055
0.52249377641673
0.77470639158193
0.50252766782274
0.08239396812279
-0.01361902373299
0.26450336353161
0.49911739451322
0.27973605590516
-0.32333302930155
-0.80792299880872
-0.76265780480177
-0.29680477503915
0.08888999769875
0.04771421018583
-0.24664446587613
-0.31094235253127
0.09329461451283
0.67167553714131
0.89423770543239
0.55745706611845
0.00000000000002
-0.26231938362471
-0.08453035085326
0.17245696626444
0.06340295455106
-0.42797543233281
-0.84895581995615
-0.75839565348846
-0.20541266487574
0.31606498310863
0.38859356080205
0.10206441027182
-0.07227349484426
0.17752589929630
0.64345826775524
0.81405764746873
0.43336436197046
-0.20810340842767
-0.57000575098547
-0.42589844285564
-0.08275488435082
-0.02113659545990
-0.35300083676129
-0.69209352980836
-0.57966948667042
0.00000000000001
0.57966948667042
0.69209352980836
0.35300083676130
0.02113659545991
0.08275488435081
0.42589844285563
0.57000575098547
0.20810340842767
-0.43336436197047
-0.81405764746873
-0.64345826775523
-0.17752589929631
0.07227349484426
-0.10206441027181
-0.38859356080205
-0.31606498310864
0.20541266487572
0.75839565348846
0.84895581995615
0.42797543233281
-0.06340295455105
-0.17245696626444
0.08453035085325
0.26231938362471
0.00000000000001
-0.55745706611843
-0.89423770543239
-0.67167553714133
-0.09329461451287
0.31094235253127
0.24664446587613
-0.04771421018585
-0.08888999769876
0.29680477503915
0.76265780480176
0.80792299880873
0.32333302930158
-0.27973605590514
-0.49911739451321
-0.26450336353160
0.01361902373298
-0.08239396812278
-0.50252766782272
-0.77470639158193
-0.52249377641676
0.11080191368052
0.59689181737819
0.57254956119952
0.20869385667501
0.00000000000000
0.20869385667501
0.57254956119952
0.59689181737819
0.11080191368053
-0.52249377641675
-0.77470639158192
-0.50252766782273
-0.08239396812280
0.01361902373299
-0.26450336353159
-0.49911739451320
-0.27973605590514
0.32333302930155
0.80792299880872
0.76265780480176
0.29680477503915
-0.08888999769875
-0.04771421018585
0.24664446587612
0.31094235253128
-0.09329461451285
-0.67167553714133
-0.89423770543239
-0.55745706611844
-0.00000000000001
0.26231938362471
0.08453035085327
-0.17245696626445
-0.06340295455107
0.42797543233280
0.84895581995615
0.75839565348847
0.20541266487573
-0.31606498310864
-0.38859356080204
-0.10206441027183
0.07227349484426
-0.17752589929630
-0.64345826775524
-0.81405764746873
-0.43336436197049
0.20810340842766
0.57000575098546
0.42589844285564
0.08275488435082
0.02113659545990
0.35300083676128
0.69209352980836
0.57966948667042
0.00000000000000
-0.57966948667040
-0.69209352980837
-0.35300083676130
-0.02113659545990
-0.08275488435082
-0.42589844285565
-0.57000575098547
-0.20810340842770
0.43336436197044
0.81405764746872
0.64345826775524
0.17752589929632
-0.07227349484426
0.10206441027181
0.38859356080205
0.31606498310864
-0.20541266487574
-0.75839565348847
-0.84895581995616
-0.42797543233283
0.06340295455106
0.17245696626443
-0.08453035085328
-0.26231938362471
-0.00000000000002
0.55745706611842
0.89423770543239
0.67167553714135
0.09329461451285
-0.31094235253126
-0.24664446587615
0.04771421018585
0.08888999769875
-0.29680477503916
-0.76265780480175
-0.80792299880873
-0.32333302930157
0.27973605590515
0.49911739451321
0.26450336353161
-0.01361902373298
0.08239396812277
0.50252766782273
0.77470639158192
0.52249377641674
-0.11080191368050
-0.59689181737819
-0.57254956119954
-0.20869385667500
0.00000000000000
-0.20869385667500
-0.57254956119951
-0.59689181737820
-0.11080191368051
0.52249377641674
0.77470639158192
0.50252766782277
0.08239396812279
-0.01361902373300
0.26450336353159
0.49911739451321
0.27973605590515
-0.32333302930157
-0.80792299880873
-0.76265780480175
-0.29680477503917
0.08888999769875
0.04771421018584
-0.24664446587613
-0.31094235253128
0.09329461451287
0.67167553714131
0.89423770543239
0.55745706611845
0.00000000000001
-0.26231938362471
-0.08453035085328
0.17245696626445
0.06340295455106
-0.42797543233281
-0.84895581995614
-0.75839565348846
-0.20541266487576
0.31606498310863
0.38859356080204
0.10206441027182
-0.07227349484426
0.17752589929629
0.64345826775525
0.81405764746873
0.43336436197048
-0.20810340842764
-0.57000575098546
-0.42589844285566
-0.08275488435083
-0.02113659545991
-0.35300083676129
-0.69209352980836
-0.57966948667043
0.00000000000001
0.57966948667041
0.69209352980837
0.35300083676131
0.02113659545990
0.08275488435082
0.42589844285564
0.57000575098547
0.20810340842769
-0.43336436197046
-0.81405764746872
-0.64345826775523
-0.17752589929631
0.07227349484426
-0.10206441027180
-0.38859356080205
-0.31606498310862
0.20541266487572
0.75839565348847
0.84895581995615
0.42797543233282
-0.06340295455104
-0.17245696626444
0.08453035085326
0.26231938362471
0.00000000000003
-0.55745706611842
-0.89423770543239
-0.67167553714134
-0.09329461451284
0.31094235253126
0.24664446587614
-0.04771421018582
-0.08888999769874
0.29680477503914
0.76265780480175
0.80792299880874
0.32333302930156
-0.27973605590516
-0.49911739451322
-0.26450336353160
0.01361902373299
-0.08239396812278
-0.50252766782269
-0.77470639158193
-0.52249377641677
0.11080191368051
0.59689181737818
0.57254956119953
0.20869385667500
0.00000000000000
0.20869385667500
0.57254956119952
0.59689181737819
0.11080191368054
-0.52249377641675
-0.77470639158193
-0.50252766782271
-0.08239396812281
0.01361902373300
-0.26450336353160
-0.49911739451321
-0.27973605590514
0.32333302930154
0.80792299880872
0.76265780480176
0.29680477503919
-0.08888999769874
-0.04771421018585
0.24664446587611
0.31094235253127
-0.09329461451288
-0.67167553714132
-0.89423770543239
-0.55745706611847
-0.00000000000000
0.26231938362472
0.08453035085325
-0.17245696626445
-0.06340295455104
0.42797543233282
0.84895581995617
0.75839565348848
0.20541266487580
-0.31606498310864
-0.38859356080208
-0.10206441027183
0.07227349484426
-0.17752589929630
-0.64345826775522
-0.81405764746873
-0.43336436197047
0.20810340842765
0.57000575098547
0.42589844285565
0.08275488435080
0.02113659545990
0.35300083676128
0.69209352980835
0.57966948667042
0.00000000000004
-0.57966948667041
-0.69209352980835
-0.35300083676128
-0.02113659545990
-0.08275488435080
-0.42589844285564
-0.57000575098546
-0.20810340842766
0.43336436197045
0.81405764746872
0.64345826775522
0.17752589929631
-0.07227349484426
0.10206441027183
0.38859356080208
0.31606498310865
-0.20541266487573
-0.75839565348844
-0.84895581995617
-0.42797543233289
0.06340295455105
0.17245696626447
-0.08453035085325
-0.26231938362471
-0.00000000000001
0.55745706611841
0.89423770543238
0.67167553714134
0.09329461451289
-0.31094235253128
-0.24664446587614
0.04771421018585
0.08888999769876
-0.29680477503912
-0.76265780480176
-0.80792299880873
-0.32333302930155
0.27973605590515
0.49911739451320
0.26450336353160
-0.01361902373299
0.08239396812280
0.50252766782273
0.77470639158193
0.52249377641674
-0.11080191368057
-0.59689181737820
-0.57254956119953
-0.20869385667501
0.00000000000000
-0.20869385667495
-0.57254956119951
-0.59689181737821
-0.11080191368055
0.52249377641673
0.77470639158192
0.50252766782275
0.08239396812281
-0.01361902373300
0.26450336353159
0.49911739451321
0.27973605590517
-0.32333302930157
-0.80792299880872
-0.76265780480178
-0.29680477503915
0.08888999769875
0.04771421018583
-0.24664446587614
-0.31094235253127
0.09329461451285
0.67167553714131
0.89423770543240
0.55745706611844
0.00000000000002
-0.26231938362471
-0.08453035085322
0.17245696626446
0.06340295455106
-0.42797543233280
-0.84895581995616
-0.75839565348850
-0.20541266487576
0.31606498310862
0.38859356080206
0.10206441027184
-0.07227349484426
0.17752589929628
0.64345826775520
0.81405764746873
0.43336436197049
-0.20810340842769
-0.57000575098546
-0.42589844285567
-0.08275488435085
-0.02113659545990
-0.35300083676126
-0.69209352980836
-0.57966948667040
-0.00000000000000
0.57966948667042
0.69209352980837
0.35300083676130
0.02113659545991
0.08275488435083
0.42589844285564
0.57000575098547
0.20810340842768
-0.43336436197045
-0.81405764746872
-0.64345826775524
-0.17752589929628
0.07227349484425
-0.10206441027186
-0.38859356080203
-0.31606498310865
0.20541266487566
0.75839565348844
0.84895581995616
0.42797543233285
-0.06340295455106
-0.17245696626445
0.08453035085323
0.26231938362470
0.00000000000003
-0.55745706611839
-0.89423770543239
-0.67167553714135
-0.09329461451286
0.31094235253127
0.24664446587616
-0.04771421018584
-0.08888999769876
0.29680477503916
0.76265780480175
0.80792299880872
0.32333302930158
-0.27973605590513
-0.49911739451320
-0.26450336353162
0.01361902373300
-0.08239396812279
-0.50252766782276
-0.77470639158194
-0.52249377641673
0.11080191368055
0.59689181737818
0.57254956119957
0.20869385667503
0.00000000000000
0.20869385667497
0.57254956119950
0.59689181737819
0.11080191368058
-0.52249377641670
-0.77470639158194
-0.50252766782272
-0.08239396812279
0.01361902373300
-0.26450336353158
-0.49911739451322
-0.27973605590516
0.32333302930150
0.80792299880874
0.76265780480175
0.29680477503917
-0.08888999769873
-0.04771421018584
0.24664446587611
0.31094235253129
-0.09329461451278
-0.67167553714134
-0.89423770543239
-0.55745706611846
0.00000000000001
0.26231938362471
0.08453035085326
-0.17245696626444
-0.06340295455103
0.42797543233284
0.84895581995615
0.75839565348851
0.20541266487578
-0.31606498310859
-0.38859356080210
-0.10206441027182
0.07227349484425
-0.17752589929627
-0.64345826775519
-0.81405764746872
-0.43336436197051
0.20810340842762
0.57000575098545
0.42589844285563
0.08275488435082
0.02113659545989
0.35300083676129
0.69209352980836
0.57966948667045
0.00000000000010
-0.57966948667042
-0.69209352980836
-0.35300083676132
-0.02113659545992
-0.08275488435081
-0.42589844285562
-0.57000575098547
-0.20810340842763
0.43336436197047
0.81405764746872
0.64345826775525
0.17752589929629
-0.07227349484426
0.10206441027176
0.38859356080208
0.31606498310865
-0.20541266487569
-0.75839565348842
-0.84895581995617
-0.42797543233286
0.06340295455101
0.17245696626445
-0.08453035085327
-0.26231938362470
-0.00000000000004
0.55745706611844
0.89423770543239
0.67167553714132
0.09329461451288
-0.31094235253128
-0.24664446587614
0.04771421018583
0.08888999769877
-0.29680477503914
-0.76265780480177
-0.80792299880873
-0.32333302930153
0.27973605590516
0.49911739451319
0.26450336353163
-0.01361902373299
0.08239396812281
0.50252766782275
0.77470639158194
0.52249377641673
-0.11080191368052
-0.59689181737820
-0.57254956119955
-0.20869385667500
0.00000000000000
-0.20869385667496
-0.57254956119952
-0.59689181737820
-0.11080191368058
0.52249377641667
0.77470639158192
0.50252766782273
0.08239396812280
-0.01361902373299
0.26450336353161
0.49911739451320
0.27973605590521
-0.32333302930159
-0.80792299880873
-0.76265780480176
-0.29680477503919
0.08888999769874
0.04771421018584
-0.24664446587613
-0.31094235253125
0.09329461451287
0.67167553714133
0.89423770543239
0.55745706611842
-0.00000000000001
-0.26231938362471
-0.08453035085329
0.17245696626448
0.06340295455105
-0.42797543233282
-0.84895581995617
-0.75839565348848
-0.20541266487580
0.31606498310860
0.38859356080203
0.10206441027182
-0.07227349484426
0.17752589929626
0.64345826775522
0.81405764746874
0.43336436197053
-0.20810340842771
-0.57000575098548
-0.42589844285564
-0.08275488435084
-0.02113659545990
-0.35300083676128
-0.69209352980834
-0.57966948667046
0.00000000000003
0.57966948667040
0.69209352980836
0.35300083676128
0.02113659545990
0.08275488435080
0.42589844285562
0.57000575098547
0.20810340842768
-0.43336436197045
-0.81405764746872
-0.64345826775522
-0.17752589929630
0.07227349484425
-0.10206441027188
-0.38859356080204
-0.31606498310864
0.20541266487567
0.75839565348846
0.84895581995617
0.42797543233288
-0.06340295455102
-0.17245696626444
0.08453035085325
0.26231938362472
0.00000000000000
-0.55745706611842
-0.89423770543238
-0.67167553714138
-0.09329461451284
0.31094235253127
0.24664446587612
-0.04771421018583
-0.08888999769875
0.29680477503913
0.76265780480173
0.80792299880872
0.32333302930156
-0.27973605590514
-0.49911739451322
-0.26450336353160
0.01361902373298
-0.08239396812277
-0.50252766782278
-0.77470639158193
-0.52249377641675
0.11080191368052
0.59689181737819
0.57254956119956
0.20869385667506
0.00000000000000
0.20869385667499
0.57254956119952
0.59689181737821
0.11080191368056
-0.52249377641673
-0.77470639158194
-0.50252766782280
-0.08239396812278
0.01361902373298
-0.26450336353160
-0.49911739451321
-0.27973605590515
0.32333302930152
0.80792299880870
0.76265780480174
0.29680477503914
-0.08888999769875
-0.04771421018585
0.24664446587612
0.31094235253129
-0.09329461451280
-0.67167553714127
-0.89423770543239
-0.55745706611844
-0.00000000000003
0.26231938362471
0.08453035085324
-0.17245696626442
-0.06340295455109
0.42797543233286
0.84895581995614
0.75839565348851
0.20541266487581
-0.31606498310862
-0.38859356080209
-0.10206441027188
0.07227349484426
-0.17752589929628
-0.64345826775520
-0.81405764746873
-0.43336436197049
0.20810340842764
0.57000575098545
0.42589844285565
0.08275488435082
0.02113659545990
0.35300083676127
0.69209352980837
0.57966948667044
0.00000000000005
-0.57966948667041
-0.69209352980835
-0.35300083676130
-0.02113659545991
-0.08275488435081
-0.42589844285562
-0.57000575098547
-0.20810340842768
0.43336436197049
0.81405764746873
0.64345826775523
0.17752589929632
-0.07227349484426
0.10206441027187
0.38859356080204
0.31606498310868
-0.20541266487573
-0.75839565348844
-0.84895581995618
-0.42797543233285
0.06340295455105
0.17245696626444
-0.08453035085324
-0.26231938362470
-0.00000000000002
0.55745706611840
0.89423770543238
0.67167553714132
0.09329461451284
-0.31094235253126
-0.24664446587613
0.04771421018581
0.08888999769876
-0.29680477503906
-0.76265780480178
-0.80792299880874
-0.32333302930158
0.27973605590509
0.49911739451321
0.26450336353163
-0.01361902373296
0.08239396812282
0.50252766782271
0.77470639158195
0.52249377641681
-0.11080191368051
-0.59689181737820
-0.57254956119956
-0.20869385667502
0.00000000000000
-0.20869385667503
-0.57254956119949
-0.59689181737820
-0.11080191368051
0.52249377641676
0.77470639158192
0.50252766782272
0.08239396812276
-0.01361902373300
0.26450336353165
0.49911739451323
0.27973605590514
-0.32333302930156
-0.80792299880871
-0.76265780480179
-0.29680477503927
0.08888999769872
0.04771421018589
-0.24664446587612
-0.31094235253128
0.09329461451280
0.67167553714130
0.89423770543241
0.55745706611851
0.00000000000001
-0.26231938362470
-0.08453035085332
0.17245696626445
0.06340295455106
-0.42797543233274
-0.84895581995613
-0.75839565348847
-0.20541266487573
0.31606498310861
0.38859356080206
0.10206441027183
-0.07227349484425
0.17752589929627
0.64345826775515
0.81405764746874
0.43336436197049
-0.20810340842766
-0.57000575098547
-0.42589844285567
-0.08275488435083
-0.02113659545988
-0.35300083676134
-0.69209352980835
-0.57966948667043
-0.00000000000008
