0.56605046293743
0.72237388835937
0.43753118761456
0.06916446131682
-0.00000000000000
0.25858506159872
0.49773225614121
0.35077221850577
-0.18671989609434
-0.72811529493745
-0.85215212443023
-0.49842921793185
-0.01661650285449
0.17727736090916
0.00000000000000
-0.23482051002492
-0.14758817188556
0.31001641445616
0.78555286540509
0.85595086466564
0.43571443996215
-0.13643520113535
-0.41799731696947
-0.27756649793229
-0.00000000000000
0.01746300385817
-0.32423195444692
-0.71521837127762
-0.73675288226808
-0.27811529493745
0.33993908038897
0.65881841617368
0.50800181967944
0.14902162712097
-0.00000000000000
0.21429151776780
0.52874569417730
0.53077320715509
0.08055209215721
-0.52900672706323
-0.83533679622316
-0.63805229679580
-0.17919463852117
0.10238106854362
0.00000000000000
-0.26937779152874
-0.29734588805420
0.09125704432214
0.64205821864546
0.90000000000000
0.64205821864546
0.09125704432214
-0.29734588805420
-0.26937779152874
-0.00000000000000
0.10238106854362
-0.17919463852116
-0.63805229679580
-0.83533679622316
-0.52900672706323
0.08055209215721
0.53077320715509
0.52874569417730
0.21429151776780
0.00000000000000
0.14902162712097
0.50800181967944
0.65881841617368
0.33993908038898
-0.27811529493745
-0.73675288226808
-0.71521837127762
-0.32423195444693
0.01746300385817
0.00000000000000
-0.27756649793228
-0.41799731696947
-0.13643520113536
0.43571443996215
0.85595086466564
0.78555286540510
0.31001641445617
-0.14758817188557
-0.23482051002492
0.00000000000000
0.17727736090917
-0.01661650285449
-0.49842921793184
-0.85215212443023
-0.72811529493745
-0.18671989609434
0.35077221850577
0.49773225614121
0.25858506159871
-0.00000000000000
0.06916446131682
0.43753118761456
0.72237388835937
0.56605046293742
-0.00000000000000
-0.56605046293742
-0.72237388835938
-0.43753118761456
-0.06916446131682
0.00000000000000
-0.25858506159871
-0.49773225614120
-0.35077221850578
0.18671989609432
0.72811529493745
0.85215212443023
0.49842921793185
0.01661650285450
-0.17727736090917
-0.00000000000000
0.23482051002492
0.14758817188556
-0.31001641445616
-0.78555286540509
-0.85595086466564
-0.43571443996214
0.13643520113535
0.41799731696946
0.27756649793229
0.00000000000000
-0.01746300385817
0.32423195444691
0.71521837127761
0.73675288226808
0.27811529493747
-0.33993908038897
-0.65881841617368
-0.50800181967944
-0.14902162712098
0.00000000000000
-0.21429151776780
-0.52874569417730
-0.53077320715509
-0.08055209215721
0.52900672706322
0.83533679622316
0.63805229679579
0.17919463852116
-0.10238106854362
0.00000000000001
0.26937779152874
0.29734588805420
-0.09125704432213
-0.64205821864546
-0.90000000000000
-0.64205821864546
-0.09125704432215
0.29734588805420
0.26937779152874
-0.00000000000000
-0.10238106854362
0.17919463852116
0.63805229679580
0.83533679622316
0.52900672706323
-0.08055209215720
-0.53077320715509
-0.52874569417730
-0.21429151776781
-0.00000000000000
-0.14902162712098
-0.50800181967944
-0.65881841617369
-0.33993908038898
0.27811529493746
0.73675288226807
0.71521837127762
0.32423195444693
-0.01746300385817
-0.00000000000000
0.27756649793229
0.41799731696946
0.13643520113535
-0.43571443996214
-0.85595086466564
-0.78555286540510
-0.31001641445617
0.14758817188555
0.23482051002493
0.00000000000001
-0.17727736090917
0.01661650285450
0.49842921793186
0.85215212443023
0.72811529493745
0.18671989609434
-0.35077221850577
-0.49773225614121
-0.25858506159872
-0.00000000000000
-0.06916446131681
-0.43753118761455
-0.72237388835937
-0.56605046293742
0.00000000000000
0.56605046293743
0.72237388835937
0.43753118761456
0.06916446131682
-0.00000000000000
0.25858506159871
0.49773225614121
0.35077221850577
-0.18671989609433
-0.72811529493745
-0.85215212443023
-0.49842921793186
-0.01661650285450
0.17727736090917
0.00000000000000
-0.23482051002491
-0.14758817188557
0.31001641445614
0.78555286540510
0.85595086466564
0.43571443996215
-0.13643520113535
-0.41799731696947
-0.27756649793230
-0.00000000000000
0.01746300385818
-0.32423195444692
-0.71521837127761
-0.73675288226809
-0.27811529493746
0.33993908038898
0.65881841617368
0.50800181967944
0.14902162712097
-0.00000000000000
0.21429151776780
0.52874569417729
0.53077320715509
0.08055209215723
-0.52900672706321
-0.83533679622316
-0.63805229679579
-0.17919463852116
0.10238106854361
0.00000000000000
-0.26937779152875
-0.29734588805420
0.09125704432214
0.64205821864545
0.90000000000000
0.64205821864546
0.09125704432214
-0.29734588805420
-0.26937779152876
-0.00000000000000
0.10238106854362
-0.17919463852115
-0.63805229679577
-0.83533679622316
-0.52900672706325
0.08055209215718
0.53077320715510
0.52874569417729
0.21429151776780
0.00000000000000
0.14902162712098
0.50800181967944
0.65881841617368
0.33993908038899
-0.27811529493745
-0.73675288226807
-0.71521837127762
-0.32423195444693
0.01746300385818
-0.00000000000001
-0.27756649793229
-0.41799731696947
-0.13643520113535
0.43571443996215
0.85595086466563
0.78555286540510
0.31001641445616
-0.14758817188557
-0.23482051002491
-0.00000000000000
0.17727736090917
-0.01661650285450
-0.49842921793185
-0.85215212443023
-0.72811529493745
-0.18671989609434
0.35077221850577
0.49773225614121
0.25858506159871
0.00000000000000
0.06916446131681
0.43753118761454
0.72237388835937
0.56605046293743
0.00000000000002
-0.56605046293742
-0.72237388835938
-0.43753118761458
-0.06916446131683
-0.00000000000001
-0.25858506159873
-0.49773225614121
-0.35077221850578
0.18671989609434
0.72811529493745
0.85215212443023
0.49842921793186
0.01661650285449
-0.17727736090916
0.00000000000001
0.23482051002492
0.14758817188555
-0.31001641445618
-0.78555286540509
-0.85595086466564
-0.43571443996214
0.13643520113535
0.41799731696946
0.27756649793230
-0.00000000000000
-0.01746300385818
0.32423195444691
0.71521837127761
0.73675288226808
0.27811529493747
-0.33993908038896
-0.65881841617368
-0.50800181967945
-0.14902162712097
0.00000000000000
-0.21429151776782
-0.52874569417729
-0.53077320715509
-0.08055209215725
0.52900672706324
0.83533679622316
0.63805229679580
0.17919463852116
-0.10238106854361
0.00000000000001
0.26937779152873
0.29734588805420
-0.09125704432213
-0.64205821864547
-0.90000000000000
-0.64205821864546
-0.09125704432216
0.29734588805419
0.26937779152875
0.00000000000001
-0.10238106854362
0.17919463852116
0.63805229679579
0.83533679622317
0.52900672706323
-0.08055209215719
-0.53077320715510
-0.52874569417729
-0.21429151776781
0.00000000000000
-0.14902162712095
-0.50800181967946
-0.65881841617368
-0.33993908038897
0.27811529493741
0.73675288226809
0.71521837127763
0.32423195444693
-0.01746300385817
0.00000000000000
0.27756649793231
0.41799731696946
0.13643520113535
-0.43571443996215
-0.85595086466564
-0.78555286540511
-0.31001641445617
0.14758817188555
0.23482051002491
0.00000000000002
-0.17727736090916
0.01661650285450
0.49842921793184
0.85215212443022
0.72811529493747
0.18671989609434
-0.35077221850576
-0.49773225614121
-0.25858506159875
0.00000000000000
-0.06916446131682
-0.43753118761453
-0.72237388835938
-0.56605046293743
0.00000000000000
0.56605046293740
0.72237388835938
0.43753118761458
0.06916446131682
-0.00000000000002
0.25858506159872
0.49773225614122
0.35077221850578
-0.18671989609434
-0.72811529493745
-0.85215212443022
-0.49842921793187
-0.01661650285449
0.17727736090916
-0.00000000000001
-0.23482051002491
-0.14758817188556
0.31001641445616
0.78555286540509
0.85595086466564
0.43571443996218
-0.13643520113535
-0.41799731696946
-0.27756649793231
-0.00000000000002
0.01746300385818
-0.32423195444693
-0.71521837127760
-0.73675288226808
-0.27811529493748
0.33993908038898
0.65881841617368
0.50800181967944
0.14902162712099
0.00000000000000
0.21429151776777
0.52874569417730
0.53077320715509
0.08055209215722
-0.52900672706323
-0.83533679622315
-0.63805229679579
-0.17919463852119
0.10238106854361
0.00000000000001
-0.26937779152874
-0.29734588805421
0.09125704432213
0.64205821864546
0.90000000000000
0.64205821864547
0.09125704432216
-0.29734588805420
-0.26937779152875
-0.00000000000002
0.10238106854361
-0.17919463852115
-0.63805229679578
-0.83533679622316
-0.52900672706323
0.08055209215721
0.53077320715510
0.52874569417730
0.21429151776779
-0.00000000000000
0.14902162712097
0.50800181967943
0.65881841617368
0.33993908038899
-0.27811529493744
-0.73675288226809
-0.71521837127762
-0.32423195444692
0.01746300385816
0.00000000000000
-0.27756649793228
-0.41799731696947
-0.13643520113538
0.43571443996214
0.85595086466563
0.78555286540510
0.31001641445615
-0.14758817188555
-0.23482051002491
-0.00000000000001
0.17727736090917
-0.01661650285447
-0.49842921793186
-0.85215212443022
-0.72811529493745
-0.18671989609434
0.35077221850577
0.49773225614122
0.25858506159870
-0.00000000000001
0.06916446131681
0.43753118761455
0.72237388835938
0.56605046293744
0.00000000000004
-0.56605046293743
-0.72237388835938
-0.43753118761456
-0.06916446131682
0.00000000000001
-0.25858506159869
-0.49773225614121
-0.35077221850579
0.18671989609432
0.72811529493744
0.85215212443023
0.49842921793188
0.01661650285448
-0.17727736090918
-0.00000000000000
0.23482051002488
0.14758817188557
-0.31001641445613
-0.78555286540507
-0.85595086466566
-0.43571443996215
0.13643520113530
0.41799731696947
0.27756649793233
0.00000000000003
-0.01746300385817
0.32423195444688
0.71521837127761
0.73675288226809
0.27811529493747
-0.33993908038894
-0.65881841617368
-0.50800181967948
-0.14902162712098
0.00000000000000
-0.21429151776778
-0.52874569417731
-0.53077320715509
-0.08055209215720
0.52900672706322
0.83533679622316
0.63805229679582
0.17919463852119
-0.10238106854362
0.00000000000001
0.26937779152874
0.29734588805420
-0.09125704432217
-0.64205821864543
-0.90000000000000
-0.64205821864550
-0.09125704432215
0.29734588805419
0.26937779152875
-0.00000000000001
-0.10238106854362
0.17919463852117
0.63805229679580
0.83533679622316
0.52900672706325
-0.08055209215724
-0.53077320715508
-0.52874569417729
-0.21429151776779
0.00000000000000
-0.14902162712100
-0.50800181967947
-0.65881841617369
-0.33993908038898
0.27811529493746
0.73675288226808
0.71521837127759
0.32423195444695
-0.01746300385817
0.00000000000001
0.27756649793230
0.41799731696946
0.13643520113536
-0.43571443996213
-0.85595086466564
-0.78555286540512
-0.31001641445616
0.14758817188556
0.23482051002492
0.00000000000002
-0.17727736090916
0.01661650285447
0.49842921793185
0.85215212443021
0.72811529493746
0.18671989609436
-0.35077221850577
-0.49773225614122
-0.25858506159876
-0.00000000000002
-0.06916446131681
-0.43753118761450
-0.72237388835936
-0.56605046293741
-0.00000000000005
0.56605046293744
0.72237388835937
0.43753118761457
0.06916446131683
-0.00000000000001
0.25858506159869
0.49773225614121
0.35077221850580
-0.18671989609433
-0.72811529493747
-0.85215212443024
-0.49842921793183
-0.01661650285452
0.17727736090916
0.00000000000001
-0.23482051002491
-0.14758817188558
0.31001641445618
0.78555286540510
0.85595086466564
0.43571443996216
-0.13643520113534
-0.41799731696946
-0.27756649793232
0.00000000000001
0.01746300385817
-0.32423195444692
-0.71521837127761
-0.73675288226808
-0.27811529493744
0.33993908038898
0.65881841617368
0.50800181967945
0.14902162712095
-0.00000000000000
0.21429151776782
0.52874569417732
0.53077320715510
0.08055209215722
-0.52900672706321
-0.83533679622316
-0.63805229679578
-0.17919463852119
0.10238106854360
-0.00000000000001
-0.26937779152874
-0.29734588805421
0.09125704432211
0.64205821864543
0.90000000000000
0.64205821864550
0.09125704432216
-0.29734588805421
-0.26937779152875
-0.00000000000002
0.10238106854362
-0.17919463852117
-0.63805229679579
-0.83533679622315
-0.52900672706326
0.08055209215721
0.53077320715510
0.52874569417732
0.21429151776777
0.00000000000000
0.14902162712096
0.50800181967938
0.65881841617368
0.33993908038897
-0.27811529493738
-0.73675288226805
-0.71521837127759
-0.32423195444695
0.01746300385816
-0.00000000000001
-0.27756649793229
-0.41799731696949
-0.13643520113542
0.43571443996218
0.85595086466565
0.78555286540512
0.31001641445622
-0.14758817188555
-0.23482051002490
-0.00000000000002
0.17727736090917
-0.01661650285450
-0.49842921793185
-0.85215212443021
-0.72811529493742
-0.18671989609437
0.35077221850575
0.49773225614120
0.25858506159872
-0.00000000000001
0.06916446131681
0.43753118761453
0.72237388835939
0.56605046293743
0.00000000000008
-0.56605046293742
-0.72237388835938
-0.43753118761458
-0.06916446131683
0.00000000000002
-0.25858506159874
-0.49773225614122
-0.35077221850576
0.18671989609431
0.72811529493744
0.85215212443024
0.49842921793184
0.01661650285452
-0.17727736090915
0.00000000000002
0.23482051002491
0.14758817188558
-0.31001641445611
-0.78555286540510
-0.85595086466564
-0.43571443996218
0.13643520113532
0.41799731696945
0.27756649793234
-0.00000000000001
-0.01746300385815
0.32423195444691
0.71521837127760
0.73675288226810
0.27811529493744
-0.33993908038899
-0.65881841617368
-0.50800181967945
-0.14902162712095
0.00000000000000
-0.21429151776777
-0.52874569417730
-0.53077320715509
-0.08055209215724
0.52900672706316
0.83533679622316
0.63805229679578
0.17919463852120
-0.10238106854360
-0.00000000000001
0.26937779152875
0.29734588805419
-0.09125704432216
-0.64205821864547
-0.90000000000000
-0.64205821864551
-0.09125704432211
0.29734588805419
0.26937779152877
0.00000000000001
-0.10238106854361
0.17919463852116
0.63805229679578
0.83533679622316
0.52900672706322
-0.08055209215717
-0.53077320715506
-0.52874569417726
-0.21429151776781
-0.00000000000000
-0.14902162712096
-0.50800181967946
-0.65881841617369
-0.33993908038901
0.27811529493746
0.73675288226809
0.71521837127764
0.32423195444696
-0.01746300385818
-0.00000000000001
0.27756649793229
0.41799731696947
0.13643520113538
-0.43571443996217
-0.85595086466562
-0.78555286540509
-0.31001641445617
0.14758817188554
0.23482051002492
-0.00000000000003
-0.17727736090916
0.01661650285449
0.49842921793179
0.85215212443022
0.72811529493748
0.18671989609438
-0.35077221850579
-0.49773225614121
-0.25858506159877
-0.00000000000000
-0.06916446131683
-0.43753118761453
-0.72237388835936
-0.56605046293747
0.00000000000001
0.56605046293741
0.72237388835940
0.43753118761453
0.06916446131681
-0.00000000000002
0.25858506159869
0.49773225614120
0.35077221850580
-0.18671989609430
-0.72811529493739
-0.85215212443023
-0.49842921793185
-0.01661650285455
0.17727736090915
0.00000000000002
-0.23482051002490
-0.14758817188559
0.31001641445617
0.78555286540509
0.85595086466565
0.43571443996223
-0.13643520113536
-0.41799731696948
-0.27756649793231
0.00000000000003
0.01746300385817
-0.32423195444691
-0.71521837127760
-0.73675288226808
-0.27811529493745
0.33993908038894
0.65881841617371
0.50800181967941
0.14902162712100
-0.00000000000000
0.21429151776782
0.52874569417731
0.53077320715510
0.08055209215723
-0.52900672706320
-0.83533679622316
-0.63805229679583
-0.17919463852116
0.10238106854362
0.00000000000000
-0.26937779152873
-0.29734588805420
0.09125704432210
0.64205821864546
0.90000000000000
0.64205821864547
0.09125704432217
-0.29734588805418
-0.26937779152872
-0.00000000000001
0.10238106854362
-0.17919463852115
-0.63805229679578
-0.83533679622317
-0.52900672706327
0.08055209215715
0.53077320715510
0.52874569417730
0.21429151776786
-0.00000000000000
0.14902162712098
0.50800181967940
0.65881841617369
0.33993908038898
-0.27811529493742
-0.73675288226806
-0.71521837127768
-0.32423195444692
0.01746300385817
0.00000000000002
-0.27756649793232
-0.41799731696948
-0.13643520113537
0.43571443996210
0.85595086466564
0.78555286540510
0.31001641445619
-0.14758817188553
-0.23482051002491
-0.00000000000004
0.17727736090916
-0.01661650285453
-0.49842921793183
-0.85215212443022
-0.72811529493747
-0.18671989609433
0.35077221850577
0.49773225614121
0.25858506159876
-0.00000000000001
0.06916446131680
0.43753118761453
0.72237388835939
0.56605046293743
0.00000000000001
-0.56605046293742
-0.72237388835939
-0.43753118761454
-0.06916446131684
0.00000000000000
-0.25858506159870
-0.49773225614121
-0.35077221850579
0.18671989609435
0.72811529493743
0.85215212443022
0.49842921793190
0.01661650285450
-0.17727736090916
-0.00000000000002
0.23482051002493
0.14758817188554
-0.31001641445616
-0.78555286540509
-0.85595086466564
-0.43571443996219
0.13643520113535
0.41799731696947
0.27756649793231
0.00000000000000
-0.01746300385818
0.32423195444690
0.71521837127764
0.73675288226809
0.27811529493747
-0.33993908038898
-0.65881841617367
-0.50800181967946
-0.14902162712100
0.00000000000000
-0.21429151776780
-0.52874569417727
-0.53077320715511
-0.08055209215725
0.52900672706321
0.83533679622316
0.63805229679580
0.17919463852117
-0.10238106854360
-0.00000000000004
0.26937779152875
0.29734588805419
-0.09125704432209
-0.64205821864541
-0.90000000000000
-0.64205821864548
-0.09125704432217
0.29734588805420
0.26937779152874
0.00000000000003
-0.10238106854363
0.17919463852120
0.63805229679577
0.83533679622316
0.52900672706329
-0.08055209215720
-0.53077320715506
-0.52874569417735
-0.21429151776778
0.00000000000000
-0.14902162712095
-0.50800181967942
-0.65881841617368
-0.33993908038899
0.27811529493743
0.73675288226808
0.71521837127761
0.32423195444692
-0.01746300385815
-0.00000000000002
0.27756649793233
0.41799731696947
0.13643520113541
-0.43571443996215
-0.85595086466564
-0.78555286540510
-0.31001641445618
0.14758817188554
0.23482051002490
0.00000000000003
-0.17727736090915
0.01661650285448
0.49842921793188
0.85215212443020
0.72811529493746
0.18671989609432
-0.35077221850576
-0.49773225614122
-0.25858506159873
-0.00000000000001
-0.06916446131680
-0.43753118761451
-0.72237388835935
-0.56605046293747
-0.00000000000008
