0.61787909365809
0.51963656354392
0.06782659046034
0.10238106854362
0.60524866076756
0.72270321789479
0.11141115613250
-0.49842921793185
-0.40778518787332
-0.00000000000000
-0.10161256153873
-0.65881841617368
-0.80431841697818
-0.21286632395236
0.37406424399971
0.27756649793229
-0.09637808427971
0.06630212368010
0.67707152115905
0.85595086466564
0.29520124034038
-0.25485093438723
-0.13829722252523
0.21429151776780
-0.00000000000000
-0.65952147639026
-0.87317429819398
-0.35077221850577
0.15041254467574
-0.00000000000000
-0.34498517115844
-0.09125704432214
0.60850727560252
0.85426184115760
0.37406424399971
-0.06916446131682
0.12739152231580
0.47865959758331
0.19942588076720
-0.52900672706322
-0.80032349370957
-0.36213002402794
0.01764579360995
-0.23482051002492
-0.60524866076756
-0.31509652917510
0.42824023825422
0.71521837127762
0.31482512292935
0.00000000000000
0.31482512292934
0.71521837127762
0.42824023825422
-0.31509652917510
-0.60524866076756
-0.23482051002492
0.01764579360996
-0.36213002402794
-0.80032349370957
-0.52900672706323
0.19942588076720
0.47865959758331
0.12739152231580
-0.06916446131682
0.37406424399970
0.85426184115760
0.60850727560252
-0.09125704432214
-0.34498517115844
-0.00000000000000
0.15041254467574
-0.35077221850577
-0.87317429819398
-0.65952147639026
-0.00000000000000
0.21429151776780
-0.13829722252522
-0.25485093438723
0.29520124034037
0.85595086466564
0.67707152115906
0.06630212368011
-0.09637808427971
0.27756649793229
0.37406424399971
-0.21286632395235
-0.80431841697818
-0.65881841617369
-0.10161256153873
-0.00000000000000
-0.40778518787331
-0.49842921793185
0.11141115613249
0.72270321789479
0.60524866076756
0.10238106854362
0.06782659046034
0.51963656354392
0.61787909365809
-0.00000000000001
-0.61787909365808
-0.51963656354392
-0.06782659046034
-0.10238106854362
-0.60524866076755
-0.72270321789479
-0.11141115613251
0.49842921793184
0.40778518787332
0.00000000000000
0.10161256153874
0.65881841617368
0.80431841697818
0.21286632395238
-0.37406424399971
-0.27756649793229
0.09637808427972
-0.06630212368010
-0.67707152115904
-0.85595086466564
-0.29520124034037
0.25485093438723
0.13829722252522
-0.21429151776780
-0.00000000000000
0.65952147639027
0.87317429819398
0.35077221850578
-0.15041254467574
-0.00000000000001
0.34498517115844
0.09125704432214
-0.60850727560252
-0.85426184115760
-0.37406424399971
0.06916446131682
-0.12739152231580
-0.47865959758332
-0.19942588076721
0.52900672706322
0.80032349370957
0.36213002402794
-0.01764579360995
0.23482051002492
0.60524866076756
0.31509652917511
-0.42824023825423
-0.71521837127762
-0.31482512292935
0.00000000000000
-0.31482512292934
-0.71521837127762
-0.42824023825422
0.31509652917510
0.60524866076756
0.23482051002492
-0.01764579360996
0.36213002402794
0.80032349370956
0.52900672706323
-0.19942588076719
-0.47865959758332
-0.12739152231581
0.06916446131682
-0.37406424399970
-0.85426184115760
-0.60850727560252
0.09125704432214
0.34498517115844
0.00000000000002
-0.15041254467575
0.35077221850577
0.87317429819397
0.65952147639027
0.00000000000002
-0.21429151776781
0.13829722252522
0.25485093438723
-0.29520124034036
-0.85595086466564
-0.67707152115905
-0.06630212368011
0.09637808427971
-0.27756649793228
-0.37406424399971
0.21286632395235
0.80431841697818
0.65881841617368
0.10161256153873
0.00000000000000
0.40778518787331
0.49842921793185
-0.11141115613248
-0.72270321789479
-0.60524866076757
-0.10238106854362
-0.06782659046033
-0.51963656354391
-0.61787909365809
0.00000000000002
0.61787909365809
0.51963656354392
0.06782659046034
0.10238106854361
0.60524866076756
0.72270321789480
0.11141115613253
-0.49842921793185
-0.40778518787330
-0.00000000000001
-0.10161256153873
-0.65881841617369
-0.80431841697818
-0.21286632395238
0.37406424399970
0.27756649793231
-0.09637808427971
0.06630212368010
0.67707152115904
0.85595086466564
0.29520124034037
-0.25485093438723
-0.13829722252524
0.21429151776780
-0.00000000000000
-0.65952147639025
-0.87317429819398
-0.35077221850581
0.15041254467573
-0.00000000000001
-0.34498517115845
-0.09125704432216
0.60850727560251
0.85426184115759
0.37406424399971
-0.06916446131681
0.12739152231580
0.47865959758330
0.19942588076721
-0.52900672706322
-0.80032349370957
-0.36213002402794
0.01764579360996
-0.23482051002492
-0.60524866076757
-0.31509652917511
0.42824023825420
0.71521837127762
0.31482512292934
0.00000000000000
0.31482512292935
0.71521837127762
0.42824023825422
-0.31509652917511
-0.60524866076756
-0.23482051002493
0.01764579360996
-0.36213002402795
-0.80032349370957
-0.52900672706325
0.19942588076719
0.47865959758332
0.12739152231579
-0.06916446131682
0.37406424399970
0.85426184115760
0.60850727560251
-0.09125704432213
-0.34498517115845
-0.00000000000000
0.15041254467575
-0.35077221850579
-0.87317429819398
-0.65952147639027
0.00000000000000
0.21429151776779
-0.13829722252520
-0.25485093438724
0.29520124034037
0.85595086466563
0.67707152115906
0.06630212368012
-0.09637808427972
0.27756649793229
0.37406424399970
-0.21286632395233
-0.80431841697817
-0.65881841617368
-0.10161256153874
-0.00000000000000
-0.40778518787331
-0.49842921793185
0.11141115613247
0.72270321789480
0.60524866076758
0.10238106854362
0.06782659046034
0.51963656354391
0.61787909365809
0.00000000000002
-0.61787909365808
-0.51963656354393
-0.06782659046034
-0.10238106854361
-0.60524866076756
-0.72270321789479
-0.11141115613250
0.49842921793185
0.40778518787332
0.00000000000001
0.10161256153872
0.65881841617368
0.80431841697818
0.21286632395239
-0.37406424399971
-0.27756649793229
0.09637808427972
-0.06630212368010
-0.67707152115904
-0.85595086466564
-0.29520124034037
0.25485093438722
0.13829722252524
-0.21429151776780
-0.00000000000002
0.65952147639025
0.87317429819398
0.35077221850582
-0.15041254467574
-0.00000000000001
0.34498517115844
0.09125704432213
-0.60850727560251
-0.85426184115760
-0.37406424399972
0.06916446131681
-0.12739152231577
-0.47865959758331
-0.19942588076722
0.52900672706321
0.80032349370958
0.36213002402794
-0.01764579360996
0.23482051002492
0.60524866076756
0.31509652917513
-0.42824023825422
-0.71521837127763
-0.31482512292937
0.00000000000000
-0.31482512292935
-0.71521837127761
-0.42824023825423
0.31509652917512
0.60524866076757
0.23482051002492
-0.01764579360996
0.36213002402792
0.80032349370956
0.52900672706322
-0.19942588076716
-0.47865959758332
-0.12739152231580
0.06916446131682
-0.37406424399972
-0.85426184115760
-0.60850727560254
0.09125704432211
0.34498517115844
0.00000000000003
-0.15041254467574
0.35077221850575
0.87317429819398
0.65952147639025
0.00000000000001
-0.21429151776779
0.13829722252520
0.25485093438723
-0.29520124034037
-0.85595086466564
-0.67707152115906
-0.06630212368012
0.09637808427973
-0.27756649793230
-0.37406424399970
0.21286632395233
0.80431841697818
0.65881841617368
0.10161256153874
-0.00000000000001
0.40778518787332
0.49842921793186
-0.11141115613247
-0.72270321789478
-0.60524866076755
-0.10238106854362
-0.06782659046033
-0.51963656354393
-0.61787909365810
0.00000000000004
0.61787909365808
0.51963656354396
0.06782659046034
0.10238106854360
0.60524866076753
0.72270321789480
0.11141115613251
-0.49842921793184
-0.40778518787331
0.00000000000000
-0.10161256153872
-0.65881841617366
-0.80431841697817
-0.21286632395242
0.37406424399970
0.27756649793228
-0.09637808427969
0.06630212368013
0.67707152115903
0.85595086466565
0.29520124034038
-0.25485093438723
-0.13829722252524
0.21429151776781
0.00000000000004
-0.65952147639024
-0.87317429819397
-0.35077221850582
0.15041254467574
0.00000000000001
-0.34498517115845
-0.09125704432218
0.60850727560252
0.85426184115760
0.37406424399975
-0.06916446131681
0.12739152231579
0.47865959758330
0.19942588076719
-0.52900672706323
-0.80032349370955
-0.36213002402792
0.01764579360995
-0.23482051002496
-0.60524866076755
-0.31509652917513
0.42824023825417
0.71521837127763
0.31482512292932
0.00000000000000
0.31482512292934
0.71521837127762
0.42824023825420
-0.31509652917510
-0.60524866076757
-0.23482051002500
0.01764579360996
-0.36213002402789
-0.80032349370958
-0.52900672706321
0.19942588076716
0.47865959758330
0.12739152231582
-0.06916446131682
0.37406424399971
0.85426184115760
0.60850727560254
-0.09125704432215
-0.34498517115843
-0.00000000000002
0.15041254467573
-0.35077221850578
-0.87317429819398
-0.65952147639028
0.00000000000001
0.21429151776782
-0.13829722252526
-0.25485093438724
0.29520124034034
0.85595086466563
0.67707152115907
0.06630212368012
-0.09637808427970
0.27756649793228
0.37406424399971
-0.21286632395238
-0.80431841697816
-0.65881841617369
-0.10161256153875
-0.00000000000001
-0.40778518787332
-0.49842921793186
0.11141115613253
0.72270321789478
0.60524866076756
0.10238106854363
0.06782659046032
0.51963656354393
0.61787909365809
0.00000000000003
-0.61787909365809
-0.51963656354392
-0.06782659046034
-0.10238106854363
-0.60524866076753
-0.72270321789480
-0.11141115613251
0.49842921793185
0.40778518787335
0.00000000000000
0.10161256153871
0.65881841617366
0.80431841697817
0.21286632395237
-0.37406424399970
-0.27756649793228
0.09637808427971
-0.06630212368008
-0.67707152115907
-0.85595086466566
-0.29520124034038
0.25485093438722
0.13829722252525
-0.21429151776779
-0.00000000000000
0.65952147639028
0.87317429819399
0.35077221850577
-0.15041254467573
-0.00000000000003
0.34498517115846
0.09125704432214
-0.60850727560246
-0.85426184115759
-0.37406424399970
0.06916446131681
-0.12739152231584
-0.47865959758330
-0.19942588076719
0.52900672706321
0.80032349370957
0.36213002402798
-0.01764579360995
0.23482051002495
0.60524866076755
0.31509652917510
-0.42824023825422
-0.71521837127763
-0.31482512292932
0.00000000000000
-0.31482512292929
-0.71521837127764
-0.42824023825426
0.31509652917506
0.60524866076756
0.23482051002494
-0.01764579360996
0.36213002402793
0.80032349370956
0.52900672706326
-0.19942588076721
-0.47865959758331
-0.12739152231583
0.06916446131682
-0.37406424399971
-0.85426184115759
-0.60850727560250
0.09125704432215
0.34498517115846
-0.00000000000003
-0.15041254467575
0.35077221850573
0.87317429819398
0.65952147639028
0.00000000000003
-0.21429151776780
0.13829722252521
0.25485093438723
-0.29520124034038
-0.85595086466563
-0.67707152115907
-0.06630212368013
0.09637808427970
-0.27756649793224
-0.37406424399970
0.21286632395231
0.80431841697816
0.65881841617365
0.10161256153875
-0.00000000000002
0.40778518787332
0.49842921793184
-0.11141115613246
-0.72270321789480
-0.60524866076756
-0.10238106854363
-0.06782659046033
-0.51963656354392
-0.61787909365809
-0.00000000000003
0.61787909365810
0.51963656354395
0.06782659046031
0.10238106854360
0.60524866076753
0.72270321789481
0.11141115613251
-0.49842921793183
-0.40778518787332
-0.00000000000000
-0.10161256153871
-0.65881841617369
-0.80431841697820
-0.21286632395237
0.37406424399970
0.27756649793228
-0.09637808427969
0.06630212368009
0.67707152115907
0.85595086466566
0.29520124034038
-0.25485093438722
-0.13829722252525
0.21429151776780
0.00000000000002
-0.65952147639024
-0.87317429819398
-0.35077221850583
0.15041254467573
-0.00000000000003
-0.34498517115843
-0.09125704432215
0.60850727560250
0.85426184115759
0.37406424399975
-0.06916446131682
0.12739152231579
0.47865959758331
0.19942588076721
-0.52900672706321
-0.80032349370958
-0.36213002402793
0.01764579360996
-0.23482051002491
-0.60524866076758
-0.31509652917515
0.42824023825420
0.71521837127762
0.31482512292938
0.00000000000000
0.31482512292933
0.71521837127762
0.42824023825421
-0.31509652917508
-0.60524866076756
-0.23482051002500
0.01764579360995
-0.36213002402793
-0.80032349370954
-0.52900672706327
0.19942588076718
0.47865959758333
0.12739152231582
-0.06916446131681
0.37406424399970
0.85426184115759
0.60850727560256
-0.09125704432214
-0.34498517115845
-0.00000000000000
0.15041254467576
-0.35077221850577
-0.87317429819398
-0.65952147639033
0.00000000000001
0.21429151776780
-0.13829722252518
-0.25485093438725
0.29520124034039
0.85595086466562
0.67707152115907
0.06630212368017
-0.09637808427971
0.27756649793231
0.37406424399971
-0.21286632395237
-0.80431841697818
-0.65881841617369
-0.10161256153879
0.00000000000000
-0.40778518787332
-0.49842921793186
0.11141115613244
0.72270321789480
0.60524866076761
0.10238106854363
0.06782659046035
0.51963656354388
0.61787909365810
0.00000000000011
-0.61787909365809
-0.51963656354392
-0.06782659046035
-0.10238106854357
-0.60524866076756
-0.72270321789481
-0.11141115613258
0.49842921793187
0.40778518787331
0.00000000000004
0.10161256153871
0.65881841617369
0.80431841697819
0.21286632395239
-0.37406424399972
-0.27756649793232
0.09637808427972
-0.06630212368004
-0.67707152115911
-0.85595086466564
-0.29520124034045
0.25485093438721
0.13829722252520
-0.21429151776779
-0.00000000000005
0.65952147639029
0.87317429819398
0.35077221850583
-0.15041254467572
0.00000000000001
0.34498517115841
0.09125704432216
-0.60850727560245
-0.85426184115761
-0.37406424399971
0.06916446131681
-0.12739152231588
-0.47865959758332
-0.19942588076726
0.52900672706316
0.80032349370957
0.36213002402794
-0.01764579360995
0.23482051002492
0.60524866076757
0.31509652917513
-0.42824023825421
-0.71521837127761
-0.31482512292934
0.00000000000000
-0.31482512292928
-0.71521837127763
-0.42824023825422
0.31509652917505
0.60524866076755
0.23482051002491
-0.01764579360996
0.36213002402793
0.80032349370957
0.52900672706322
-0.19942588076719
-0.47865959758330
-0.12739152231574
0.06916446131682
-0.37406424399965
-0.85426184115757
-0.60850727560251
0.09125704432213
0.34498517115842
0.00000000000004
-0.15041254467575
0.35077221850572
0.87317429819396
0.65952147639024
-0.00000000000001
-0.21429151776779
0.13829722252512
0.25485093438724
-0.29520124034043
-0.85595086466561
-0.67707152115903
-0.06630212368009
0.09637808427976
-0.27756649793229
-0.37406424399971
0.21286632395231
0.80431841697816
0.65881841617374
0.10161256153879
0.00000000000002
0.40778518787333
0.49842921793184
-0.11141115613247
-0.72270321789477
-0.60524866076762
-0.10238106854360
-0.06782659046035
-0.51963656354382
-0.61787909365813
0.00000000000008
0.61787909365806
0.51963656354396
0.06782659046032
0.10238106854356
0.60524866076756
0.72270321789482
0.11141115613252
-0.49842921793182
-0.40778518787335
-0.00000000000003
-0.10161256153875
-0.65881841617369
-0.80431841697823
-0.21286632395238
0.37406424399970
0.27756649793234
-0.09637808427969
0.06630212368013
0.67707152115897
0.85595086466564
0.29520124034040
-0.25485093438722
-0.13829722252526
0.21429151776779
0.00000000000005
-0.65952147639028
-0.87317429819398
-0.35077221850589
0.15041254467573
0.00000000000003
-0.34498517115845
-0.09125704432209
0.60850727560254
0.85426184115763
0.37406424399982
-0.06916446131681
0.12739152231578
0.47865959758330
0.19942588076725
-0.52900672706316
-0.80032349370956
-0.36213002402794
0.01764579360996
-0.23482051002489
-0.60524866076756
-0.31509652917515
0.42824023825424
0.71521837127761
0.31482512292944
0.00000000000000
0.31482512292932
0.71521837127762
0.42824023825427
-0.31509652917512
-0.60524866076761
-0.23482051002500
0.01764579360996
-0.36213002402792
-0.80032349370957
-0.52900672706328
0.19942588076714
0.47865959758331
0.12739152231578
-0.06916446131683
0.37406424399970
0.85426184115758
0.60850727560255
-0.09125704432208
-0.34498517115843
-0.00000000000006
0.15041254467576
-0.35077221850576
-0.87317429819401
-0.65952147639029
-0.00000000000005
0.21429151776784
-0.13829722252527
-0.25485093438722
0.29520124034026
0.85595086466564
0.67707152115908
0.06630212368008
-0.09637808427974
0.27756649793232
0.37406424399972
-0.21286632395224
-0.80431841697818
-0.65881841617361
-0.10161256153875
0.00000000000002
-0.40778518787336
-0.49842921793186
0.11141115613248
0.72270321789475
0.60524866076758
0.10238106854364
0.06782659046038
0.51963656354396
0.61787909365809
-0.00000000000001
-0.61787909365806
-0.51963656354393
-0.06782659046030
-0.10238106854359
-0.60524866076753
-0.72270321789478
-0.11141115613259
0.49842921793184
0.40778518787323
0.00000000000001
0.10161256153870
0.65881841617355
0.80431841697816
0.21286632395234
-0.37406424399970
-0.27756649793235
0.09637808427969
-0.06630212368015
-0.67707152115902
-0.85595086466562
-0.29520124034036
0.25485093438721
0.13829722252521
-0.21429151776784
-0.00000000000002
0.65952147639023
0.87317429819400
0.35077221850585
-0.15041254467575
0.00000000000003
0.34498517115843
0.09125704432216
-0.60850727560249
-0.85426184115761
-0.37406424399966
0.06916446131682
-0.12739152231574
-0.47865959758334
-0.19942588076715
0.52900672706321
0.80032349370958
0.36213002402789
-0.01764579360995
0.23482051002496
0.60524866076759
0.31509652917510
-0.42824023825421
-0.71521837127762
-0.31482512292939
0.00000000000000
-0.31482512292938
-0.71521837127758
-0.42824023825422
0.31509652917517
0.60524866076756
0.23482051002495
-0.01764579360995
0.36213002402787
0.80032349370958
0.52900672706325
-0.19942588076719
-0.47865959758330
-0.12739152231584
0.06916446131682
-0.37406424399974
-0.85426184115761
-0.60850727560262
0.09125704432215
0.34498517115845
0.00000000000003
-0.15041254467574
0.35077221850581
0.87317429819395
0.65952147639034
-0.00000000000008
-0.21429151776780
0.13829722252520
0.25485093438727
-0.29520124034032
-0.85595086466565
-0.67707152115904
-0.06630212368010
0.09637808427971
-0.27756649793228
-0.37406424399972
0.21286632395243
0.80431841697819
0.65881841617375
0.10161256153880
0.00000000000001
0.40778518787330
0.49842921793187
-0.11141115613257
-0.72270321789477
-0.60524866076753
-0.10238106854361
-0.06782659046033
-0.51963656354391
-0.61787909365811
-0.00000000000006
