0.59170613234344
0.65607176467927
0.27096428191902
0.00000000000000
0.19665721100197
0.57368159077382
0.55767815627228
0.00000000000000
-0.61640254923944
-0.72811529493745
-0.34099808424399
0.00000000000000
-0.11924873839009
-0.48224411548110
-0.51485526253592
-0.00000000000000
0.63137792971290
0.78867601203948
0.40565414307806
0.00000000000000
0.03995964193806
0.38320136240856
0.46391279374974
-0.00000000000000
-0.63639610306789
-0.83679883729943
-0.46391279374974
0.00000000000000
0.03995964193806
-0.27811529493745
-0.40565414307805
-0.00000000000000
0.63137792971290
0.87172484501577
0.51485526253592
0.00000000000000
-0.11924873839009
0.16864318312715
0.34099808424399
0.00000000000000
-0.61640254923944
-0.89290323118303
-0.55767815627228
-0.00000000000000
0.19665721100197
-0.05651146757638
-0.27096428191902
0.00000000000000
0.59170613234344
0.90000000000000
0.59170613234344
-0.00000000000000
-0.27096428191902
-0.05651146757638
0.19665721100197
-0.00000000000000
-0.55767815627228
-0.89290323118303
-0.61640254923944
-0.00000000000000
0.34099808424399
0.16864318312716
-0.11924873839009
-0.00000000000000
0.51485526253591
0.87172484501577
0.63137792971290
0.00000000000000
-0.40565414307805
-0.27811529493746
0.03995964193806
0.00000000000000
-0.46391279374973
-0.83679883729943
-0.63639610306789
-0.00000000000001
0.46391279374974
0.38320136240857
0.03995964193806
-0.00000000000000
0.40565414307805
0.78867601203947
0.63137792971289
-0.00000000000000
-0.51485526253592
-0.48224411548110
-0.11924873839010
0.00000000000000
-0.34099808424399
-0.72811529493745
-0.61640254923944
-0.00000000000000
0.55767815627227
0.57368159077382
0.19665721100197
0.00000000000000
0.27096428191902
0.65607176467927
0.59170613234344
-0.00000000000000
-0.59170613234344
-0.65607176467927
-0.27096428191902
0.00000000000000
-0.19665721100197
-0.57368159077382
-0.55767815627228
-0.00000000000001
0.61640254923944
0.72811529493745
0.34099808424399
-0.00000000000000
0.11924873839010
0.48224411548110
0.51485526253592
0.00000000000001
-0.63137792971290
-0.78867601203947
-0.40565414307805
-0.00000000000000
-0.03995964193806
-0.38320136240856
-0.46391279374974
-0.00000000000002
0.63639610306790
0.83679883729943
0.46391279374974
0.00000000000001
-0.03995964193807
0.27811529493745
0.40565414307805
0.00000000000001
-0.63137792971289
-0.87172484501577
-0.51485526253593
-0.00000000000000
0.11924873839010
-0.16864318312715
-0.34099808424399
-0.00000000000001
0.61640254923943
0.89290323118303
0.55767815627228
0.00000000000000
-0.19665721100197
0.05651146757638
0.27096428191902
0.00000000000000
-0.59170613234343
-0.90000000000000
-0.59170613234345
-0.00000000000001
0.27096428191902
0.05651146757638
-0.19665721100197
-0.00000000000000
0.55767815627226
0.89290323118303
0.61640254923944
0.00000000000000
-0.34099808424399
-0.16864318312715
0.11924873839009
0.00000000000001
-0.51485526253590
-0.87172484501577
-0.63137792971289
0.00000000000000
0.40565414307805
0.27811529493745
-0.03995964193807
-0.00000000000000
0.46391279374973
0.83679883729942
0.63639610306790
0.00000000000002
-0.46391279374974
-0.38320136240856
-0.03995964193805
-0.00000000000000
-0.40565414307805
-0.78867601203947
-0.63137792971290
-0.00000000000000
0.51485526253591
0.48224411548110
0.11924873839009
-0.00000000000000
0.34099808424399
0.72811529493745
0.61640254923944
-0.00000000000000
-0.55767815627228
-0.57368159077382
-0.19665721100197
0.00000000000000
-0.27096428191901
-0.65607176467927
-0.59170613234344
0.00000000000000
0.59170613234344
0.65607176467927
0.27096428191902
0.00000000000000
0.19665721100196
0.57368159077382
0.55767815627228
-0.00000000000001
-0.61640254923944
-0.72811529493745
-0.34099808424399
-0.00000000000000
-0.11924873839009
-0.48224411548109
-0.51485526253592
-0.00000000000001
0.63137792971289
0.78867601203949
0.40565414307806
-0.00000000000000
0.03995964193806
0.38320136240858
0.46391279374974
-0.00000000000000
-0.63639610306789
-0.83679883729942
-0.46391279374976
0.00000000000000
0.03995964193808
-0.27811529493744
-0.40565414307805
-0.00000000000002
0.63137792971290
0.87172484501577
0.51485526253593
-0.00000000000000
-0.11924873839010
0.16864318312715
0.34099808424400
0.00000000000002
-0.61640254923945
-0.89290323118303
-0.55767815627228
-0.00000000000001
0.19665721100198
-0.05651146757637
-0.27096428191902
-0.00000000000002
0.59170613234343
0.90000000000000
0.59170613234343
-0.00000000000000
-0.27096428191902
-0.05651146757639
0.19665721100198
0.00000000000002
-0.55767815627228
-0.89290323118303
-0.61640254923946
-0.00000000000002
0.34099808424399
0.16864318312716
-0.11924873839011
-0.00000000000001
0.51485526253592
0.87172484501576
0.63137792971291
0.00000000000001
-0.40565414307806
-0.27811529493747
0.03995964193807
0.00000000000000
-0.46391279374975
-0.83679883729942
-0.63639610306789
-0.00000000000000
0.46391279374974
0.38320136240857
0.03995964193806
-0.00000000000001
0.40565414307805
0.78867601203946
0.63137792971289
-0.00000000000001
-0.51485526253592
-0.48224411548110
-0.11924873839008
0.00000000000000
-0.34099808424400
-0.72811529493744
-0.61640254923945
-0.00000000000001
0.55767815627227
0.57368159077381
0.19665721100197
-0.00000000000000
0.27096428191903
0.65607176467926
0.59170613234344
0.00000000000001
-0.59170613234343
-0.65607176467928
-0.27096428191903
-0.00000000000000
-0.19665721100197
-0.57368159077381
-0.55767815627228
0.00000000000001
0.61640254923943
0.72811529493745
0.34099808424400
0.00000000000000
0.11924873839010
0.48224411548108
0.51485526253592
-0.00000000000001
-0.63137792971289
-0.78867601203948
-0.40565414307808
-0.00000000000000
-0.03995964193805
-0.38320136240856
-0.46391279374974
-0.00000000000001
0.63639610306789
0.83679883729943
0.46391279374976
0.00000000000001
-0.03995964193806
0.27811529493743
0.40565414307805
-0.00000000000003
-0.63137792971288
-0.87172484501576
-0.51485526253595
0.00000000000000
0.11924873839010
-0.16864318312715
-0.34099808424400
0.00000000000002
0.61640254923942
0.89290323118303
0.55767815627228
0.00000000000001
-0.19665721100197
0.05651146757637
0.27096428191902
0.00000000000002
-0.59170613234343
-0.90000000000000
-0.59170613234346
-0.00000000000003
0.27096428191902
0.05651146757640
-0.19665721100196
0.00000000000000
0.55767815627225
0.89290323118303
0.61640254923948
-0.00000000000001
-0.34099808424399
-0.16864318312716
0.11924873839010
0.00000000000001
-0.51485526253592
-0.87172484501577
-0.63137792971291
-0.00000000000001
0.40565414307806
0.27811529493746
-0.03995964193806
-0.00000000000002
0.46391279374973
0.83679883729943
0.63639610306791
0.00000000000000
-0.46391279374974
-0.38320136240858
-0.03995964193808
0.00000000000001
-0.40565414307803
-0.78867601203947
-0.63137792971293
0.00000000000000
0.51485526253593
0.48224411548110
0.11924873839008
-0.00000000000000
0.34099808424400
0.72811529493746
0.61640254923944
0.00000000000002
-0.55767815627227
-0.57368159077384
-0.19665721100196
0.00000000000000
-0.27096428191901
-0.65607176467928
-0.59170613234345
0.00000000000000
0.59170613234342
0.65607176467929
0.27096428191903
0.00000000000000
0.19665721100195
0.57368159077382
0.55767815627228
0.00000000000002
-0.61640254923945
-0.72811529493747
-0.34099808424398
-0.00000000000001
-0.11924873839010
-0.48224411548110
-0.51485526253592
0.00000000000003
0.63137792971289
0.78867601203947
0.40565414307806
0.00000000000000
0.03995964193806
0.38320136240857
0.46391279374974
0.00000000000000
-0.63639610306787
-0.83679883729943
-0.46391279374973
-0.00000000000001
0.03995964193805
-0.27811529493743
-0.40565414307805
-0.00000000000002
0.63137792971291
0.87172484501577
0.51485526253590
0.00000000000003
-0.11924873839009
0.16864318312715
0.34099808424399
-0.00000000000002
-0.61640254923944
-0.89290323118303
-0.55767815627228
0.00000000000001
0.19665721100197
-0.05651146757639
-0.27096428191902
0.00000000000000
0.59170613234346
0.90000000000000
0.59170613234344
-0.00000000000001
-0.27096428191903
-0.05651146757641
0.19665721100199
-0.00000000000000
-0.55767815627225
-0.89290323118302
-0.61640254923943
-0.00000000000001
0.34099808424399
0.16864318312714
-0.11924873839009
-0.00000000000003
0.51485526253590
0.87172484501577
0.63137792971293
0.00000000000001
-0.40565414307805
-0.27811529493748
0.03995964193809
-0.00000000000000
-0.46391279374973
-0.83679883729941
-0.63639610306788
-0.00000000000000
0.46391279374974
0.38320136240857
0.03995964193806
-0.00000000000001
0.40565414307805
0.78867601203948
0.63137792971291
-0.00000000000001
-0.51485526253591
-0.48224411548110
-0.11924873839012
0.00000000000000
-0.34099808424395
-0.72811529493744
-0.61640254923942
-0.00000000000004
0.55767815627228
0.57368159077382
0.19665721100194
-0.00000000000000
0.27096428191903
0.65607176467927
0.59170613234344
-0.00000000000001
-0.59170613234343
-0.65607176467927
-0.27096428191903
0.00000000000000
-0.19665721100195
-0.57368159077382
-0.55767815627227
-0.00000000000002
0.61640254923941
0.72811529493744
0.34099808424400
0.00000000000001
0.11924873839012
0.48224411548110
0.51485526253592
0.00000000000006
-0.63137792971291
-0.78867601203948
-0.40565414307806
-0.00000000000001
-0.03995964193805
-0.38320136240853
-0.46391279374974
0.00000000000001
0.63639610306787
0.83679883729941
0.46391279374973
0.00000000000001
-0.03995964193806
0.27811529493746
0.40565414307806
0.00000000000004
-0.63137792971287
-0.87172484501577
-0.51485526253595
-0.00000000000001
0.11924873839009
-0.16864318312712
-0.34099808424399
-0.00000000000004
0.61640254923942
0.89290323118303
0.55767815627231
0.00000000000000
-0.19665721100196
0.05651146757641
0.27096428191902
0.00000000000002
-0.59170613234343
-0.90000000000000
-0.59170613234347
-0.00000000000001
0.27096428191903
0.05651146757639
-0.19665721100196
-0.00000000000002
0.55767815627227
0.89290323118303
0.61640254923945
0.00000000000004
-0.34099808424399
-0.16864318312715
0.11924873839008
0.00000000000004
-0.51485526253592
-0.87172484501578
-0.63137792971295
0.00000000000001
0.40565414307805
0.27811529493745
-0.03995964193805
-0.00000000000000
0.46391279374970
0.83679883729944
0.63639610306789
0.00000000000003
-0.46391279374974
-0.38320136240856
-0.03995964193807
0.00000000000002
-0.40565414307808
-0.78867601203948
-0.63137792971293
-0.00000000000002
0.51485526253592
0.48224411548111
0.11924873839010
0.00000000000000
0.34099808424397
0.72811529493745
0.61640254923946
0.00000000000000
-0.55767815627226
-0.57368159077380
-0.19665721100201
0.00000000000000
-0.27096428191901
-0.65607176467928
-0.59170613234345
-0.00000000000001
0.59170613234346
0.65607176467927
0.27096428191901
0.00000000000000
0.19665721100197
0.57368159077381
0.55767815627228
0.00000000000005
-0.61640254923943
-0.72811529493745
-0.34099808424402
-0.00000000000000
-0.11924873839010
-0.48224411548108
-0.51485526253593
0.00000000000001
0.63137792971288
0.78867601203950
0.40565414307803
0.00000000000001
0.03995964193807
0.38320136240855
0.46391279374974
0.00000000000003
-0.63639610306788
-0.83679883729942
-0.46391279374976
-0.00000000000003
0.03995964193804
-0.27811529493745
-0.40565414307806
0.00000000000002
0.63137792971290
0.87172484501578
0.51485526253593
-0.00000000000001
-0.11924873839010
0.16864318312711
0.34099808424399
0.00000000000001
-0.61640254923945
-0.89290323118303
-0.55767815627228
-0.00000000000003
0.19665721100194
-0.05651146757635
-0.27096428191902
-0.00000000000001
0.59170613234346
0.90000000000000
0.59170613234348
0.00000000000003
-0.27096428191903
-0.05651146757640
0.19665721100197
0.00000000000004
-0.55767815627226
-0.89290323118303
-0.61640254923947
-0.00000000000007
0.34099808424397
0.16864318312719
-0.11924873839007
0.00000000000004
0.51485526253595
0.87172484501576
0.63137792971298
-0.00000000000004
-0.40565414307806
-0.27811529493750
0.03995964193804
-0.00000000000000
-0.46391279374973
-0.83679883729941
-0.63639610306787
-0.00000000000000
0.46391279374971
0.38320136240856
0.03995964193806
0.00000000000001
0.40565414307805
0.78867601203946
0.63137792971291
0.00000000000002
-0.51485526253591
-0.48224411548110
-0.11924873839008
0.00000000000001
-0.34099808424395
-0.72811529493746
-0.61640254923945
-0.00000000000004
0.55767815627225
0.57368159077382
0.19665721100198
-0.00000000000000
0.27096428191903
0.65607176467927
0.59170613234347
0.00000000000006
-0.59170613234344
-0.65607176467930
-0.27096428191904
-0.00000000000000
-0.19665721100194
-0.57368159077382
-0.55767815627230
-0.00000000000000
0.61640254923944
0.72811529493747
0.34099808424405
-0.00000000000000
0.11924873839007
0.48224411548107
0.51485526253590
-0.00000000000003
-0.63137792971287
-0.78867601203950
-0.40565414307801
0.00000000000001
-0.03995964193807
-0.38320136240854
-0.46391279374975
0.00000000000001
0.63639610306790
0.83679883729942
0.46391279374973
0.00000000000001
-0.03995964193805
0.27811529493746
0.40565414307804
0.00000000000001
-0.63137792971287
-0.87172484501577
-0.51485526253590
-0.00000000000001
0.11924873839009
-0.16864318312717
-0.34099808424401
-0.00000000000004
0.61640254923943
0.89290323118303
0.55767815627231
0.00000000000006
-0.19665721100196
0.05651146757639
0.27096428191900
-0.00000000000002
-0.59170613234344
-0.90000000000000
-0.59170613234347
-0.00000000000001
0.27096428191903
0.05651146757639
-0.19665721100197
-0.00000000000001
0.55767815627222
0.89290323118302
0.61640254923940
0.00000000000004
-0.34099808424399
-0.16864318312718
0.11924873839010
0.00000000000001
-0.51485526253587
-0.87172484501575
-0.63137792971287
0.00000000000000
0.40565414307803
0.27811529493742
-0.03995964193808
-0.00000000000000
0.46391279374965
0.83679883729944
0.63639610306788
0.00000000000004
-0.46391279374973
-0.38320136240855
-0.03995964193807
0.00000000000001
-0.40565414307807
-0.78867601203947
-0.63137792971291
-0.00000000000003
0.51485526253590
0.48224411548112
0.11924873839010
-0.00000000000001
0.34099808424397
0.72811529493747
0.61640254923947
0.00000000000000
-0.55767815627229
-0.57368159077383
-0.19665721100201
-0.00000000000000
-0.27096428191901
-0.65607176467924
-0.59170613234347
0.00000000000000
0.59170613234341
0.65607176467931
0.27096428191901
0.00000000000000
0.19665721100192
0.57368159077381
0.55767815627228
0.00000000000007
-0.61640254923941
-0.72811529493748
-0.34099808424403
-0.00000000000000
-0.11924873839007
-0.48224411548112
-0.51485526253591
-0.00000000000003
0.63137792971284
0.78867601203948
0.40565414307803
0.00000000000002
0.03995964193800
0.38320136240860
0.46391279374974
0.00000000000005
-0.63639610306792
-0.83679883729943
-0.46391279374976
-0.00000000000001
0.03995964193804
-0.27811529493745
-0.40565414307808
0.00000000000005
0.63137792971290
0.87172484501578
0.51485526253593
0.00000000000000
-0.11924873839010
0.16864318312716
0.34099808424399
0.00000000000001
-0.61640254923945
-0.89290323118303
-0.55767815627228
0.00000000000002
0.19665721100196
-0.05651146757635
-0.27096428191902
-0.00000000000001
0.59170613234341
0.90000000000000
0.59170613234344
0.00000000000003
-0.27096428191903
-0.05651146757636
0.19665721100195
0.00000000000004
-0.55767815627225
-0.89290323118304
-0.61640254923949
-0.00000000000007
0.34099808424399
0.16864318312714
-0.11924873839007
-0.00000000000003
0.51485526253595
0.87172484501576
0.63137792971292
0.00000000000007
-0.40565414307806
-0.27811529493741
0.03995964193807
0.00000000000004
-0.46391279374978
-0.83679883729943
-0.63639610306793
-0.00000000000000
0.46391279374972
0.38320136240858
0.03995964193809
0.00000000000001
0.40565414307810
0.78867601203950
0.63137792971291
0.00000000000005
-0.51485526253592
-0.48224411548108
-0.11924873839013
-0.00000000000000
-0.34099808424399
-0.72811529493744
-0.61640254923942
0.00000000000001
0.55767815627225
0.57368159077384
0.19665721100195
0.00000000000000
0.27096428191899
0.65607176467930
0.59170613234345
0.00000000000003
-0.59170613234342
-0.65607176467926
-0.27096428191904
0.00000000000000
-0.19665721100201
-0.57368159077380
-0.55767815627230
-0.00000000000008
0.61640254923944
0.72811529493741
0.34099808424395
-0.00000000000000
0.11924873839007
0.48224411548106
0.51485526253594
0.00000000000015
-0.63137792971295
-0.78867601203946
-0.40565414307806
-0.00000000000001
-0.03995964193803
-0.38320136240849
-0.46391279374975
0.00000000000006
0.63639610306790
0.83679883729943
0.46391279374978
0.00000000000004
-0.03995964193814
0.27811529493743
0.40565414307805
0.00000000000001
-0.63137792971287
-0.87172484501578
-0.51485526253590
-0.00000000000001
0.11924873839010
-0.16864318312709
-0.34099808424401
-0.00000000000002
0.61640254923937
0.89290323118302
0.55767815627221
-0.00000000000001
-0.19665721100199
0.05651146757636
0.27096428191900
0.00000000000007
-0.59170613234343
-0.90000000000000
-0.59170613234342
-0.00000000000001
0.27096428191903
0.05651146757645
-0.19665721100199
-0.00000000000003
0.55767815627233
0.89290323118303
0.61640254923946
0.00000000000006
-0.34099808424400
-0.16864318312713
0.11924873839007
-0.00000000000002
-0.51485526253592
-0.87172484501577
-0.63137792971297
0.00000000000003
0.40565414307805
0.27811529493750
-0.03995964193808
-0.00000000000000
0.46391279374970
0.83679883729941
0.63639610306788
0.00000000000004
-0.46391279374973
-0.38320136240862
-0.03995964193808
0.00000000000002
-0.40565414307808
-0.78867601203952
-0.63137792971294
-0.00000000000008
0.51485526253589
0.48224411548114
0.11924873839006
0.00000000000000
0.34099808424398
0.72811529493749
0.61640254923943
0.00000000000013
-0.55767815627228
-0.57368159077379
-0.19665721100197
0.00000000000000
-0.27096428191905
-0.65607176467927
-0.59170613234347
0.00000000000003
