0.64345826775523
0.55565832867301
0.08888999769875
0.08124447308371
0.52249377641674
0.57492006997661
-0.08453035085326
-0.70653262635952
-0.57966948667042
-0.08594235253127
-0.06340295455106
-0.48129251687738
-0.50252766782273
0.16731338125692
0.76265780480176
0.59363148104093
0.07227349484426
0.03602176512909
0.43336436197046
0.42797543233282
-0.24664446587613
-0.81050926306024
-0.59689181737819
-0.04802786585691
-0.00000000000000
-0.38017970520928
-0.35300083676130
0.32090331863555
0.84895581995615
0.58905764746873
0.01361902373299
-0.04354283413630
0.32333302930156
0.27934177118099
-0.38859356080205
-0.87708746012554
-0.57000575098547
0.03028035855101
0.09329461451285
-0.26450336353161
-0.20869385667500
0.44837923903230
0.89423770543239
0.53988588155701
-0.08275488435082
-0.14778314791819
0.20541266487574
0.14266881007810
-0.49911739451321
-0.90000000000000
-0.49911739451321
0.14266881007810
0.20541266487573
-0.14778314791818
-0.08275488435082
0.53988588155700
0.89423770543239
0.44837923903231
-0.20869385667500
-0.26450336353161
0.09329461451285
0.03028035855101
-0.57000575098547
-0.87708746012554
-0.38859356080206
0.27934177118099
0.32333302930156
-0.04354283413630
0.01361902373299
0.58905764746872
0.84895581995615
0.32090331863555
-0.35300083676129
-0.38017970520928
-0.00000000000000
-0.04802786585691
-0.59689181737819
-0.81050926306024
-0.24664446587613
0.42797543233282
0.43336436197047
0.03602176512910
0.07227349484426
0.59363148104092
0.76265780480176
0.16731338125692
-0.50252766782273
-0.48129251687739
-0.06340295455106
-0.08594235253127
-0.57966948667041
-0.70653262635953
-0.08453035085327
0.57492006997661
0.52249377641674
0.08124447308371
0.08888999769875
0.55565832867301
0.64345826775523
-0.00000000000001
-0.64345826775523
-0.55565832867301
-0.08888999769876
-0.08124447308372
-0.52249377641673
-0.57492006997661
0.08453035085325
0.70653262635952
0.57966948667042
0.08594235253127
0.06340295455106
0.48129251687738
0.50252766782273
-0.16731338125690
-0.76265780480176
-0.59363148104093
-0.07227349484426
-0.03602176512909
-0.43336436197046
-0.42797543233282
0.24664446587613
0.81050926306024
0.59689181737820
0.04802786585692
-0.00000000000000
0.38017970520928
0.35300083676129
-0.32090331863554
-0.84895581995615
-0.58905764746874
-0.01361902373299
0.04354283413630
-0.32333302930156
-0.27934177118099
0.38859356080205
0.87708746012554
0.57000575098547
-0.03028035855101
-0.09329461451285
0.26450336353161
0.20869385667500
-0.44837923903230
-0.89423770543239
-0.53988588155700
0.08275488435082
0.14778314791819
-0.20541266487574
-0.14266881007810
0.49911739451321
0.90000000000000
0.49911739451322
-0.14266881007809
-0.20541266487573
0.14778314791819
0.08275488435082
-0.53988588155700
-0.89423770543239
-0.44837923903230
0.20869385667499
0.26450336353161
-0.09329461451285
-0.03028035855101
0.57000575098546
0.87708746012554
0.38859356080206
-0.27934177118099
-0.32333302930156
0.04354283413630
-0.01361902373299
-0.58905764746871
-0.84895581995615
-0.32090331863555
0.35300083676129
0.38017970520928
0.00000000000001
0.04802786585690
0.59689181737820
0.81050926306024
0.24664446587614
-0.42797543233282
-0.43336436197046
-0.03602176512910
-0.07227349484426
-0.59363148104091
-0.76265780480176
-0.16731338125693
0.50252766782273
0.48129251687738
0.06340295455106
0.08594235253128
0.57966948667041
0.70653262635952
0.08453035085328
-0.57492006997661
-0.52249377641675
-0.08124447308372
-0.08888999769874
-0.55565832867300
-0.64345826775523
0.00000000000002
0.64345826775523
0.55565832867302
0.08888999769875
0.08124447308371
0.52249377641674
0.57492006997662
-0.08453035085323
-0.70653262635952
-0.57966948667040
-0.08594235253128
-0.06340295455105
-0.48129251687739
-0.50252766782273
0.16731338125689
0.76265780480175
0.59363148104095
0.07227349484427
0.03602176512909
0.43336436197045
0.42797543233282
-0.24664446587613
-0.81050926306025
-0.59689181737821
-0.04802786585692
-0.00000000000001
-0.38017970520927
-0.35300083676130
0.32090331863551
0.84895581995615
0.58905764746872
0.01361902373298
-0.04354283413631
0.32333302930156
0.27934177118098
-0.38859356080204
-0.87708746012554
-0.57000575098547
0.03028035855100
0.09329461451285
-0.26450336353162
-0.20869385667500
0.44837923903230
0.89423770543239
0.53988588155701
-0.08275488435082
-0.14778314791819
0.20541266487572
0.14266881007810
-0.49911739451321
-0.90000000000000
-0.49911739451321
0.14266881007810
0.20541266487573
-0.14778314791819
-0.08275488435082
0.53988588155699
0.89423770543239
0.44837923903230
-0.20869385667499
-0.26450336353163
0.09329461451285
0.03028035855101
-0.57000575098548
-0.87708746012554
-0.38859356080206
0.27934177118099
0.32333302930155
-0.04354283413630
0.01361902373298
0.58905764746872
0.84895581995616
0.32090331863553
-0.35300083676129
-0.38017970520928
0.00000000000001
-0.04802786585692
-0.59689181737817
-0.81050926306024
-0.24664446587613
0.42797543233281
0.43336436197046
0.03602176512910
0.07227349484426
0.59363148104093
0.76265780480176
0.16731338125694
-0.50252766782272
-0.48129251687738
-0.06340295455107
-0.08594235253127
-0.57966948667040
-0.70653262635954
-0.08453035085328
0.57492006997661
0.52249377641676
0.08124447308372
0.08888999769875
0.55565832867300
0.64345826775524
0.00000000000001
-0.64345826775522
-0.55565832867302
-0.08888999769875
-0.08124447308371
-0.52249377641674
-0.57492006997661
0.08453035085326
0.70653262635952
0.57966948667042
0.08594235253129
0.06340295455105
0.48129251687739
0.50252766782274
-0.16731338125689
-0.76265780480176
-0.59363148104093
-0.07227349484425
-0.03602176512909
-0.43336436197044
-0.42797543233282
0.24664446587612
0.81050926306024
0.59689181737821
0.04802786585692
-0.00000000000001
0.38017970520928
0.35300083676130
-0.32090331863550
-0.84895581995615
-0.58905764746874
-0.01361902373299
0.04354283413630
-0.32333302930156
-0.27934177118099
0.38859356080203
0.87708746012554
0.57000575098550
-0.03028035855101
-0.09329461451285
0.26450336353158
0.20869385667502
-0.44837923903229
-0.89423770543239
-0.53988588155701
0.08275488435082
0.14778314791821
-0.20541266487574
-0.14266881007811
0.49911739451318
0.90000000000000
0.49911739451322
-0.14266881007807
-0.20541266487574
0.14778314791818
0.08275488435084
-0.53988588155701
-0.89423770543239
-0.44837923903233
0.20869385667497
0.26450336353161
-0.09329461451282
-0.03028035855101
0.57000575098548
0.87708746012554
0.38859356080204
-0.27934177118098
-0.32333302930158
0.04354283413628
-0.01361902373299
-0.58905764746869
-0.84895581995615
-0.32090331863557
0.35300083676128
0.38017970520927
-0.00000000000000
0.04802786585692
0.59689181737817
0.81050926306024
0.24664446587613
-0.42797543233283
-0.43336436197046
-0.03602176512910
-0.07227349484424
-0.59363148104093
-0.76265780480176
-0.16731338125695
0.50252766782274
0.48129251687739
0.06340295455107
0.08594235253126
0.57966948667042
0.70653262635953
0.08453035085328
-0.57492006997659
-0.52249377641674
-0.08124447308372
-0.08888999769874
-0.55565832867302
-0.64345826775526
0.00000000000004
0.64345826775522
0.55565832867305
0.08888999769875
0.08124447308370
0.52249377641672
0.57492006997662
-0.08453035085325
-0.70653262635952
-0.57966948667041
-0.08594235253127
-0.06340295455105
-0.48129251687737
-0.50252766782273
0.16731338125685
0.76265780480175
0.59363148104091
0.07227349484429
0.03602176512912
0.43336436197045
0.42797543233283
-0.24664446587612
-0.81050926306024
-0.59689181737822
-0.04802786585691
0.00000000000003
-0.38017970520926
-0.35300083676128
0.32090331863550
0.84895581995615
0.58905764746875
0.01361902373298
-0.04354283413633
0.32333302930156
0.27934177118100
-0.38859356080201
-0.87708746012554
-0.57000575098548
0.03028035855100
0.09329461451284
-0.26450336353161
-0.20869385667499
0.44837923903232
0.89423770543239
0.53988588155696
-0.08275488435080
-0.14778314791820
0.20541266487570
0.14266881007811
-0.49911739451323
-0.90000000000000
-0.49911739451321
0.14266881007809
0.20541266487573
-0.14778314791820
-0.08275488435082
0.53988588155693
0.89423770543239
0.44837923903236
-0.20869385667500
-0.26450336353161
0.09329461451282
0.03028035855099
-0.57000575098544
-0.87708746012554
-0.38859356080205
0.27934177118098
0.32333302930157
-0.04354283413630
0.01361902373298
0.58905764746871
0.84895581995615
0.32090331863554
-0.35300083676130
-0.38017970520929
0.00000000000001
-0.04802786585689
-0.59689181737823
-0.81050926306025
-0.24664446587617
0.42797543233280
0.43336436197047
0.03602176512911
0.07227349484426
0.59363148104092
0.76265780480177
0.16731338125690
-0.50252766782270
-0.48129251687739
-0.06340295455107
-0.08594235253128
-0.57966948667042
-0.70653262635953
-0.08453035085323
0.57492006997659
0.52249377641674
0.08124447308372
0.08888999769873
0.55565832867302
0.64345826775523
0.00000000000003
-0.64345826775524
-0.55565832867301
-0.08888999769876
-0.08124447308373
-0.52249377641672
-0.57492006997662
0.08453035085325
0.70653262635953
0.57966948667045
0.08594235253128
0.06340295455105
0.48129251687736
0.50252766782273
-0.16731338125690
-0.76265780480176
-0.59363148104091
-0.07227349484426
-0.03602176512909
-0.43336436197048
-0.42797543233284
0.24664446587612
0.81050926306023
0.59689181737822
0.04802786585691
0.00000000000000
0.38017970520931
0.35300083676132
-0.32090331863555
-0.84895581995615
-0.58905764746875
-0.01361902373299
0.04354283413630
-0.32333302930152
-0.27934177118099
0.38859356080205
0.87708746012554
0.57000575098544
-0.03028035855099
-0.09329461451284
0.26450336353161
0.20869385667500
-0.44837923903226
-0.89423770543239
-0.53988588155697
0.08275488435081
0.14778314791817
-0.20541266487572
-0.14266881007810
0.49911739451322
0.90000000000000
0.49911739451328
-0.14266881007810
-0.20541266487575
0.14778314791814
0.08275488435081
-0.53988588155698
-0.89423770543239
-0.44837923903231
0.20869385667497
0.26450336353164
-0.09329461451283
-0.03028035855103
0.57000575098544
0.87708746012555
0.38859356080206
-0.27934177118098
-0.32333302930154
0.04354283413632
-0.01361902373296
-0.58905764746876
-0.84895581995616
-0.32090331863559
0.35300083676129
0.38017970520928
0.00000000000001
0.04802786585691
0.59689181737818
0.81050926306024
0.24664446587612
-0.42797543233281
-0.43336436197048
-0.03602176512911
-0.07227349484426
-0.59363148104088
-0.76265780480176
-0.16731338125696
0.50252766782272
0.48129251687735
0.06340295455107
0.08594235253125
0.57966948667042
0.70653262635953
0.08453035085331
-0.57492006997661
-0.52249377641674
-0.08124447308373
-0.08888999769873
-0.55565832867302
-0.64345826775523
-0.00000000000003
0.64345826775523
0.55565832867304
0.08888999769873
0.08124447308370
0.52249377641670
0.57492006997661
-0.08453035085323
-0.70653262635950
-0.57966948667041
-0.08594235253128
-0.06340295455104
-0.48129251687740
-0.50252766782275
0.16731338125691
0.76265780480175
0.59363148104091
0.07227349484429
0.03602176512909
0.43336436197049
0.42797543233282
-0.24664446587612
-0.81050926306023
-0.59689181737823
-0.04802786585691
0.00000000000000
-0.38017970520927
-0.35300083676132
0.32090331863549
0.84895581995615
0.58905764746871
0.01361902373302
-0.04354283413631
0.32333302930157
0.27934177118099
-0.38859356080199
-0.87708746012553
-0.57000575098549
0.03028035855100
0.09329461451285
-0.26450336353161
-0.20869385667500
0.44837923903230
0.89423770543239
0.53988588155703
-0.08275488435083
-0.14778314791822
0.20541266487572
0.14266881007810
-0.49911739451317
-0.90000000000000
-0.49911739451323
0.14266881007806
0.20541266487572
-0.14778314791818
-0.08275488435083
0.53988588155692
0.89423770543239
0.44837923903231
-0.20869385667496
-0.26450336353162
0.09329461451285
0.03028035855101
-0.57000575098544
-0.87708746012553
-0.38859356080204
0.27934177118096
0.32333302930156
-0.04354283413631
0.01361902373298
0.58905764746871
0.84895581995616
0.32090331863554
-0.35300083676129
-0.38017970520933
0.00000000000000
-0.04802786585691
-0.59689181737813
-0.81050926306026
-0.24664446587610
0.42797543233282
0.43336436197047
0.03602176512913
0.07227349484426
0.59363148104092
0.76265780480178
0.16731338125691
-0.50252766782271
-0.48129251687740
-0.06340295455111
-0.08594235253128
-0.57966948667041
-0.70653262635954
-0.08453035085331
0.57492006997661
0.52249377641679
0.08124447308372
0.08888999769876
0.55565832867297
0.64345826775525
0.00000000000010
-0.64345826775523
-0.55565832867300
-0.08888999769876
-0.08124447308367
-0.52249377641674
-0.57492006997661
0.08453035085318
0.70653262635954
0.57966948667042
0.08594235253131
0.06340295455105
0.48129251687739
0.50252766782275
-0.16731338125689
-0.76265780480176
-0.59363148104096
-0.07227349484427
-0.03602176512905
-0.43336436197052
-0.42797543233283
0.24664446587605
0.81050926306023
0.59689181737818
0.04802786585691
-0.00000000000005
0.38017970520928
0.35300083676129
-0.32090331863549
-0.84895581995613
-0.58905764746871
-0.01361902373302
0.04354283413630
-0.32333302930152
-0.27934177118100
0.38859356080204
0.87708746012553
0.57000575098539
-0.03028035855101
-0.09329461451290
0.26450336353156
0.20869385667497
-0.44837923903231
-0.89423770543239
-0.53988588155703
0.08275488435083
0.14778314791816
-0.20541266487576
-0.14266881007808
0.49911739451322
0.90000000000000
0.49911739451328
-0.14266881007810
-0.20541266487572
0.14778314791815
0.08275488435085
-0.53988588155702
-0.89423770543239
-0.44837923903231
0.20869385667502
0.26450336353161
-0.09329461451284
-0.03028035855104
0.57000575098553
0.87708746012555
0.38859356080211
-0.27934177118095
-0.32333302930155
0.04354283413630
-0.01361902373298
-0.58905764746870
-0.84895581995616
-0.32090331863561
0.35300083676125
0.38017970520928
0.00000000000000
0.04802786585691
0.59689181737808
0.81050926306024
0.24664446587609
-0.42797543233277
-0.43336436197043
-0.03602176512908
-0.07227349484420
-0.59363148104091
-0.76265780480174
-0.16731338125696
0.50252766782270
0.48129251687743
0.06340295455111
0.08594235253128
0.57966948667041
0.70653262635951
0.08453035085329
-0.57492006997658
-0.52249377641678
-0.08124447308370
-0.08888999769876
-0.55565832867293
-0.64345826775527
0.00000000000008
0.64345826775522
0.55565832867306
0.08888999769873
0.08124447308366
0.52249377641675
0.57492006997663
-0.08453035085323
-0.70653262635953
-0.57966948667047
-0.08594235253131
-0.06340295455108
-0.48129251687741
-0.50252766782278
0.16731338125689
0.76265780480174
0.59363148104097
0.07227349484430
0.03602176512910
0.43336436197039
0.42797543233283
-0.24664446587610
-0.81050926306024
-0.59689181737823
-0.04802786585695
0.00000000000007
-0.38017970520930
-0.35300083676131
0.32090331863542
0.84895581995615
0.58905764746876
0.01361902373303
-0.04354283413626
0.32333302930157
0.27934177118102
-0.38859356080194
-0.87708746012555
-0.57000575098550
0.03028035855099
0.09329461451288
-0.26450336353155
-0.20869385667499
0.44837923903229
0.89423770543240
0.53988588155703
-0.08275488435079
-0.14778314791821
0.20541266487577
0.14266881007810
-0.49911739451311
-0.90000000000000
-0.49911739451323
0.14266881007808
0.20541266487577
-0.14778314791820
-0.08275488435085
0.53988588155691
0.89423770543240
0.44837923903232
-0.20869385667498
-0.26450336353164
0.09329461451282
0.03028035855100
-0.57000575098548
-0.87708746012555
-0.38859356080206
0.27934177118097
0.32333302930158
-0.04354283413626
0.01361902373302
0.58905764746865
0.84895581995616
0.32090331863556
-0.35300083676133
-0.38017970520928
-0.00000000000001
-0.04802786585688
-0.59689181737822
-0.81050926306025
-0.24664446587625
0.42797543233281
0.43336436197048
0.03602176512904
0.07227349484422
0.59363148104096
0.76265780480177
0.16731338125701
-0.50252766782274
-0.48129251687732
-0.06340295455108
-0.08594235253124
-0.57966948667046
-0.70653262635956
-0.08453035085326
0.57492006997657
0.52249377641676
0.08124447308373
0.08888999769879
0.55565832867305
0.64345826775523
-0.00000000000000
-0.64345826775519
-0.55565832867303
-0.08888999769871
-0.08124447308369
-0.52249377641672
-0.57492006997659
0.08453035085316
0.70653262635950
0.57966948667032
0.08594235253129
0.06340295455104
0.48129251687726
0.50252766782271
-0.16731338125694
-0.76265780480175
-0.59363148104101
-0.07227349484427
-0.03602176512915
-0.43336436197042
-0.42797543233278
0.24664446587617
0.81050926306022
0.59689181737818
0.04802786585687
-0.00000000000000
0.38017970520927
0.35300083676133
-0.32090331863549
-0.84895581995615
-0.58905764746872
-0.01361902373299
0.04354283413631
-0.32333302930155
-0.27934177118102
0.38859356080209
0.87708746012555
0.57000575098555
-0.03028035855100
-0.09329461451277
0.26450336353161
0.20869385667504
-0.44837923903234
-0.89423770543239
-0.53988588155698
0.08275488435081
0.14778314791820
-0.20541266487572
-0.14266881007812
0.49911739451315
0.90000000000000
0.49911739451319
-0.14266881007804
-0.20541266487576
0.14778314791823
0.08275488435084
-0.53988588155695
-0.89423770543239
-0.44837923903238
0.20869385667498
0.26450336353158
-0.09329461451283
-0.03028035855102
0.57000575098543
0.87708746012554
0.38859356080201
-0.27934177118099
-0.32333302930163
0.04354283413629
-0.01361902373298
-0.58905764746869
-0.84895581995613
-0.32090331863551
0.35300083676126
0.38017970520933
-0.00000000000008
0.04802786585690
0.59689181737817
0.81050926306027
0.24664446587617
-0.42797543233283
-0.43336436197044
-0.03602176512909
-0.07227349484425
-0.59363148104090
-0.76265780480179
-0.16731338125686
0.50252766782273
0.48129251687744
0.06340295455111
0.08594235253127
0.57966948667041
0.70653262635955
0.08453035085321
-0.57492006997658
-0.52249377641670
-0.08124447308370
-0.08888999769875
-0.55565832867300
-0.64345826775524
-0.00000000000005
