0.65246498311707
0.68117880140665
0.22070931507691
-0.06208169635200
0.13390021561469
0.36608227223155
0.08461246130025
-0.57282822231781
-0.89778083623597
-0.50311529493745
0.17685320478341
0.43634752157984
0.17764371551539
-0.02805219694180
0.24016402838501
0.65477715691701
0.56542164566817
-0.11257732535177
-0.72972249795027
-0.69247879586443
-0.18622502283898
0.10782654016825
-0.08319725672432
-0.29526172438552
0.00000000000000
0.62746310371217
0.88013504262601
0.41995664689210
-0.27402179979511
-0.50311529493745
-0.21200398361606
0.00708276496481
-0.24467979524375
-0.61487667772655
-0.47134844515287
0.22205600381204
0.79473229844150
0.68757367333206
0.13718140741395
-0.16347206880121
0.02821389940817
0.22679873744543
-0.07459591902791
-0.66590118113849
-0.84541268915258
-0.32544364930413
0.37319907056662
0.56352011259488
0.23490184804140
0.00000000000000
0.23490184804139
0.56352011259488
0.37319907056662
-0.32544364930412
-0.84541268915258
-0.66590118113850
-0.07459591902792
0.22679873744543
0.02821389940818
-0.16347206880121
0.13718140741395
0.68757367333206
0.79473229844150
0.22205600381205
-0.47134844515286
-0.61487667772655
-0.24467979524375
0.00708276496481
-0.21200398361605
-0.50311529493745
-0.27402179979511
0.41995664689209
0.88013504262601
0.62746310371217
0.00000000000000
-0.29526172438552
-0.08319725672432
0.10782654016825
-0.18622502283897
-0.69247879586443
-0.72972249795027
-0.11257732535178
0.56542164566817
0.65477715691701
0.24016402838502
-0.02805219694180
0.17764371551540
0.43634752157984
0.17685320478341
-0.50311529493746
-0.89778083623597
-0.57282822231782
0.08461246130024
0.36608227223155
0.13390021561469
-0.06208169635200
0.22070931507691
0.68117880140664
0.65246498311707
-0.00000000000000
-0.65246498311707
-0.68117880140665
-0.22070931507692
0.06208169635200
-0.13390021561469
-0.36608227223155
-0.08461246130025
0.57282822231781
0.89778083623597
0.50311529493745
-0.17685320478342
-0.43634752157984
-0.17764371551539
0.02805219694180
-0.24016402838502
-0.65477715691702
-0.56542164566818
0.11257732535176
0.72972249795026
0.69247879586444
0.18622502283897
-0.10782654016825
0.08319725672433
0.29526172438552
0.00000000000000
-0.62746310371217
-0.88013504262601
-0.41995664689210
0.27402179979511
0.50311529493746
0.21200398361605
-0.00708276496481
0.24467979524375
0.61487667772655
0.47134844515287
-0.22205600381204
-0.79473229844150
-0.68757367333207
-0.13718140741395
0.16347206880121
-0.02821389940817
-0.22679873744542
0.07459591902791
0.66590118113849
0.84541268915258
0.32544364930412
-0.37319907056661
-0.56352011259488
-0.23490184804139
0.00000000000000
-0.23490184804139
-0.56352011259488
-0.37319907056662
0.32544364930413
0.84541268915258
0.66590118113849
0.07459591902792
-0.22679873744543
-0.02821389940817
0.16347206880121
-0.13718140741395
-0.68757367333207
-0.79473229844150
-0.22205600381206
0.47134844515285
0.61487667772655
0.24467979524374
-0.00708276496481
0.21200398361605
0.50311529493745
0.27402179979511
-0.41995664689209
-0.88013504262601
-0.62746310371218
-0.00000000000001
0.29526172438553
0.08319725672432
-0.10782654016825
0.18622502283898
0.69247879586444
0.72972249795027
0.11257732535177
-0.56542164566816
-0.65477715691702
-0.24016402838501
0.02805219694180
-0.17764371551540
-0.43634752157984
-0.17685320478341
0.50311529493746
0.89778083623596
0.57282822231782
-0.08461246130024
-0.36608227223154
-0.13390021561469
0.06208169635200
-0.22070931507690
-0.68117880140666
-0.65246498311707
0.00000000000000
0.65246498311707
0.68117880140665
0.22070931507691
-0.06208169635200
0.13390021561470
0.36608227223154
0.08461246130026
-0.57282822231783
-0.89778083623596
-0.50311529493746
0.17685320478341
0.43634752157984
0.17764371551540
-0.02805219694180
0.24016402838500
0.65477715691701
0.56542164566818
-0.11257732535174
-0.72972249795028
-0.69247879586443
-0.18622502283899
0.10782654016824
-0.08319725672432
-0.29526172438552
-0.00000000000003
0.62746310371217
0.88013504262601
0.41995664689213
-0.27402179979510
-0.50311529493744
-0.21200398361606
0.00708276496481
-0.24467979524374
-0.61487667772655
-0.47134844515287
0.22205600381203
0.79473229844149
0.68757367333208
0.13718140741396
-0.16347206880121
0.02821389940816
0.22679873744543
-0.07459591902791
-0.66590118113848
-0.84541268915258
-0.32544364930413
0.37319907056660
0.56352011259488
0.23490184804139
0.00000000000000
0.23490184804139
0.56352011259488
0.37319907056663
-0.32544364930412
-0.84541268915258
-0.66590118113850
-0.07459591902791
0.22679873744542
0.02821389940818
-0.16347206880120
0.13718140741393
0.68757367333208
0.79473229844150
0.22205600381206
-0.47134844515289
-0.61487667772654
-0.24467979524376
0.00708276496481
-0.21200398361606
-0.50311529493744
-0.27402179979513
0.41995664689210
0.88013504262601
0.62746310371217
-0.00000000000001
-0.29526172438553
-0.08319725672433
0.10782654016825
-0.18622502283897
-0.69247879586441
-0.72972249795028
-0.11257732535178
0.56542164566817
0.65477715691703
0.24016402838500
-0.02805219694180
0.17764371551538
0.43634752157985
0.17685320478341
-0.50311529493744
-0.89778083623596
-0.57282822231781
0.08461246130023
0.36608227223155
0.13390021561469
-0.06208169635200
0.22070931507691
0.68117880140665
0.65246498311707
0.00000000000001
-0.65246498311706
-0.68117880140666
-0.22070931507694
0.06208169635200
-0.13390021561470
-0.36608227223155
-0.08461246130026
0.57282822231782
0.89778083623597
0.50311529493747
-0.17685320478340
-0.43634752157985
-0.17764371551541
0.02805219694181
-0.24016402838501
-0.65477715691700
-0.56542164566817
0.11257732535177
0.72972249795027
0.69247879586444
0.18622502283898
-0.10782654016825
0.08319725672430
0.29526172438553
0.00000000000001
-0.62746310371214
-0.88013504262601
-0.41995664689212
0.27402179979510
0.50311529493747
0.21200398361606
-0.00708276496481
0.24467979524373
0.61487667772655
0.47134844515288
-0.22205600381205
-0.79473229844149
-0.68757367333206
-0.13718140741397
0.16347206880121
-0.02821389940816
-0.22679873744543
0.07459591902791
0.66590118113849
0.84541268915258
0.32544364930416
-0.37319907056662
-0.56352011259487
-0.23490184804140
0.00000000000000
-0.23490184804138
-0.56352011259487
-0.37319907056663
0.32544364930414
0.84541268915258
0.66590118113849
0.07459591902792
-0.22679873744543
-0.02821389940819
0.16347206880121
-0.13718140741393
-0.68757367333205
-0.79473229844150
-0.22205600381205
0.47134844515288
0.61487667772657
0.24467979524375
-0.00708276496481
0.21200398361605
0.50311529493747
0.27402179979510
-0.41995664689206
-0.88013504262601
-0.62746310371216
-0.00000000000001
0.29526172438553
0.08319725672433
-0.10782654016825
0.18622502283896
0.69247879586445
0.72972249795028
0.11257732535179
-0.56542164566815
-0.65477715691702
-0.24016402838501
0.02805219694181
-0.17764371551542
-0.43634752157985
-0.17685320478341
0.50311529493744
0.89778083623597
0.57282822231785
-0.08461246130025
-0.36608227223155
-0.13390021561469
0.06208169635201
-0.22070931507690
-0.68117880140664
-0.65246498311708
0.00000000000000
0.65246498311705
0.68117880140667
0.22070931507692
-0.06208169635200
0.13390021561469
0.36608227223155
0.08461246130023
-0.57282822231779
-0.89778083623597
-0.50311529493747
0.17685320478342
0.43634752157986
0.17764371551540
-0.02805219694180
0.24016402838501
0.65477715691703
0.56542164566818
-0.11257732535179
-0.72972249795026
-0.69247879586444
-0.18622502283898
0.10782654016825
-0.08319725672430
-0.29526172438553
-0.00000000000003
0.62746310371215
0.88013504262601
0.41995664689210
-0.27402179979512
-0.50311529493746
-0.21200398361608
0.00708276496481
-0.24467979524375
-0.61487667772652
-0.47134844515287
0.22205600381200
0.79473229844149
0.68757367333203
0.13718140741399
-0.16347206880120
0.02821389940819
0.22679873744542
-0.07459591902789
-0.66590118113853
-0.84541268915259
-0.32544364930411
0.37319907056662
0.56352011259488
0.23490184804136
0.00000000000000
0.23490184804139
0.56352011259488
0.37319907056664
-0.32544364930410
-0.84541268915257
-0.66590118113854
-0.07459591902791
0.22679873744541
0.02821389940820
-0.16347206880122
0.13718140741394
0.68757367333206
0.79473229844150
0.22205600381202
-0.47134844515284
-0.61487667772656
-0.24467979524376
0.00708276496481
-0.21200398361601
-0.50311529493747
-0.27402179979512
0.41995664689208
0.88013504262601
0.62746310371221
-0.00000000000000
-0.29526172438552
-0.08319725672435
0.10782654016826
-0.18622502283897
-0.69247879586440
-0.72972249795027
-0.11257732535180
0.56542164566816
0.65477715691699
0.24016402838506
-0.02805219694180
0.17764371551541
0.43634752157982
0.17685320478344
-0.50311529493744
-0.89778083623596
-0.57282822231782
0.08461246130026
0.36608227223155
0.13390021561468
-0.06208169635201
0.22070931507691
0.68117880140666
0.65246498311709
0.00000000000003
-0.65246498311704
-0.68117880140666
-0.22070931507691
0.06208169635200
-0.13390021561466
-0.36608227223156
-0.08461246130027
0.57282822231781
0.89778083623597
0.50311529493744
-0.17685320478338
-0.43634752157985
-0.17764371551535
0.02805219694180
-0.24016402838502
-0.65477715691703
-0.56542164566819
0.11257732535175
0.72972249795027
0.69247879586447
0.18622502283897
-0.10782654016824
0.08319725672429
0.29526172438553
0.00000000000003
-0.62746310371217
-0.88013504262602
-0.41995664689212
0.27402179979508
0.50311529493745
0.21200398361609
-0.00708276496482
0.24467979524377
0.61487667772653
0.47134844515283
-0.22205600381201
-0.79473229844149
-0.68757367333206
-0.13718140741394
0.16347206880122
-0.02821389940817
-0.22679873744542
0.07459591902790
0.66590118113850
0.84541268915258
0.32544364930411
-0.37319907056660
-0.56352011259488
-0.23490184804139
0.00000000000000
-0.23490184804137
-0.56352011259487
-0.37319907056663
0.32544364930412
0.84541268915258
0.66590118113849
0.07459591902794
-0.22679873744544
-0.02821389940815
0.16347206880120
-0.13718140741395
-0.68757367333208
-0.79473229844150
-0.22205600381208
0.47134844515286
0.61487667772655
0.24467979524374
-0.00708276496482
0.21200398361603
0.50311529493745
0.27402179979517
-0.41995664689208
-0.88013504262601
-0.62746310371220
-0.00000000000002
0.29526172438551
0.08319725672432
-0.10782654016826
0.18622502283898
0.69247879586440
0.72972249795027
0.11257732535179
-0.56542164566816
-0.65477715691701
-0.24016402838501
0.02805219694180
-0.17764371551538
-0.43634752157984
-0.17685320478341
0.50311529493746
0.89778083623596
0.57282822231784
-0.08461246130024
-0.36608227223156
-0.13390021561473
0.06208169635201
-0.22070931507688
-0.68117880140663
-0.65246498311705
-0.00000000000002
0.65246498311707
0.68117880140663
0.22070931507694
-0.06208169635200
0.13390021561473
0.36608227223154
0.08461246130026
-0.57282822231782
-0.89778083623597
-0.50311529493741
0.17685320478335
0.43634752157983
0.17764371551538
-0.02805219694180
0.24016402838499
0.65477715691705
0.56542164566821
-0.11257732535176
-0.72972249795027
-0.69247879586446
-0.18622502283896
0.10782654016825
-0.08319725672431
-0.29526172438552
0.00000000000001
0.62746310371213
0.88013504262601
0.41995664689213
-0.27402179979511
-0.50311529493746
-0.21200398361604
0.00708276496481
-0.24467979524373
-0.61487667772653
-0.47134844515288
0.22205600381204
0.79473229844147
0.68757367333209
0.13718140741397
-0.16347206880121
0.02821389940817
0.22679873744545
-0.07459591902789
-0.66590118113847
-0.84541268915257
-0.32544364930421
0.37319907056660
0.56352011259486
0.23490184804143
0.00000000000000
0.23490184804143
0.56352011259485
0.37319907056657
-0.32544364930413
-0.84541268915257
-0.66590118113852
-0.07459591902793
0.22679873744543
0.02821389940818
-0.16347206880119
0.13718140741396
0.68757367333204
0.79473229844153
0.22205600381204
-0.47134844515288
-0.61487667772657
-0.24467979524377
0.00708276496481
-0.21200398361603
-0.50311529493746
-0.27402179979516
0.41995664689211
0.88013504262600
0.62746310371219
-0.00000000000001
-0.29526172438552
-0.08319725672430
0.10782654016825
-0.18622502283900
-0.69247879586442
-0.72972249795030
-0.11257732535184
0.56542164566817
0.65477715691704
0.24016402838504
-0.02805219694181
0.17764371551540
0.43634752157985
0.17685320478344
-0.50311529493747
-0.89778083623596
-0.57282822231788
0.08461246130019
0.36608227223155
0.13390021561474
-0.06208169635202
0.22070931507694
0.68117880140664
0.65246498311707
0.00000000000006
-0.65246498311707
-0.68117880140667
-0.22070931507697
0.06208169635201
-0.13390021561468
-0.36608227223153
-0.08461246130029
0.57282822231784
0.89778083623596
0.50311529493746
-0.17685320478335
-0.43634752157984
-0.17764371551541
0.02805219694180
-0.24016402838500
-0.65477715691701
-0.56542164566819
0.11257732535172
0.72972249795029
0.69247879586441
0.18622502283904
-0.10782654016825
0.08319725672436
0.29526172438551
0.00000000000002
-0.62746310371215
-0.88013504262601
-0.41995664689210
0.27402179979508
0.50311529493745
0.21200398361602
-0.00708276496481
0.24467979524370
0.61487667772654
0.47134844515288
-0.22205600381198
-0.79473229844150
-0.68757367333208
-0.13718140741395
0.16347206880118
-0.02821389940819
-0.22679873744544
0.07459591902788
0.66590118113844
0.84541268915257
0.32544364930412
-0.37319907056658
-0.56352011259487
-0.23490184804142
0.00000000000000
-0.23490184804135
-0.56352011259487
-0.37319907056665
0.32544364930409
0.84541268915255
0.66590118113850
0.07459591902792
-0.22679873744544
-0.02821389940818
0.16347206880123
-0.13718140741393
-0.68757367333201
-0.79473229844147
-0.22205600381208
0.47134844515284
0.61487667772653
0.24467979524376
-0.00708276496481
0.21200398361605
0.50311529493747
0.27402179979511
-0.41995664689202
-0.88013504262600
-0.62746310371212
-0.00000000000004
0.29526172438551
0.08319725672433
-0.10782654016824
0.18622502283897
0.69247879586444
0.72972249795027
0.11257732535175
-0.56542164566815
-0.65477715691706
-0.24016402838502
0.02805219694180
-0.17764371551537
-0.43634752157984
-0.17685320478338
0.50311529493742
0.89778083623596
0.57282822231776
-0.08461246130025
-0.36608227223156
-0.13390021561474
0.06208169635200
-0.22070931507691
-0.68117880140662
-0.65246498311710
0.00000000000000
0.65246498311705
0.68117880140669
0.22070931507687
-0.06208169635201
0.13390021561467
0.36608227223157
0.08461246130026
-0.57282822231780
-0.89778083623597
-0.50311529493752
0.17685320478341
0.43634752157983
0.17764371551545
-0.02805219694180
0.24016402838502
0.65477715691700
0.56542164566821
-0.11257732535175
-0.72972249795027
-0.69247879586443
-0.18622502283907
0.10782654016825
-0.08319725672430
-0.29526172438550
-0.00000000000001
0.62746310371216
0.88013504262602
0.41995664689214
-0.27402179979514
-0.50311529493744
-0.21200398361605
0.00708276496481
-0.24467979524376
-0.61487667772652
-0.47134844515290
0.22205600381208
0.79473229844148
0.68757367333211
0.13718140741400
-0.16347206880120
0.02821389940816
0.22679873744543
-0.07459591902790
-0.66590118113850
-0.84541268915258
-0.32544364930423
0.37319907056663
0.56352011259486
0.23490184804144
0.00000000000000
0.23490184804146
0.56352011259486
0.37319907056665
-0.32544364930412
-0.84541268915257
-0.66590118113849
-0.07459591902799
0.22679873744543
0.02821389940826
-0.16347206880121
0.13718140741390
0.68757367333203
0.79473229844151
0.22205600381207
-0.47134844515286
-0.61487667772654
-0.24467979524375
0.00708276496482
-0.21200398361606
-0.50311529493749
-0.27402179979516
0.41995664689201
0.88013504262601
0.62746310371220
0.00000000000003
-0.29526172438550
-0.08319725672433
0.10782654016822
-0.18622502283898
-0.69247879586445
-0.72972249795030
-0.11257732535174
0.56542164566813
0.65477715691706
0.24016402838496
-0.02805219694180
0.17764371551537
0.43634752157988
0.17685320478343
-0.50311529493734
-0.89778083623597
-0.57282822231780
0.08461246130018
0.36608227223152
0.13390021561465
-0.06208169635201
0.22070931507696
0.68117880140670
0.65246498311706
0.00000000000014
-0.65246498311705
-0.68117880140665
-0.22070931507699
0.06208169635200
-0.13390021561464
-0.36608227223153
-0.08461246130023
0.57282822231777
0.89778083623596
0.50311529493749
-0.17685320478339
-0.43634752157987
-0.17764371551540
0.02805219694180
-0.24016402838494
-0.65477715691706
-0.56542164566816
0.11257732535171
0.72972249795024
0.69247879586438
0.18622502283901
-0.10782654016825
0.08319725672433
0.29526172438551
0.00000000000000
-0.62746310371217
-0.88013504262602
-0.41995664689206
0.27402179979506
0.50311529493746
0.21200398361600
-0.00708276496481
0.24467979524373
0.61487667772654
0.47134844515288
-0.22205600381202
-0.79473229844149
-0.68757367333214
-0.13718140741392
0.16347206880118
-0.02821389940813
-0.22679873744540
0.07459591902795
0.66590118113846
0.84541268915259
0.32544364930415
-0.37319907056660
-0.56352011259494
-0.23490184804147
0.00000000000000
-0.23490184804133
-0.56352011259486
-0.37319907056659
0.32544364930408
0.84541268915257
0.66590118113852
0.07459591902793
-0.22679873744544
-0.02821389940816
0.16347206880120
-0.13718140741388
-0.68757367333209
-0.79473229844154
-0.22205600381211
0.47134844515291
0.61487667772658
0.24467979524387
-0.00708276496481
0.21200398361604
0.50311529493741
0.27402179979505
-0.41995664689209
-0.88013504262599
-0.62746310371214
0.00000000000004
0.29526172438556
0.08319725672426
-0.10782654016826
0.18622502283895
0.69247879586442
0.72972249795026
0.11257732535178
-0.56542164566815
-0.65477715691698
-0.24016402838509
0.02805219694180
-0.17764371551544
-0.43634752157984
-0.17685320478349
0.50311529493754
0.89778083623597
0.57282822231795
-0.08461246130022
-0.36608227223151
-0.13390021561478
0.06208169635202
-0.22070931507693
-0.68117880140661
-0.65246498311708
-0.00000000000006
