0.60125489551122
0.81273742466945
0.54794241079302
0.07190136880800
-0.24016402838502
-0.21985641499247
-0.02386888294579
0.04193985418301
-0.17219470992755
-0.50311529493745
-0.61084870934028
-0.29033100414517
0.31815691513717
0.81273742466945
0.84541268915258
0.40313091435304
-0.18511791722333
-0.52018401407146
-0.45002240350602
-0.16347206880121
0.01061540929214
-0.08691382459909
-0.30426254850330
-0.33011881360373
-0.00000000000000
0.52018401407146
0.84512174011242
0.68799376414382
0.11229930021360
-0.50311529493745
-0.76094632736311
-0.55393971205209
-0.12580600663376
0.15961082020460
0.13390021561469
-0.05113310463767
-0.09243312850233
0.15961082020460
0.53853557927544
0.69247879586443
0.39791849656240
-0.21985641499247
-0.75952017057533
-0.85628420140243
-0.47134844515287
0.08691382459908
0.42502770128728
0.38244520205388
0.13439639211832
0.00000000000000
0.13439639211832
0.38244520205388
0.42502770128728
0.08691382459909
-0.47134844515287
-0.85628420140243
-0.75952017057533
-0.21985641499247
0.39791849656239
0.69247879586443
0.53853557927544
0.15961082020461
-0.09243312850232
-0.05113310463767
0.13390021561469
0.15961082020460
-0.12580600663375
-0.55393971205209
-0.76094632736311
-0.50311529493745
0.11229930021360
0.68799376414381
0.84512174011242
0.52018401407146
-0.00000000000000
-0.33011881360372
-0.30426254850331
-0.08691382459909
0.01061540929214
-0.16347206880121
-0.45002240350602
-0.52018401407146
-0.18511791722332
0.40313091435304
0.84541268915258
0.81273742466945
0.31815691513718
-0.29033100414516
-0.61084870934028
-0.50311529493745
-0.17219470992755
0.04193985418301
-0.02386888294579
-0.21985641499247
-0.24016402838502
0.07190136880799
0.54794241079302
0.81273742466945
0.60125489551122
0.00000000000001
-0.60125489551122
-0.81273742466945
-0.54794241079303
-0.07190136880799
0.24016402838501
0.21985641499247
0.02386888294579
-0.04193985418301
0.17219470992755
0.50311529493746
0.61084870934027
0.29033100414517
-0.31815691513717
-0.81273742466945
-0.84541268915258
-0.40313091435304
0.18511791722332
0.52018401407146
0.45002240350602
0.16347206880121
-0.01061540929214
0.08691382459909
0.30426254850331
0.33011881360373
0.00000000000000
-0.52018401407146
-0.84512174011242
-0.68799376414382
-0.11229930021361
0.50311529493745
0.76094632736311
0.55393971205209
0.12580600663376
-0.15961082020460
-0.13390021561470
0.05113310463767
0.09243312850233
-0.15961082020461
-0.53853557927544
-0.69247879586443
-0.39791849656240
0.21985641499247
0.75952017057533
0.85628420140243
0.47134844515287
-0.08691382459908
-0.42502770128728
-0.38244520205388
-0.13439639211832
0.00000000000000
-0.13439639211831
-0.38244520205388
-0.42502770128728
-0.08691382459910
0.47134844515286
0.85628420140242
0.75952017057533
0.21985641499247
-0.39791849656239
-0.69247879586443
-0.53853557927546
-0.15961082020461
0.09243312850232
0.05113310463766
-0.13390021561469
-0.15961082020460
0.12580600663376
0.55393971205209
0.76094632736311
0.50311529493745
-0.11229930021361
-0.68799376414381
-0.84512174011242
-0.52018401407147
-0.00000000000001
0.33011881360372
0.30426254850330
0.08691382459909
-0.01061540929214
0.16347206880120
0.45002240350602
0.52018401407146
0.18511791722332
-0.40313091435303
-0.84541268915258
-0.81273742466946
-0.31815691513716
0.29033100414517
0.61084870934028
0.50311529493745
0.17219470992754
-0.04193985418301
0.02386888294579
0.21985641499247
0.24016402838502
-0.07190136880798
-0.54794241079302
-0.81273742466945
-0.60125489551122
-0.00000000000001
0.60125489551122
0.81273742466946
0.54794241079302
0.07190136880801
-0.24016402838501
-0.21985641499248
-0.02386888294580
0.04193985418301
-0.17219470992754
-0.50311529493747
-0.61084870934027
-0.29033100414516
0.31815691513717
0.81273742466945
0.84541268915258
0.40313091435304
-0.18511791722332
-0.52018401407145
-0.45002240350603
-0.16347206880120
0.01061540929214
-0.08691382459908
-0.30426254850330
-0.33011881360373
-0.00000000000001
0.52018401407146
0.84512174011241
0.68799376414383
0.11229930021363
-0.50311529493746
-0.76094632736311
-0.55393971205209
-0.12580600663376
0.15961082020460
0.13390021561470
-0.05113310463767
-0.09243312850232
0.15961082020460
0.53853557927543
0.69247879586444
0.39791849656240
-0.21985641499247
-0.75952017057532
-0.85628420140243
-0.47134844515288
0.08691382459907
0.42502770128728
0.38244520205388
0.13439639211833
0.00000000000000
0.13439639211832
0.38244520205388
0.42502770128729
0.08691382459909
-0.47134844515287
-0.85628420140243
-0.75952017057533
-0.21985641499249
0.39791849656239
0.69247879586443
0.53853557927545
0.15961082020461
-0.09243312850232
-0.05113310463767
0.13390021561469
0.15961082020461
-0.12580600663376
-0.55393971205208
-0.76094632736311
-0.50311529493746
0.11229930021359
0.68799376414382
0.84512174011241
0.52018401407146
0.00000000000001
-0.33011881360372
-0.30426254850332
-0.08691382459909
0.01061540929214
-0.16347206880121
-0.45002240350604
-0.52018401407146
-0.18511791722332
0.40313091435303
0.84541268915257
0.81273742466945
0.31815691513718
-0.29033100414516
-0.61084870934028
-0.50311529493745
-0.17219470992756
0.04193985418301
-0.02386888294579
-0.21985641499247
-0.24016402838501
0.07190136880799
0.54794241079302
0.81273742466944
0.60125489551121
-0.00000000000000
-0.60125489551120
-0.81273742466945
-0.54794241079303
-0.07190136880800
0.24016402838503
0.21985641499246
0.02386888294579
-0.04193985418302
0.17219470992756
0.50311529493744
0.61084870934028
0.29033100414519
-0.31815691513717
-0.81273742466945
-0.84541268915257
-0.40313091435303
0.18511791722332
0.52018401407146
0.45002240350601
0.16347206880121
-0.01061540929214
0.08691382459907
0.30426254850332
0.33011881360373
0.00000000000001
-0.52018401407145
-0.84512174011241
-0.68799376414383
-0.11229930021361
0.50311529493743
0.76094632736311
0.55393971205209
0.12580600663375
-0.15961082020460
-0.13390021561470
0.05113310463766
0.09243312850233
-0.15961082020460
-0.53853557927543
-0.69247879586444
-0.39791849656241
0.21985641499248
0.75952017057532
0.85628420140243
0.47134844515287
-0.08691382459908
-0.42502770128728
-0.38244520205388
-0.13439639211831
0.00000000000000
-0.13439639211831
-0.38244520205385
-0.42502770128728
-0.08691382459907
0.47134844515284
0.85628420140243
0.75952017057534
0.21985641499246
-0.39791849656238
-0.69247879586443
-0.53853557927545
-0.15961082020461
0.09243312850233
0.05113310463768
-0.13390021561469
-0.15961082020461
0.12580600663377
0.55393971205209
0.76094632736311
0.50311529493747
-0.11229930021358
-0.68799376414380
-0.84512174011241
-0.52018401407145
-0.00000000000002
0.33011881360373
0.30426254850331
0.08691382459909
-0.01061540929214
0.16347206880121
0.45002240350601
0.52018401407146
0.18511791722337
-0.40313091435303
-0.84541268915257
-0.81273742466946
-0.31815691513714
0.29033100414514
0.61084870934028
0.50311529493746
0.17219470992754
-0.04193985418301
0.02386888294578
0.21985641499247
0.24016402838503
-0.07190136880800
-0.54794241079300
-0.81273742466945
-0.60125489551122
-0.00000000000002
0.60125489551121
0.81273742466946
0.54794241079303
0.07190136880802
-0.24016402838500
-0.21985641499247
-0.02386888294579
0.04193985418302
-0.17219470992754
-0.50311529493745
-0.61084870934027
-0.29033100414519
0.31815691513717
0.81273742466944
0.84541268915258
0.40313091435303
-0.18511791722332
-0.52018401407147
-0.45002240350603
-0.16347206880118
0.01061540929214
-0.08691382459909
-0.30426254850330
-0.33011881360373
-0.00000000000004
0.52018401407145
0.84512174011242
0.68799376414383
0.11229930021360
-0.50311529493743
-0.76094632736311
-0.55393971205209
-0.12580600663377
0.15961082020460
0.13390021561469
-0.05113310463768
-0.09243312850232
0.15961082020461
0.53853557927545
0.69247879586444
0.39791849656240
-0.21985641499247
-0.75952017057531
-0.85628420140243
-0.47134844515290
0.08691382459909
0.42502770128728
0.38244520205386
0.13439639211831
0.00000000000000
0.13439639211831
0.38244520205387
0.42502770128729
0.08691382459911
-0.47134844515287
-0.85628420140242
-0.75952017057532
-0.21985641499253
0.39791849656239
0.69247879586442
0.53853557927547
0.15961082020460
-0.09243312850232
-0.05113310463767
0.13390021561467
0.15961082020460
-0.12580600663375
-0.55393971205209
-0.76094632736310
-0.50311529493748
0.11229930021361
0.68799376414382
0.84512174011241
0.52018401407147
0.00000000000001
-0.33011881360371
-0.30426254850331
-0.08691382459910
0.01061540929214
-0.16347206880119
-0.45002240350604
-0.52018401407146
-0.18511791722333
0.40313091435304
0.84541268915257
0.81273742466946
0.31815691513720
-0.29033100414517
-0.61084870934027
-0.50311529493746
-0.17219470992756
0.04193985418300
-0.02386888294580
-0.21985641499246
-0.24016402838500
0.07190136880797
0.54794241079303
0.81273742466944
0.60125489551124
0.00000000000001
-0.60125489551120
-0.81273742466945
-0.54794241079305
-0.07190136880800
0.24016402838502
0.21985641499245
0.02386888294579
-0.04193985418302
0.17219470992754
0.50311529493745
0.61084870934028
0.29033100414518
-0.31815691513717
-0.81273742466946
-0.84541268915258
-0.40313091435306
0.18511791722331
0.52018401407146
0.45002240350603
0.16347206880122
-0.01061540929214
0.08691382459909
0.30426254850329
0.33011881360371
-0.00000000000000
-0.52018401407145
-0.84512174011242
-0.68799376414381
-0.11229930021361
0.50311529493747
0.76094632736310
0.55393971205208
0.12580600663379
-0.15961082020459
-0.13390021561469
0.05113310463767
0.09243312850233
-0.15961082020459
-0.53853557927543
-0.69247879586443
-0.39791849656239
0.21985641499245
0.75952017057532
0.85628420140243
0.47134844515287
-0.08691382459908
-0.42502770128728
-0.38244520205386
-0.13439639211835
0.00000000000000
-0.13439639211830
-0.38244520205390
-0.42502770128727
-0.08691382459910
0.47134844515291
0.85628420140243
0.75952017057534
0.21985641499253
-0.39791849656240
-0.69247879586442
-0.53853557927544
-0.15961082020461
0.09243312850233
0.05113310463769
-0.13390021561471
-0.15961082020461
0.12580600663373
0.55393971205206
0.76094632736312
0.50311529493745
-0.11229930021356
-0.68799376414382
-0.84512174011242
-0.52018401407147
-0.00000000000004
0.33011881360371
0.30426254850329
0.08691382459912
-0.01061540929214
0.16347206880121
0.45002240350605
0.52018401407146
0.18511791722332
-0.40313091435301
-0.84541268915257
-0.81273742466947
-0.31815691513720
0.29033100414515
0.61084870934028
0.50311529493742
0.17219470992755
-0.04193985418301
0.02386888294579
0.21985641499247
0.24016402838502
-0.07190136880796
-0.54794241079303
-0.81273742466945
-0.60125489551123
0.00000000000001
0.60125489551123
0.81273742466945
0.54794241079305
0.07190136880802
-0.24016402838501
-0.21985641499246
-0.02386888294579
0.04193985418302
-0.17219470992754
-0.50311529493744
-0.61084870934030
-0.29033100414518
0.31815691513712
0.81273742466946
0.84541268915259
0.40313091435309
-0.18511791722329
-0.52018401407145
-0.45002240350600
-0.16347206880123
0.01061540929214
-0.08691382459908
-0.30426254850330
-0.33011881360371
0.00000000000000
0.52018401407145
0.84512174011242
0.68799376414383
0.11229930021359
-0.50311529493747
-0.76094632736312
-0.55393971205208
-0.12580600663378
0.15961082020462
0.13390021561471
-0.05113310463765
-0.09243312850234
0.15961082020463
0.53853557927544
0.69247879586443
0.39791849656240
-0.21985641499245
-0.75952017057533
-0.85628420140245
-0.47134844515287
0.08691382459907
0.42502770128726
0.38244520205390
0.13439639211830
0.00000000000000
0.13439639211830
0.38244520205387
0.42502770128727
0.08691382459910
-0.47134844515286
-0.85628420140243
-0.75952017057534
-0.21985641499248
0.39791849656239
0.69247879586443
0.53853557927544
0.15961082020464
-0.09243312850231
-0.05113310463766
0.13390021561465
0.15961082020461
-0.12580600663373
-0.55393971205212
-0.76094632736309
-0.50311529493747
0.11229930021356
0.68799376414381
0.84512174011242
0.52018401407147
-0.00000000000001
-0.33011881360372
-0.30426254850328
-0.08691382459912
0.01061540929214
-0.16347206880122
-0.45002240350601
-0.52018401407147
-0.18511791722333
0.40313091435306
0.84541268915257
0.81273742466946
0.31815691513715
-0.29033100414515
-0.61084870934029
-0.50311529493746
-0.17219470992755
0.04193985418301
-0.02386888294577
-0.21985641499247
-0.24016402838501
0.07190136880795
0.54794241079309
0.81273742466946
0.60125489551123
0.00000000000004
-0.60125489551123
-0.81273742466946
-0.54794241079304
-0.07190136880806
0.24016402838502
0.21985641499248
0.02386888294582
-0.04193985418301
0.17219470992754
0.50311529493741
0.61084870934030
0.29033100414516
-0.31815691513717
-0.81273742466943
-0.84541268915257
-0.40313091435302
0.18511791722329
0.52018401407145
0.45002240350601
0.16347206880122
-0.01061540929214
0.08691382459909
0.30426254850328
0.33011881360373
0.00000000000000
-0.52018401407151
-0.84512174011242
-0.68799376414384
-0.11229930021364
0.50311529493747
0.76094632736311
0.55393971205208
0.12580600663379
-0.15961082020461
-0.13390021561472
0.05113310463768
0.09243312850233
-0.15961082020459
-0.53853557927543
-0.69247879586446
-0.39791849656240
0.21985641499242
0.75952017057532
0.85628420140245
0.47134844515285
-0.08691382459909
-0.42502770128726
-0.38244520205387
-0.13439639211835
0.00000000000000
-0.13439639211831
-0.38244520205385
-0.42502770128730
-0.08691382459910
0.47134844515279
0.85628420140243
0.75952017057534
0.21985641499254
-0.39791849656241
-0.69247879586441
-0.53853557927543
-0.15961082020464
0.09243312850234
0.05113310463765
-0.13390021561468
-0.15961082020462
0.12580600663377
0.55393971205207
0.76094632736310
0.50311529493748
-0.11229930021358
-0.68799376414381
-0.84512174011243
-0.52018401407141
-0.00000000000001
0.33011881360370
0.30426254850332
0.08691382459908
-0.01061540929214
0.16347206880119
0.45002240350604
0.52018401407146
0.18511791722336
-0.40313091435296
-0.84541268915259
-0.81273742466946
-0.31815691513725
0.29033100414515
0.61084870934029
0.50311529493744
0.17219470992755
-0.04193985418302
0.02386888294580
0.21985641499244
0.24016402838503
-0.07190136880801
-0.54794241079299
-0.81273742466946
-0.60125489551126
-0.00000000000005
0.60125489551119
0.81273742466946
0.54794241079299
0.07190136880801
-0.24016402838500
-0.21985641499244
-0.02386888294579
0.04193985418301
-0.17219470992755
-0.50311529493743
-0.61084870934028
-0.29033100414516
0.31815691513712
0.81273742466946
0.84541268915259
0.40313091435309
-0.18511791722329
-0.52018401407147
-0.45002240350600
-0.16347206880121
0.01061540929214
-0.08691382459907
-0.30426254850331
-0.33011881360372
-0.00000000000000
0.52018401407146
0.84512174011242
0.68799376414385
0.11229930021362
-0.50311529493744
-0.76094632736311
-0.55393971205208
-0.12580600663374
0.15961082020461
0.13390021561469
-0.05113310463764
-0.09243312850233
0.15961082020460
0.53853557927540
0.69247879586446
0.39791849656240
-0.21985641499242
-0.75952017057533
-0.85628420140243
-0.47134844515292
0.08691382459903
0.42502770128727
0.38244520205386
0.13439639211833
0.00000000000000
0.13439639211834
0.38244520205386
0.42502770128728
0.08691382459905
-0.47134844515286
-0.85628420140243
-0.75952017057537
-0.21985641499246
0.39791849656241
0.69247879586442
0.53853557927548
0.15961082020459
-0.09243312850232
-0.05113310463765
0.13390021561471
0.15961082020462
-0.12580600663374
-0.55393971205208
-0.76094632736310
-0.50311529493748
0.11229930021358
0.68799376414379
0.84512174011242
0.52018401407151
0.00000000000001
-0.33011881360374
-0.30426254850329
-0.08691382459908
0.01061540929215
-0.16347206880122
-0.45002240350600
-0.52018401407146
-0.18511791722336
0.40313091435303
0.84541268915259
0.81273742466947
0.31815691513718
-0.29033100414517
-0.61084870934027
-0.50311529493748
-0.17219470992755
0.04193985418301
-0.02386888294581
-0.21985641499245
-0.24016402838501
0.07190136880800
0.54794241079299
0.81273742466945
0.60125489551119
0.00000000000005
-0.60125489551116
-0.81273742466946
-0.54794241079304
-0.07190136880801
0.24016402838501
0.21985641499242
0.02386888294578
-0.04193985418301
0.17219470992755
0.50311529493747
0.61084870934028
0.29033100414522
-0.31815691513719
-0.81273742466946
-0.84541268915259
-0.40313091435314
0.18511791722334
0.52018401407147
0.45002240350607
0.16347206880117
-0.01061540929214
0.08691382459904
0.30426254850327
0.33011881360371
0.00000000000000
-0.52018401407141
-0.84512174011241
-0.68799376414380
-0.11229930021365
0.50311529493737
0.76094632736310
0.55393971205212
0.12580600663378
-0.15961082020460
-0.13390021561471
0.05113310463767
0.09243312850233
-0.15961082020456
-0.53853557927543
-0.69247879586443
-0.39791849656241
0.21985641499249
0.75952017057530
0.85628420140243
0.47134844515292
-0.08691382459909
-0.42502770128728
-0.38244520205390
-0.13439639211833
0.00000000000000
-0.13439639211831
-0.38244520205389
-0.42502770128727
-0.08691382459909
0.47134844515286
0.85628420140241
0.75952017057533
0.21985641499247
-0.39791849656235
-0.69247879586442
-0.53853557927548
-0.15961082020460
0.09243312850230
0.05113310463768
-0.13390021561469
-0.15961082020460
0.12580600663370
0.55393971205208
0.76094632736311
0.50311529493749
-0.11229930021360
-0.68799376414380
-0.84512174011241
-0.52018401407151
0.00000000000002
0.33011881360373
0.30426254850333
0.08691382459910
-0.01061540929214
0.16347206880119
0.45002240350599
0.52018401407146
0.18511791722333
-0.40313091435299
-0.84541268915254
-0.81273742466943
-0.31815691513718
0.29033100414511
0.61084870934030
0.50311529493748
0.17219470992755
-0.04193985418299
0.02386888294582
0.21985641499253
0.24016402838502
-0.07190136880792
-0.54794241079304
-0.81273742466945
-0.60125489551122
-0.00000000000003
