0.64205821864546
0.72237388835937
0.29734588805420
-0.06916446131682
-0.00000000000000
0.25858506159872
0.17919463852117
-0.35077221850577
-0.83533679622316
-0.72811529493745
-0.08055209215721
0.49842921793185
0.52874569417730
0.17727736090916
-0.00000000000000
0.23482051002492
0.50800181967944
0.31001641445616
-0.33993908038897
-0.85595086466564
-0.73675288226808
-0.13643520113535
0.32423195444692
0.27756649793229
-0.00000000000000
0.01746300385817
0.41799731696947
0.71521837127762
0.43571443996215
-0.27811529493745
-0.78555286540509
-0.65881841617368
-0.14758817188556
0.14902162712097
0.00000000000000
-0.21429151776780
-0.01661650285449
0.53077320715509
0.85215212443023
0.52900672706323
-0.18671989609433
-0.63805229679580
-0.49773225614121
-0.10238106854362
-0.00000000000000
-0.26937779152874
-0.43753118761456
-0.09125704432214
0.56605046293742
0.90000000000000
0.56605046293743
-0.09125704432214
-0.43753118761456
-0.26937779152874
0.00000000000000
-0.10238106854362
-0.49773225614121
-0.63805229679580
-0.18671989609433
0.52900672706322
0.85215212443023
0.53077320715510
-0.01661650285449
-0.21429151776780
-0.00000000000000
0.14902162712097
-0.14758817188556
-0.65881841617368
-0.78555286540509
-0.27811529493746
0.43571443996215
0.71521837127762
0.41799731696947
0.01746300385817
0.00000000000000
0.27756649793229
0.32423195444693
-0.13643520113535
-0.73675288226808
-0.85595086466564
-0.33993908038898
0.31001641445615
0.50800181967944
0.23482051002492
-0.00000000000000
0.17727736090916
0.52874569417730
0.49842921793185
-0.08055209215721
-0.72811529493745
-0.83533679622316
-0.35077221850578
0.17919463852116
0.25858506159872
0.00000000000000
-0.06916446131682
0.29734588805419
0.72237388835937
0.64205821864546
0.00000000000000
-0.64205821864546
-0.72237388835938
-0.29734588805420
0.06916446131682
-0.00000000000000
-0.25858506159872
-0.17919463852117
0.35077221850577
0.83533679622316
0.72811529493745
0.08055209215720
-0.49842921793184
-0.52874569417729
-0.17727736090916
0.00000000000000
-0.23482051002491
-0.50800181967944
-0.31001641445616
0.33993908038897
0.85595086466564
0.73675288226808
0.13643520113536
-0.32423195444692
-0.27756649793230
0.00000000000000
-0.01746300385817
-0.41799731696946
-0.71521837127762
-0.43571443996216
0.27811529493744
0.78555286540509
0.65881841617369
0.14758817188557
-0.14902162712097
-0.00000000000001
0.21429151776780
0.01661650285450
-0.53077320715509
-0.85215212443023
-0.52900672706324
0.18671989609432
0.63805229679580
0.49773225614120
0.10238106854362
-0.00000000000001
0.26937779152873
0.43753118761456
0.09125704432214
-0.56605046293742
-0.90000000000000
-0.56605046293743
0.09125704432213
0.43753118761456
0.26937779152873
0.00000000000000
0.10238106854361
0.49773225614120
0.63805229679580
0.18671989609433
-0.52900672706322
-0.85215212443023
-0.53077320715509
0.01661650285449
0.21429151776780
0.00000000000001
-0.14902162712098
0.14758817188557
0.65881841617369
0.78555286540509
0.27811529493745
-0.43571443996215
-0.71521837127762
-0.41799731696948
-0.01746300385818
0.00000000000000
-0.27756649793228
-0.32423195444692
0.13643520113536
0.73675288226809
0.85595086466564
0.33993908038898
-0.31001641445616
-0.50800181967944
-0.23482051002492
-0.00000000000000
-0.17727736090915
-0.52874569417730
-0.49842921793185
0.08055209215720
0.72811529493744
0.83533679622316
0.35077221850577
-0.17919463852116
-0.25858506159872
0.00000000000001
0.06916446131682
-0.29734588805419
-0.72237388835937
-0.64205821864546
-0.00000000000001
0.64205821864546
0.72237388835938
0.29734588805420
-0.06916446131681
-0.00000000000001
0.25858506159872
0.17919463852117
-0.35077221850578
-0.83533679622316
-0.72811529493746
-0.08055209215720
0.49842921793185
0.52874569417730
0.17727736090917
-0.00000000000000
0.23482051002491
0.50800181967943
0.31001641445618
-0.33993908038898
-0.85595086466564
-0.73675288226809
-0.13643520113534
0.32423195444693
0.27756649793229
0.00000000000000
0.01746300385818
0.41799731696945
0.71521837127763
0.43571443996218
-0.27811529493744
-0.78555286540510
-0.65881841617370
-0.14758817188556
0.14902162712097
0.00000000000000
-0.21429151776781
-0.01661650285450
0.53077320715509
0.85215212443023
0.52900672706324
-0.18671989609434
-0.63805229679580
-0.49773225614121
-0.10238106854362
0.00000000000000
-0.26937779152873
-0.43753118761457
-0.09125704432217
0.56605046293741
0.90000000000000
0.56605046293742
-0.09125704432214
-0.43753118761455
-0.26937779152875
0.00000000000000
-0.10238106854360
-0.49773225614121
-0.63805229679580
-0.18671989609435
0.52900672706321
0.85215212443023
0.53077320715509
-0.01661650285450
-0.21429151776781
-0.00000000000000
0.14902162712098
-0.14758817188556
-0.65881841617368
-0.78555286540510
-0.27811529493747
0.43571443996214
0.71521837127762
0.41799731696945
0.01746300385818
0.00000000000000
0.27756649793229
0.32423195444692
-0.13643520113534
-0.73675288226809
-0.85595086466565
-0.33993908038899
0.31001641445614
0.50800181967943
0.23482051002492
0.00000000000000
0.17727736090917
0.52874569417732
0.49842921793186
-0.08055209215721
-0.72811529493744
-0.83533679622316
-0.35077221850578
0.17919463852116
0.25858506159871
0.00000000000000
-0.06916446131682
0.29734588805421
0.72237388835936
0.64205821864545
0.00000000000001
-0.64205821864545
-0.72237388835938
-0.29734588805421
0.06916446131681
0.00000000000001
-0.25858506159872
-0.17919463852117
0.35077221850577
0.83533679622315
0.72811529493745
0.08055209215722
-0.49842921793185
-0.52874569417729
-0.17727736090918
0.00000000000000
-0.23482051002494
-0.50800181967943
-0.31001641445616
0.33993908038895
0.85595086466564
0.73675288226809
0.13643520113537
-0.32423195444692
-0.27756649793229
-0.00000000000001
-0.01746300385816
-0.41799731696945
-0.71521837127762
-0.43571443996216
0.27811529493741
0.78555286540509
0.65881841617365
0.14758817188558
-0.14902162712097
-0.00000000000003
0.21429151776781
0.01661650285451
-0.53077320715509
-0.85215212443023
-0.52900672706322
0.18671989609431
0.63805229679579
0.49773225614121
0.10238106854362
0.00000000000000
0.26937779152873
0.43753118761456
0.09125704432218
-0.56605046293742
-0.90000000000000
-0.56605046293744
0.09125704432211
0.43753118761456
0.26937779152875
0.00000000000001
0.10238106854362
0.49773225614118
0.63805229679580
0.18671989609437
-0.52900672706323
-0.85215212443023
-0.53077320715509
0.01661650285451
0.21429151776781
-0.00000000000000
-0.14902162712098
0.14758817188556
0.65881841617368
0.78555286540509
0.27811529493749
-0.43571443996215
-0.71521837127763
-0.41799731696948
-0.01746300385817
0.00000000000000
-0.27756649793229
-0.32423195444693
0.13643520113534
0.73675288226807
0.85595086466565
0.33993908038901
-0.31001641445616
-0.50800181967945
-0.23482051002491
0.00000000000001
-0.17727736090916
-0.52874569417731
-0.49842921793187
0.08055209215722
0.72811529493744
0.83533679622316
0.35077221850578
-0.17919463852116
-0.25858506159873
0.00000000000001
0.06916446131681
-0.29734588805419
-0.72237388835938
-0.64205821864547
-0.00000000000001
0.64205821864544
0.72237388835938
0.29734588805422
-0.06916446131681
-0.00000000000001
0.25858506159871
0.17919463852116
-0.35077221850575
-0.83533679622316
-0.72811529493748
-0.08055209215719
0.49842921793184
0.52874569417730
0.17727736090916
0.00000000000000
0.23482051002493
0.50800181967943
0.31001641445616
-0.33993908038897
-0.85595086466563
-0.73675288226809
-0.13643520113534
0.32423195444691
0.27756649793229
0.00000000000001
0.01746300385817
0.41799731696947
0.71521837127762
0.43571443996213
-0.27811529493741
-0.78555286540510
-0.65881841617370
-0.14758817188557
0.14902162712098
-0.00000000000003
-0.21429151776780
-0.01661650285449
0.53077320715509
0.85215212443023
0.52900672706322
-0.18671989609434
-0.63805229679580
-0.49773225614120
-0.10238106854361
-0.00000000000000
-0.26937779152874
-0.43753118761456
-0.09125704432215
0.56605046293744
0.90000000000000
0.56605046293742
-0.09125704432216
-0.43753118761455
-0.26937779152877
0.00000000000002
-0.10238106854362
-0.49773225614118
-0.63805229679581
-0.18671989609432
0.52900672706321
0.85215212443024
0.53077320715507
-0.01661650285448
-0.21429151776783
-0.00000000000000
0.14902162712097
-0.14758817188554
-0.65881841617368
-0.78555286540510
-0.27811529493748
0.43571443996219
0.71521837127761
0.41799731696948
0.01746300385819
0.00000000000003
0.27756649793230
0.32423195444692
-0.13643520113533
-0.73675288226809
-0.85595086466565
-0.33993908038899
0.31001641445617
0.50800181967945
0.23482051002492
0.00000000000000
0.17727736090916
0.52874569417727
0.49842921793185
-0.08055209215715
-0.72811529493743
-0.83533679622314
-0.35077221850582
0.17919463852117
0.25858506159870
-0.00000000000001
-0.06916446131683
0.29734588805421
0.72237388835937
0.64205821864546
-0.00000000000002
-0.64205821864544
-0.72237388835937
-0.29734588805422
0.06916446131681
0.00000000000003
-0.25858506159873
-0.17919463852117
0.35077221850575
0.83533679622314
0.72811529493744
0.08055209215723
-0.49842921793183
-0.52874569417727
-0.17727736090917
0.00000000000001
-0.23482051002487
-0.50800181967945
-0.31001641445617
0.33993908038898
0.85595086466562
0.73675288226809
0.13643520113541
-0.32423195444693
-0.27756649793230
-0.00000000000003
-0.01746300385818
-0.41799731696948
-0.71521837127760
-0.43571443996217
0.27811529493748
0.78555286540507
0.65881841617372
0.14758817188559
-0.14902162712097
-0.00000000000006
0.21429151776781
0.01661650285450
-0.53077320715506
-0.85215212443023
-0.52900672706326
0.18671989609430
0.63805229679578
0.49773225614123
0.10238106854362
0.00000000000000
0.26937779152879
0.43753118761457
0.09125704432216
-0.56605046293742
-0.90000000000000
-0.56605046293745
0.09125704432213
0.43753118761457
0.26937779152875
0.00000000000000
0.10238106854360
0.49773225614121
0.63805229679580
0.18671989609434
-0.52900672706318
-0.85215212443022
-0.53077320715510
0.01661650285448
0.21429151776782
-0.00000000000001
-0.14902162712098
0.14758817188551
0.65881841617369
0.78555286540510
0.27811529493743
-0.43571443996211
-0.71521837127761
-0.41799731696950
-0.01746300385816
-0.00000000000000
-0.27756649793228
-0.32423195444694
0.13643520113536
0.73675288226807
0.85595086466565
0.33993908038896
-0.31001641445615
-0.50800181967946
-0.23482051002494
-0.00000000000000
-0.17727736090914
-0.52874569417730
-0.49842921793185
0.08055209215719
0.72811529493746
0.83533679622318
0.35077221850578
-0.17919463852116
-0.25858506159870
-0.00000000000004
0.06916446131682
-0.29734588805419
-0.72237388835938
-0.64205821864546
-0.00000000000001
0.64205821864546
0.72237388835937
0.29734588805419
-0.06916446131681
0.00000000000000
0.25858506159872
0.17919463852119
-0.35077221850572
-0.83533679622315
-0.72811529493744
-0.08055209215726
0.49842921793183
0.52874569417729
0.17727736090919
-0.00000000000001
0.23482051002495
0.50800181967944
0.31001641445619
-0.33993908038900
-0.85595086466564
-0.73675288226807
-0.13643520113538
0.32423195444692
0.27756649793232
0.00000000000001
0.01746300385817
0.41799731696945
0.71521837127762
0.43571443996213
-0.27811529493745
-0.78555286540508
-0.65881841617366
-0.14758817188556
0.14902162712099
0.00000000000000
-0.21429151776781
-0.01661650285452
0.53077320715504
0.85215212443023
0.52900672706324
-0.18671989609434
-0.63805229679578
-0.49773225614122
-0.10238106854364
-0.00000000000002
-0.26937779152871
-0.43753118761457
-0.09125704432215
0.56605046293744
0.90000000000000
0.56605046293748
-0.09125704432211
-0.43753118761458
-0.26937779152878
-0.00000000000001
-0.10238106854359
-0.49773225614118
-0.63805229679580
-0.18671989609437
0.52900672706316
0.85215212443022
0.53077320715512
-0.01661650285444
-0.21429151776777
0.00000000000002
0.14902162712097
-0.14758817188549
-0.65881841617372
-0.78555286540509
-0.27811529493753
0.43571443996209
0.71521837127761
0.41799731696947
0.01746300385819
0.00000000000001
0.27756649793229
0.32423195444695
-0.13643520113533
-0.73675288226809
-0.85595086466563
-0.33993908038900
0.31001641445613
0.50800181967946
0.23482051002491
0.00000000000000
0.17727736090916
0.52874569417732
0.49842921793186
-0.08055209215716
-0.72811529493747
-0.83533679622316
-0.35077221850581
0.17919463852114
0.25858506159872
0.00000000000003
-0.06916446131684
0.29734588805421
0.72237388835936
0.64205821864547
0.00000000000004
-0.64205821864545
-0.72237388835940
-0.29734588805422
0.06916446131680
0.00000000000004
-0.25858506159872
-0.17919463852120
0.35077221850575
0.83533679622316
0.72811529493748
0.08055209215729
-0.49842921793185
-0.52874569417730
-0.17727736090921
0.00000000000000
-0.23482051002496
-0.50800181967943
-0.31001641445621
0.33993908038904
0.85595086466564
0.73675288226809
0.13643520113540
-0.32423195444694
-0.27756649793229
0.00000000000001
-0.01746300385819
-0.41799731696947
-0.71521837127761
-0.43571443996215
0.27811529493747
0.78555286540508
0.65881841617368
0.14758817188559
-0.14902162712098
0.00000000000000
0.21429151776782
0.01661650285449
-0.53077320715511
-0.85215212443022
-0.52900672706329
0.18671989609431
0.63805229679580
0.49773225614122
0.10238106854365
-0.00000000000000
0.26937779152872
0.43753118761456
0.09125704432212
-0.56605046293742
-0.90000000000000
-0.56605046293746
0.09125704432214
0.43753118761456
0.26937779152875
0.00000000000001
0.10238106854360
0.49773225614116
0.63805229679580
0.18671989609428
-0.52900672706317
-0.85215212443023
-0.53077320715515
0.01661650285451
0.21429151776781
0.00000000000003
-0.14902162712098
0.14758817188560
0.65881841617370
0.78555286540510
0.27811529493742
-0.43571443996216
-0.71521837127762
-0.41799731696955
-0.01746300385816
-0.00000000000001
-0.27756649793229
-0.32423195444695
0.13643520113537
0.73675288226807
0.85595086466565
0.33993908038896
-0.31001641445616
-0.50800181967942
-0.23482051002493
0.00000000000000
-0.17727736090914
-0.52874569417730
-0.49842921793187
0.08055209215720
0.72811529493744
0.83533679622317
0.35077221850578
-0.17919463852116
-0.25858506159873
-0.00000000000003
0.06916446131681
-0.29734588805419
-0.72237388835935
-0.64205821864549
-0.00000000000002
0.64205821864543
0.72237388835941
0.29734588805419
-0.06916446131682
-0.00000000000003
0.25858506159873
0.17919463852117
-0.35077221850573
-0.83533679622315
-0.72811529493751
-0.08055209215725
0.49842921793184
0.52874569417732
0.17727736090915
0.00000000000001
0.23482051002490
0.50800181967942
0.31001641445615
-0.33993908038901
-0.85595086466561
-0.73675288226815
-0.13643520113532
0.32423195444691
0.27756649793231
-0.00000000000003
0.01746300385818
0.41799731696945
0.71521837127763
0.43571443996212
-0.27811529493742
-0.78555286540508
-0.65881841617366
-0.14758817188557
0.14902162712098
-0.00000000000001
-0.21429151776780
-0.01661650285451
0.53077320715509
0.85215212443023
0.52900672706325
-0.18671989609433
-0.63805229679580
-0.49773225614121
-0.10238106854361
0.00000000000000
-0.26937779152872
-0.43753118761455
-0.09125704432214
0.56605046293738
0.90000000000000
0.56605046293742
-0.09125704432212
-0.43753118761456
-0.26937779152874
-0.00000000000000
-0.10238106854359
-0.49773225614119
-0.63805229679579
-0.18671989609435
0.52900672706315
0.85215212443023
0.53077320715507
-0.01661650285445
-0.21429151776782
0.00000000000003
0.14902162712099
-0.14758817188553
-0.65881841617363
-0.78555286540508
-0.27811529493745
0.43571443996213
0.71521837127763
0.41799731696943
0.01746300385817
-0.00000000000000
0.27756649793227
0.32423195444693
-0.13643520113534
-0.73675288226804
-0.85595086466563
-0.33993908038893
0.31001641445617
0.50800181967943
0.23482051002497
-0.00000000000001
0.17727736090917
0.52874569417727
0.49842921793183
-0.08055209215720
-0.72811529493742
-0.83533679622314
-0.35077221850576
0.17919463852115
0.25858506159875
-0.00000000000002
-0.06916446131683
0.29734588805416
0.72237388835939
0.64205821864544
0.00000000000006
-0.64205821864542
-0.72237388835937
-0.29734588805422
0.06916446131682
-0.00000000000004
-0.25858506159873
-0.17919463852119
0.35077221850570
0.83533679622316
0.72811529493742
0.08055209215718
-0.49842921793182
-0.52874569417732
-0.17727736090921
0.00000000000001
-0.23482051002483
-0.50800181967948
-0.31001641445615
0.33993908038896
0.85595086466562
0.73675288226813
0.13643520113544
-0.32423195444691
-0.27756649793226
0.00000000000002
-0.01746300385816
-0.41799731696943
-0.71521837127758
-0.43571443996223
0.27811529493739
0.78555286540510
0.65881841617368
0.14758817188559
-0.14902162712098
0.00000000000001
0.21429151776781
0.01661650285453
-0.53077320715501
-0.85215212443022
-0.52900672706328
0.18671989609426
0.63805229679580
0.49773225614113
0.10238106854359
-0.00000000000003
0.26937779152873
0.43753118761455
0.09125704432220
-0.56605046293740
-0.90000000000000
-0.56605046293740
0.09125704432211
0.43753118761457
0.26937779152881
-0.00000000000001
0.10238106854360
0.49773225614125
0.63805229679580
0.18671989609436
-0.52900672706316
-0.85215212443024
-0.53077320715510
0.01661650285445
0.21429151776777
0.00000000000002
-0.14902162712097
0.14758817188551
0.65881841617369
0.78555286540510
0.27811529493752
-0.43571443996217
-0.71521837127761
-0.41799731696949
-0.01746300385820
0.00000000000002
-0.27756649793226
-0.32423195444694
0.13643520113525
0.73675288226807
0.85595086466566
0.33993908038895
-0.31001641445620
-0.50800181967944
-0.23482051002496
-0.00000000000001
-0.17727736090913
-0.52874569417734
-0.49842921793187
0.08055209215719
0.72811529493750
0.83533679622315
0.35077221850591
-0.17919463852114
-0.25858506159866
0.00000000000001
0.06916446131683
-0.29734588805423
-0.72237388835939
-0.64205821864546
0.00000000000004
