0.62512377845701
0.83679883729943
0.53732700150088
-0.00000000000000
-0.37406424399971
-0.38320136240857
-0.15826527506411
0.00000000000000
-0.07976158142522
-0.27811529493745
-0.30658616083697
-0.00000000000000
0.49035162506472
0.78867601203948
0.60524866076756
-0.00000000000000
-0.63514032072935
-0.87172484501577
-0.57582841013978
-0.00000000000000
0.43564311057942
0.48224411548110
0.23427303077214
0.00000000000000
-0.00000000000000
0.16864318312715
0.23427303077214
-0.00000000000000
-0.43564311057942
-0.72811529493745
-0.57582841013978
0.00000000000000
0.63514032072935
0.89290323118303
0.60524866076756
0.00000000000000
-0.49035162506472
-0.57368159077382
-0.30658616083697
-0.00000000000000
0.07976158142522
-0.05651146757638
-0.15826527506411
-0.00000000000000
0.37406424399971
0.65607176467927
0.53732700150088
0.00000000000000
-0.62512377845701
-0.90000000000000
-0.62512377845701
0.00000000000000
0.53732700150088
0.65607176467927
0.37406424399971
-0.00000000000000
-0.15826527506411
-0.05651146757638
0.07976158142522
0.00000000000000
-0.30658616083697
-0.57368159077382
-0.49035162506472
0.00000000000000
0.60524866076756
0.89290323118303
0.63514032072935
-0.00000000000000
-0.57582841013978
-0.72811529493745
-0.43564311057943
-0.00000000000000
0.23427303077214
0.16864318312715
-0.00000000000000
-0.00000000000000
0.23427303077214
0.48224411548109
0.43564311057942
0.00000000000000
-0.57582841013978
-0.87172484501577
-0.63514032072935
0.00000000000000
0.60524866076756
0.78867601203948
0.49035162506472
0.00000000000001
-0.30658616083697
-0.27811529493746
-0.07976158142523
0.00000000000000
-0.15826527506411
-0.38320136240856
-0.37406424399971
-0.00000000000000
0.53732700150087
0.83679883729942
0.62512377845701
0.00000000000000
-0.62512377845701
-0.83679883729943
-0.53732700150089
0.00000000000000
0.37406424399971
0.38320136240856
0.15826527506411
0.00000000000000
0.07976158142523
0.27811529493746
0.30658616083697
-0.00000000000000
-0.49035162506472
-0.78867601203948
-0.60524866076756
0.00000000000000
0.63514032072935
0.87172484501577
0.57582841013979
0.00000000000001
-0.43564311057942
-0.48224411548109
-0.23427303077214
-0.00000000000000
0.00000000000000
-0.16864318312715
-0.23427303077214
0.00000000000000
0.43564311057942
0.72811529493745
0.57582841013978
0.00000000000000
-0.63514032072935
-0.89290323118303
-0.60524866076757
0.00000000000000
0.49035162506472
0.57368159077382
0.30658616083697
0.00000000000000
-0.07976158142523
0.05651146757637
0.15826527506412
0.00000000000000
-0.37406424399971
-0.65607176467927
-0.53732700150088
-0.00000000000000
0.62512377845700
0.90000000000000
0.62512377845702
0.00000000000000
-0.53732700150088
-0.65607176467928
-0.37406424399971
-0.00000000000001
0.15826527506410
0.05651146757637
-0.07976158142522
-0.00000000000000
0.30658616083696
0.57368159077382
0.49035162506472
0.00000000000001
-0.60524866076755
-0.89290323118303
-0.63514032072934
0.00000000000000
0.57582841013978
0.72811529493745
0.43564311057942
0.00000000000000
-0.23427303077214
-0.16864318312715
0.00000000000000
0.00000000000000
-0.23427303077215
-0.48224411548110
-0.43564311057942
-0.00000000000000
0.57582841013978
0.87172484501577
0.63514032072935
0.00000000000001
-0.60524866076756
-0.78867601203948
-0.49035162506471
-0.00000000000000
0.30658616083697
0.27811529493745
0.07976158142522
-0.00000000000000
0.15826527506410
0.38320136240856
0.37406424399971
0.00000000000002
-0.53732700150088
-0.83679883729943
-0.62512377845701
-0.00000000000001
0.62512377845701
0.83679883729943
0.53732700150088
0.00000000000001
-0.37406424399971
-0.38320136240857
-0.15826527506411
0.00000000000000
-0.07976158142522
-0.27811529493746
-0.30658616083697
0.00000000000000
0.49035162506471
0.78867601203948
0.60524866076757
-0.00000000000000
-0.63514032072935
-0.87172484501576
-0.57582841013978
0.00000000000000
0.43564311057943
0.48224411548110
0.23427303077214
-0.00000000000000
-0.00000000000000
0.16864318312715
0.23427303077214
0.00000000000001
-0.43564311057940
-0.72811529493745
-0.57582841013978
0.00000000000000
0.63514032072934
0.89290323118303
0.60524866076758
0.00000000000001
-0.49035162506471
-0.57368159077382
-0.30658616083698
-0.00000000000001
0.07976158142522
-0.05651146757638
-0.15826527506411
-0.00000000000000
0.37406424399970
0.65607176467927
0.53732700150089
0.00000000000001
-0.62512377845699
-0.90000000000000
-0.62512377845700
0.00000000000000
0.53732700150089
0.65607176467928
0.37406424399971
-0.00000000000000
-0.15826527506411
-0.05651146757639
0.07976158142523
0.00000000000001
-0.30658616083696
-0.57368159077382
-0.49035162506473
-0.00000000000000
0.60524866076756
0.89290323118303
0.63514032072935
0.00000000000002
-0.57582841013978
-0.72811529493745
-0.43564311057943
0.00000000000000
0.23427303077214
0.16864318312714
0.00000000000001
0.00000000000000
0.23427303077213
0.48224411548109
0.43564311057943
0.00000000000000
-0.57582841013978
-0.87172484501576
-0.63514032072934
-0.00000000000001
0.60524866076757
0.78867601203947
0.49035162506472
0.00000000000001
-0.30658616083697
-0.27811529493745
-0.07976158142523
0.00000000000000
-0.15826527506410
-0.38320136240856
-0.37406424399972
-0.00000000000000
0.53732700150088
0.83679883729942
0.62512377845701
-0.00000000000000
-0.62512377845700
-0.83679883729943
-0.53732700150089
-0.00000000000001
0.37406424399971
0.38320136240856
0.15826527506411
0.00000000000000
0.07976158142523
0.27811529493744
0.30658616083697
0.00000000000002
-0.49035162506471
-0.78867601203948
-0.60524866076756
0.00000000000000
0.63514032072934
0.87172484501577
0.57582841013977
0.00000000000001
-0.43564311057941
-0.48224411548112
-0.23427303077213
-0.00000000000001
0.00000000000001
-0.16864318312715
-0.23427303077214
-0.00000000000001
0.43564311057942
0.72811529493744
0.57582841013979
-0.00000000000001
-0.63514032072936
-0.89290323118303
-0.60524866076757
0.00000000000000
0.49035162506471
0.57368159077382
0.30658616083699
0.00000000000000
-0.07976158142522
0.05651146757640
0.15826527506410
0.00000000000001
-0.37406424399970
-0.65607176467927
-0.53732700150088
-0.00000000000004
0.62512377845702
0.90000000000000
0.62512377845703
0.00000000000004
-0.53732700150087
-0.65607176467925
-0.37406424399973
0.00000000000000
0.15826527506411
0.05651146757638
-0.07976158142521
-0.00000000000000
0.30658616083697
0.57368159077382
0.49035162506470
0.00000000000002
-0.60524866076757
-0.89290323118303
-0.63514032072934
-0.00000000000002
0.57582841013978
0.72811529493745
0.43564311057945
0.00000000000002
-0.23427303077214
-0.16864318312715
-0.00000000000000
0.00000000000000
-0.23427303077214
-0.48224411548110
-0.43564311057943
-0.00000000000000
0.57582841013976
0.87172484501577
0.63514032072938
0.00000000000001
-0.60524866076757
-0.78867601203948
-0.49035162506469
-0.00000000000002
0.30658616083697
0.27811529493746
0.07976158142521
-0.00000000000000
0.15826527506410
0.38320136240856
0.37406424399972
0.00000000000000
-0.53732700150086
-0.83679883729943
-0.62512377845702
-0.00000000000001
0.62512377845699
0.83679883729943
0.53732700150089
0.00000000000002
-0.37406424399970
-0.38320136240856
-0.15826527506410
-0.00000000000000
-0.07976158142521
-0.27811529493745
-0.30658616083696
-0.00000000000003
0.49035162506472
0.78867601203947
0.60524866076756
-0.00000000000001
-0.63514032072934
-0.87172484501577
-0.57582841013979
0.00000000000002
0.43564311057942
0.48224411548109
0.23427303077215
-0.00000000000000
-0.00000000000001
0.16864318312716
0.23427303077214
0.00000000000001
-0.43564311057942
-0.72811529493744
-0.57582841013978
0.00000000000000
0.63514032072935
0.89290323118303
0.60524866076757
0.00000000000003
-0.49035162506470
-0.57368159077383
-0.30658616083696
0.00000000000000
0.07976158142522
-0.05651146757636
-0.15826527506412
-0.00000000000000
0.37406424399969
0.65607176467928
0.53732700150090
-0.00000000000001
-0.62512377845702
-0.90000000000000
-0.62512377845702
0.00000000000000
0.53732700150089
0.65607176467929
0.37406424399970
0.00000000000001
-0.15826527506411
-0.05651146757642
0.07976158142522
-0.00000000000001
-0.30658616083695
-0.57368159077382
-0.49035162506472
0.00000000000000
0.60524866076752
0.89290323118303
0.63514032072937
0.00000000000001
-0.57582841013976
-0.72811529493746
-0.43564311057942
-0.00000000000001
0.23427303077213
0.16864318312716
0.00000000000001
-0.00000000000001
0.23427303077214
0.48224411548108
0.43564311057941
0.00000000000003
-0.57582841013979
-0.87172484501577
-0.63514032072936
-0.00000000000002
0.60524866076756
0.78867601203948
0.49035162506474
0.00000000000000
-0.30658616083699
-0.27811529493747
-0.07976158142523
0.00000000000000
-0.15826527506413
-0.38320136240856
-0.37406424399971
-0.00000000000002
0.53732700150088
0.83679883729942
0.62512377845704
0.00000000000001
-0.62512377845700
-0.83679883729942
-0.53732700150091
0.00000000000000
0.37406424399970
0.38320136240857
0.15826527506411
0.00000000000000
0.07976158142523
0.27811529493745
0.30658616083697
-0.00000000000001
-0.49035162506472
-0.78867601203948
-0.60524866076757
0.00000000000000
0.63514032072935
0.87172484501576
0.57582841013979
0.00000000000005
-0.43564311057941
-0.48224411548110
-0.23427303077215
-0.00000000000000
-0.00000000000000
-0.16864318312716
-0.23427303077214
-0.00000000000000
0.43564311057942
0.72811529493746
0.57582841013981
-0.00000000000001
-0.63514032072932
-0.89290323118303
-0.60524866076754
-0.00000000000004
0.49035162506472
0.57368159077383
0.30658616083699
0.00000000000001
-0.07976158142520
0.05651146757638
0.15826527506409
-0.00000000000000
-0.37406424399971
-0.65607176467927
-0.53732700150092
0.00000000000000
0.62512377845697
0.90000000000000
0.62512377845705
-0.00000000000002
-0.53732700150086
-0.65607176467929
-0.37406424399968
-0.00000000000001
0.15826527506411
0.05651146757643
-0.07976158142521
-0.00000000000000
0.30658616083697
0.57368159077383
0.49035162506473
0.00000000000003
-0.60524866076757
-0.89290323118303
-0.63514032072938
-0.00000000000002
0.57582841013979
0.72811529493748
0.43564311057944
-0.00000000000001
-0.23427303077213
-0.16864318312714
-0.00000000000004
0.00000000000000
-0.23427303077214
-0.48224411548107
-0.43564311057942
0.00000000000000
0.57582841013980
0.87172484501576
0.63514032072934
0.00000000000006
-0.60524866076754
-0.78867601203948
-0.49035162506474
-0.00000000000001
0.30658616083697
0.27811529493740
0.07976158142523
-0.00000000000000
0.15826527506411
0.38320136240857
0.37406424399971
0.00000000000003
-0.53732700150089
-0.83679883729943
-0.62512377845704
0.00000000000000
0.62512377845701
0.83679883729944
0.53732700150090
0.00000000000002
-0.37406424399969
-0.38320136240858
-0.15826527506412
-0.00000000000000
-0.07976158142523
-0.27811529493745
-0.30658616083700
-0.00000000000000
0.49035162506467
0.78867601203948
0.60524866076760
0.00000000000004
-0.63514032072932
-0.87172484501577
-0.57582841013976
-0.00000000000002
0.43564311057942
0.48224411548110
0.23427303077216
0.00000000000001
-0.00000000000000
0.16864318312718
0.23427303077215
0.00000000000001
-0.43564311057943
-0.72811529493746
-0.57582841013980
0.00000000000000
0.63514032072931
0.89290323118303
0.60524866076759
0.00000000000003
-0.49035162506470
-0.57368159077378
-0.30658616083698
-0.00000000000001
0.07976158142524
-0.05651146757640
-0.15826527506410
-0.00000000000002
0.37406424399971
0.65607176467929
0.53732700150087
0.00000000000006
-0.62512377845702
-0.90000000000000
-0.62512377845703
-0.00000000000004
0.53732700150091
0.65607176467928
0.37406424399972
0.00000000000001
-0.15826527506411
-0.05651146757638
0.07976158142525
0.00000000000002
-0.30658616083697
-0.57368159077379
-0.49035162506475
0.00000000000002
0.60524866076752
0.89290323118303
0.63514032072939
-0.00000000000004
-0.57582841013976
-0.72811529493745
-0.43564311057944
0.00000000000000
0.23427303077214
0.16864318312714
0.00000000000001
-0.00000000000000
0.23427303077214
0.48224411548107
0.43564311057941
0.00000000000001
-0.57582841013975
-0.87172484501577
-0.63514032072936
0.00000000000000
0.60524866076753
0.78867601203949
0.49035162506469
0.00000000000002
-0.30658616083697
-0.27811529493746
-0.07976158142522
0.00000000000000
-0.15826527506407
-0.38320136240857
-0.37406424399971
-0.00000000000006
0.53732700150094
0.83679883729943
0.62512377845703
0.00000000000006
-0.62512377845704
-0.83679883729943
-0.53732700150090
-0.00000000000007
0.37406424399972
0.38320136240856
0.15826527506414
-0.00000000000000
0.07976158142522
0.27811529493741
0.30658616083701
-0.00000000000001
-0.49035162506473
-0.78867601203946
-0.60524866076754
0.00000000000003
0.63514032072931
0.87172484501577
0.57582841013976
0.00000000000001
-0.43564311057940
-0.48224411548109
-0.23427303077215
-0.00000000000000
-0.00000000000001
-0.16864318312717
-0.23427303077214
-0.00000000000003
0.43564311057938
0.72811529493746
0.57582841013979
-0.00000000000001
-0.63514032072931
-0.89290323118303
-0.60524866076758
-0.00000000000004
0.49035162506474
0.57368159077382
0.30658616083698
0.00000000000001
-0.07976158142522
0.05651146757634
0.15826527506412
0.00000000000004
-0.37406424399972
-0.65607176467928
-0.53732700150090
0.00000000000003
0.62512377845699
0.90000000000000
0.62512377845704
0.00000000000001
-0.53732700150090
-0.65607176467927
-0.37406424399977
-0.00000000000001
0.15826527506412
0.05651146757642
-0.07976158142520
-0.00000000000000
0.30658616083699
0.57368159077380
0.49035162506472
-0.00000000000001
-0.60524866076752
-0.89290323118302
-0.63514032072934
-0.00000000000002
0.57582841013975
0.72811529493747
0.43564311057944
0.00000000000000
-0.23427303077214
-0.16864318312713
0.00000000000001
0.00000000000001
-0.23427303077211
-0.48224411548111
-0.43564311057943
-0.00000000000004
0.57582841013980
0.87172484501577
0.63514032072937
0.00000000000008
-0.60524866076758
-0.78867601203949
-0.49035162506479
-0.00000000000001
0.30658616083699
0.27811529493744
0.07976158142521
-0.00000000000000
0.15826527506411
0.38320136240854
0.37406424399972
-0.00000000000001
-0.53732700150084
-0.83679883729945
-0.62512377845704
-0.00000000000002
0.62512377845700
0.83679883729942
0.53732700150084
0.00000000000002
-0.37406424399971
-0.38320136240855
-0.15826527506412
-0.00000000000000
-0.07976158142522
-0.27811529493743
-0.30658616083695
0.00000000000000
0.49035162506468
0.78867601203948
0.60524866076758
0.00000000000003
-0.63514032072930
-0.87172484501578
-0.57582841013976
-0.00000000000002
0.43564311057939
0.48224411548111
0.23427303077214
0.00000000000002
0.00000000000000
0.16864318312717
0.23427303077216
0.00000000000003
-0.43564311057938
-0.72811529493747
-0.57582841013981
0.00000000000003
0.63514032072937
0.89290323118303
0.60524866076760
0.00000000000001
-0.49035162506472
-0.57368159077383
-0.30658616083702
0.00000000000002
0.07976158142521
-0.05651146757633
-0.15826527506409
-0.00000000000000
0.37406424399967
0.65607176467928
0.53732700150088
-0.00000000000001
-0.62512377845698
-0.90000000000000
-0.62512377845699
-0.00000000000004
0.53732700150086
0.65607176467925
0.37406424399972
0.00000000000001
-0.15826527506413
-0.05651146757640
0.07976158142523
0.00000000000001
-0.30658616083694
-0.57368159077383
-0.49035162506476
0.00000000000000
0.60524866076758
0.89290323118302
0.63514032072937
0.00000000000001
-0.57582841013978
-0.72811529493746
-0.43564311057943
-0.00000000000004
0.23427303077215
0.16864318312718
-0.00000000000000
0.00000000000000
0.23427303077215
0.48224411548114
0.43564311057944
-0.00000000000001
-0.57582841013974
-0.87172484501576
-0.63514032072936
0.00000000000000
0.60524866076757
0.78867601203947
0.49035162506473
0.00000000000000
-0.30658616083695
-0.27811529493745
-0.07976158142523
0.00000000000000
-0.15826527506411
-0.38320136240855
-0.37406424399966
0.00000000000002
0.53732700150084
0.83679883729943
0.62512377845702
0.00000000000003
-0.62512377845694
-0.83679883729942
-0.53732700150091
0.00000000000001
0.37406424399970
0.38320136240853
0.15826527506410
0.00000000000000
0.07976158142522
0.27811529493747
0.30658616083700
0.00000000000004
-0.49035162506473
-0.78867601203948
-0.60524866076759
-0.00000000000007
0.63514032072939
0.87172484501577
0.57582841013986
-0.00000000000006
-0.43564311057942
-0.48224411548112
-0.23427303077217
0.00000000000000
0.00000000000002
-0.16864318312711
-0.23427303077215
0.00000000000000
0.43564311057939
0.72811529493742
0.57582841013978
0.00000000000006
-0.63514032072932
-0.89290323118303
-0.60524866076759
-0.00000000000002
0.49035162506473
0.57368159077385
0.30658616083698
0.00000000000002
-0.07976158142521
0.05651146757637
0.15826527506410
0.00000000000002
-0.37406424399967
-0.65607176467929
-0.53732700150088
-0.00000000000005
0.62512377845699
0.90000000000000
0.62512377845703
0.00000000000005
-0.53732700150086
-0.65607176467928
-0.37406424399971
-0.00000000000003
0.15826527506407
0.05651146757641
-0.07976158142520
-0.00000000000002
0.30658616083694
0.57368159077383
0.49035162506475
0.00000000000003
-0.60524866076757
-0.89290323118303
-0.63514032072940
-0.00000000000004
0.57582841013977
0.72811529493747
0.43564311057943
0.00000000000000
-0.23427303077211
-0.16864318312719
-0.00000000000000
0.00000000000000
-0.23427303077212
-0.48224411548105
-0.43564311057938
-0.00000000000002
0.57582841013975
0.87172484501576
0.63514032072932
0.00000000000003
-0.60524866076749
-0.78867601203945
-0.49035162506473
-0.00000000000006
0.30658616083697
0.27811529493746
0.07976158142523
-0.00000000000000
0.15826527506411
0.38320136240859
0.37406424399970
0.00000000000008
-0.53732700150090
-0.83679883729943
-0.62512377845700
-0.00000000000002
