0.64027143218523
0.81273742466945
0.45329738445759
-0.07190136880800
-0.33055742661666
-0.21985641499247
-0.01514765372822
-0.04193985418301
-0.31322101457573
-0.50311529493745
-0.28744358384014
0.29033100414517
0.80357263964045
0.81273742466945
0.27469123415090
-0.40313091435304
-0.72098668542504
-0.52018401407146
-0.08584636469570
0.16347206880121
0.08402961704329
-0.08691382459909
-0.01914257699683
0.33011881360373
0.63639610306789
0.52018401407146
-0.05317055306800
-0.68799376414382
-0.88894049503702
-0.50311529493745
0.14515827528526
0.55393971205210
0.48998204544409
0.15961082020460
-0.04350681738305
0.05113310463767
0.23345943315051
0.15961082020461
-0.25341560776897
-0.69247879586443
-0.72381105821523
-0.21985641499247
0.48200615712113
0.85628420140243
0.64875547815061
0.08691382459909
-0.35161349353614
-0.38244520205388
-0.14311762133589
0.00000000000000
-0.14311762133588
-0.38244520205388
-0.35161349353614
0.08691382459908
0.64875547815061
0.85628420140243
0.48200615712113
-0.21985641499247
-0.72381105821522
-0.69247879586443
-0.25341560776897
0.15961082020460
0.23345943315051
0.05113310463767
-0.04350681738305
0.15961082020460
0.48998204544409
0.55393971205209
0.14515827528526
-0.50311529493745
-0.88894049503702
-0.68799376414382
-0.05317055306800
0.52018401407146
0.63639610306789
0.33011881360373
-0.01914257699683
-0.08691382459909
0.08402961704329
0.16347206880121
-0.08584636469569
-0.52018401407146
-0.72098668542505
-0.40313091435304
0.27469123415090
0.81273742466945
0.80357263964045
0.29033100414517
-0.28744358384014
-0.50311529493745
-0.31322101457573
-0.04193985418302
-0.01514765372822
-0.21985641499248
-0.33055742661666
-0.07190136880800
0.45329738445759
0.81273742466945
0.64027143218523
-0.00000000000000
-0.64027143218523
-0.81273742466945
-0.45329738445760
0.07190136880800
0.33055742661666
0.21985641499248
0.01514765372822
0.04193985418301
0.31322101457572
0.50311529493745
0.28744358384014
-0.29033100414517
-0.80357263964044
-0.81273742466946
-0.27469123415090
0.40313091435304
0.72098668542504
0.52018401407146
0.08584636469570
-0.16347206880120
-0.08402961704328
0.08691382459909
0.01914257699683
-0.33011881360373
-0.63639610306789
-0.52018401407146
0.05317055306799
0.68799376414381
0.88894049503702
0.50311529493747
-0.14515827528526
-0.55393971205209
-0.48998204544409
-0.15961082020461
0.04350681738304
-0.05113310463767
-0.23345943315052
-0.15961082020461
0.25341560776898
0.69247879586443
0.72381105821522
0.21985641499247
-0.48200615712113
-0.85628420140243
-0.64875547815060
-0.08691382459909
0.35161349353613
0.38244520205388
0.14311762133589
0.00000000000000
0.14311762133588
0.38244520205387
0.35161349353614
-0.08691382459908
-0.64875547815061
-0.85628420140243
-0.48200615712113
0.21985641499247
0.72381105821522
0.69247879586443
0.25341560776897
-0.15961082020460
-0.23345943315050
-0.05113310463767
0.04350681738305
-0.15961082020461
-0.48998204544409
-0.55393971205209
-0.14515827528526
0.50311529493745
0.88894049503701
0.68799376414382
0.05317055306801
-0.52018401407145
-0.63639610306790
-0.33011881360373
0.01914257699683
0.08691382459909
-0.08402961704328
-0.16347206880120
0.08584636469569
0.52018401407146
0.72098668542504
0.40313091435305
-0.27469123415088
-0.81273742466944
-0.80357263964044
-0.29033100414516
0.28744358384014
0.50311529493745
0.31322101457573
0.04193985418301
0.01514765372822
0.21985641499248
0.33055742661666
0.07190136880800
-0.45329738445758
-0.81273742466945
-0.64027143218523
0.00000000000000
0.64027143218523
0.81273742466945
0.45329738445759
-0.07190136880799
-0.33055742661666
-0.21985641499248
-0.01514765372822
-0.04193985418301
-0.31322101457573
-0.50311529493745
-0.28744358384014
0.29033100414516
0.80357263964044
0.81273742466946
0.27469123415091
-0.40313091435303
-0.72098668542505
-0.52018401407148
-0.08584636469569
0.16347206880121
0.08402961704329
-0.08691382459908
-0.01914257699683
0.33011881360372
0.63639610306789
0.52018401407146
-0.05317055306799
-0.68799376414380
-0.88894049503702
-0.50311529493745
0.14515827528526
0.55393971205209
0.48998204544409
0.15961082020460
-0.04350681738304
0.05113310463767
0.23345943315050
0.15961082020461
-0.25341560776896
-0.69247879586443
-0.72381105821523
-0.21985641499247
0.48200615712113
0.85628420140243
0.64875547815061
0.08691382459909
-0.35161349353613
-0.38244520205388
-0.14311762133589
0.00000000000000
-0.14311762133588
-0.38244520205387
-0.35161349353613
0.08691382459907
0.64875547815060
0.85628420140243
0.48200615712115
-0.21985641499245
-0.72381105821522
-0.69247879586444
-0.25341560776900
0.15961082020460
0.23345943315050
0.05113310463767
-0.04350681738305
0.15961082020461
0.48998204544409
0.55393971205210
0.14515827528528
-0.50311529493745
-0.88894049503701
-0.68799376414381
-0.05317055306800
0.52018401407146
0.63639610306789
0.33011881360373
-0.01914257699683
-0.08691382459908
0.08402961704329
0.16347206880120
-0.08584636469568
-0.52018401407146
-0.72098668542504
-0.40313091435303
0.27469123415091
0.81273742466946
0.80357263964044
0.29033100414517
-0.28744358384013
-0.50311529493744
-0.31322101457572
-0.04193985418301
-0.01514765372822
-0.21985641499248
-0.33055742661667
-0.07190136880800
0.45329738445757
0.81273742466945
0.64027143218524
0.00000000000003
-0.64027143218523
-0.81273742466945
-0.45329738445761
0.07190136880798
0.33055742661666
0.21985641499246
0.01514765372822
0.04193985418301
0.31322101457573
0.50311529493745
0.28744358384015
-0.29033100414515
-0.80357263964045
-0.81273742466946
-0.27469123415089
0.40313091435304
0.72098668542504
0.52018401407145
0.08584636469570
-0.16347206880121
-0.08402961704327
0.08691382459909
0.01914257699684
-0.33011881360371
-0.63639610306790
-0.52018401407147
0.05317055306798
0.68799376414380
0.88894049503702
0.50311529493747
-0.14515827528525
-0.55393971205210
-0.48998204544410
-0.15961082020460
0.04350681738305
-0.05113310463767
-0.23345943315050
-0.15961082020461
0.25341560776894
0.69247879586444
0.72381105821524
0.21985641499249
-0.48200615712113
-0.85628420140243
-0.64875547815059
-0.08691382459910
0.35161349353614
0.38244520205387
0.14311762133588
0.00000000000000
0.14311762133589
0.38244520205388
0.35161349353614
-0.08691382459908
-0.64875547815060
-0.85628420140243
-0.48200615712113
0.21985641499247
0.72381105821522
0.69247879586444
0.25341560776899
-0.15961082020460
-0.23345943315050
-0.05113310463767
0.04350681738305
-0.15961082020458
-0.48998204544410
-0.55393971205210
-0.14515827528527
0.50311529493741
0.88894049503702
0.68799376414385
0.05317055306801
-0.52018401407147
-0.63639610306788
-0.33011881360371
0.01914257699682
0.08691382459908
-0.08402961704329
-0.16347206880121
0.08584636469568
0.52018401407145
0.72098668542504
0.40313091435304
-0.27469123415090
-0.81273742466945
-0.80357263964044
-0.29033100414518
0.28744358384013
0.50311529493746
0.31322101457573
0.04193985418302
0.01514765372821
0.21985641499245
0.33055742661667
0.07190136880799
-0.45329738445757
-0.81273742466946
-0.64027143218526
0.00000000000000
0.64027143218520
0.81273742466944
0.45329738445762
-0.07190136880799
-0.33055742661667
-0.21985641499247
-0.01514765372821
-0.04193985418301
-0.31322101457573
-0.50311529493745
-0.28744358384013
0.29033100414514
0.80357263964044
0.81273742466946
0.27469123415090
-0.40313091435304
-0.72098668542505
-0.52018401407146
-0.08584636469570
0.16347206880122
0.08402961704331
-0.08691382459909
-0.01914257699685
0.33011881360371
0.63639610306789
0.52018401407148
-0.05317055306801
-0.68799376414379
-0.88894049503702
-0.50311529493747
0.14515827528526
0.55393971205209
0.48998204544409
0.15961082020463
-0.04350681738305
0.05113310463765
0.23345943315052
0.15961082020459
-0.25341560776895
-0.69247879586443
-0.72381105821523
-0.21985641499245
0.48200615712109
0.85628420140243
0.64875547815063
0.08691382459909
-0.35161349353612
-0.38244520205389
-0.14311762133588
0.00000000000000
-0.14311762133588
-0.38244520205385
-0.35161349353613
0.08691382459908
0.64875547815059
0.85628420140243
0.48200615712113
-0.21985641499246
-0.72381105821522
-0.69247879586444
-0.25341560776897
0.15961082020461
0.23345943315051
0.05113310463765
-0.04350681738305
0.15961082020460
0.48998204544409
0.55393971205210
0.14515827528528
-0.50311529493743
-0.88894049503702
-0.68799376414383
-0.05317055306799
0.52018401407144
0.63639610306790
0.33011881360373
-0.01914257699683
-0.08691382459910
0.08402961704326
0.16347206880121
-0.08584636469569
-0.52018401407147
-0.72098668542504
-0.40313091435304
0.27469123415089
0.81273742466945
0.80357263964046
0.29033100414516
-0.28744358384014
-0.50311529493746
-0.31322101457574
-0.04193985418301
-0.01514765372823
-0.21985641499251
-0.33055742661666
-0.07190136880800
0.45329738445758
0.81273742466945
0.64027143218526
0.00000000000003
-0.64027143218523
-0.81273742466946
-0.45329738445760
0.07190136880799
0.33055742661667
0.21985641499252
0.01514765372821
0.04193985418299
0.31322101457574
0.50311529493745
0.28744358384016
-0.29033100414515
-0.80357263964046
-0.81273742466947
-0.27469123415091
0.40313091435302
0.72098668542506
0.52018401407148
0.08584636469572
-0.16347206880119
-0.08402961704327
0.08691382459906
0.01914257699684
-0.33011881360370
-0.63639610306788
-0.52018401407147
0.05317055306795
0.68799376414381
0.88894049503702
0.50311529493748
-0.14515827528522
-0.55393971205209
-0.48998204544413
-0.15961082020461
0.04350681738305
-0.05113310463766
-0.23345943315052
-0.15961082020461
0.25341560776898
0.69247879586443
0.72381105821522
0.21985641499250
-0.48200615712112
-0.85628420140244
-0.64875547815061
-0.08691382459909
0.35161349353611
0.38244520205384
0.14311762133590
0.00000000000000
0.14311762133586
0.38244520205388
0.35161349353615
-0.08691382459908
-0.64875547815063
-0.85628420140243
-0.48200615712113
0.21985641499246
0.72381105821523
0.69247879586445
0.25341560776895
-0.15961082020459
-0.23345943315048
-0.05113310463767
0.04350681738305
-0.15961082020463
-0.48998204544412
-0.55393971205209
-0.14515827528525
0.50311529493747
0.88894049503701
0.68799376414380
0.05317055306804
-0.52018401407144
-0.63639610306788
-0.33011881360372
0.01914257699684
0.08691382459908
-0.08402961704327
-0.16347206880122
0.08584636469567
0.52018401407147
0.72098668542504
0.40313091435308
-0.27469123415087
-0.81273742466943
-0.80357263964047
-0.29033100414516
0.28744358384011
0.50311529493745
0.31322101457575
0.04193985418302
0.01514765372820
0.21985641499244
0.33055742661665
0.07190136880800
-0.45329738445753
-0.81273742466944
-0.64027143218523
-0.00000000000006
0.64027143218522
0.81273742466945
0.45329738445761
-0.07190136880798
-0.33055742661666
-0.21985641499251
-0.01514765372822
-0.04193985418299
-0.31322101457573
-0.50311529493747
-0.28744358384017
0.29033100414518
0.80357263964042
0.81273742466945
0.27469123415093
-0.40313091435303
-0.72098668542505
-0.52018401407145
-0.08584636469569
0.16347206880121
0.08402961704329
-0.08691382459908
-0.01914257699682
0.33011881360369
0.63639610306790
0.52018401407149
-0.05317055306798
-0.68799376414380
-0.88894049503701
-0.50311529493744
0.14515827528526
0.55393971205208
0.48998204544408
0.15961082020458
-0.04350681738305
0.05113310463770
0.23345943315053
0.15961082020462
-0.25341560776897
-0.69247879586442
-0.72381105821522
-0.21985641499247
0.48200615712110
0.85628420140243
0.64875547815061
0.08691382459910
-0.35161349353614
-0.38244520205388
-0.14311762133591
0.00000000000000
-0.14311762133584
-0.38244520205389
-0.35161349353611
0.08691382459906
0.64875547815058
0.85628420140244
0.48200615712112
-0.21985641499246
-0.72381105821519
-0.69247879586445
-0.25341560776895
0.15961082020460
0.23345943315051
0.05113310463764
-0.04350681738305
0.15961082020459
0.48998204544403
0.55393971205208
0.14515827528527
-0.50311529493739
-0.88894049503700
-0.68799376414378
-0.05317055306803
0.52018401407144
0.63639610306789
0.33011881360373
-0.01914257699683
-0.08691382459912
0.08402961704330
0.16347206880123
-0.08584636469567
-0.52018401407142
-0.72098668542503
-0.40313091435307
0.27469123415085
0.81273742466946
0.80357263964044
0.29033100414518
-0.28744358384009
-0.50311529493743
-0.31322101457575
-0.04193985418303
-0.01514765372821
-0.21985641499248
-0.33055742661666
-0.07190136880803
0.45329738445757
0.81273742466946
0.64027143218523
0.00000000000008
-0.64027143218524
-0.81273742466945
-0.45329738445761
0.07190136880796
0.33055742661670
0.21985641499246
0.01514765372820
0.04193985418301
0.31322101457571
0.50311529493745
0.28744358384019
-0.29033100414518
-0.80357263964041
-0.81273742466946
-0.27469123415085
0.40313091435303
0.72098668542504
0.52018401407150
0.08584636469570
-0.16347206880122
-0.08402961704328
0.08691382459909
0.01914257699683
-0.33011881360369
-0.63639610306791
-0.52018401407142
0.05317055306798
0.68799376414380
0.88894049503702
0.50311529493744
-0.14515827528527
-0.55393971205210
-0.48998204544408
-0.15961082020458
0.04350681738305
-0.05113310463766
-0.23345943315049
-0.15961082020461
0.25341560776896
0.69247879586438
0.72381105821522
0.21985641499247
-0.48200615712108
-0.85628420140242
-0.64875547815062
-0.08691382459910
0.35161349353613
0.38244520205387
0.14311762133588
0.00000000000000
0.14311762133584
0.38244520205390
0.35161349353613
-0.08691382459904
-0.64875547815057
-0.85628420140243
-0.48200615712112
0.21985641499244
0.72381105821525
0.69247879586441
0.25341560776902
-0.15961082020459
-0.23345943315047
-0.05113310463768
0.04350681738306
-0.15961082020458
-0.48998204544411
-0.55393971205209
-0.14515827528529
0.50311529493745
0.88894049503702
0.68799376414383
0.05317055306805
-0.52018401407148
-0.63639610306789
-0.33011881360373
0.01914257699682
0.08691382459910
-0.08402961704331
-0.16347206880120
0.08584636469570
0.52018401407145
0.72098668542504
0.40313091435307
-0.27469123415093
-0.81273742466944
-0.80357263964045
-0.29033100414523
0.28744358384015
0.50311529493745
0.31322101457575
0.04193985418301
0.01514765372823
0.21985641499243
0.33055742661668
0.07190136880798
-0.45329738445756
-0.81273742466945
-0.64027143218527
0.00000000000000
0.64027143218523
0.81273742466947
0.45329738445757
-0.07190136880799
-0.33055742661668
-0.21985641499250
-0.01514765372824
-0.04193985418301
-0.31322101457570
-0.50311529493743
-0.28744358384011
0.29033100414516
0.80357263964041
0.81273742466944
0.27469123415092
-0.40313091435301
-0.72098668542503
-0.52018401407146
-0.08584636469571
0.16347206880121
0.08402961704332
-0.08691382459909
-0.01914257699685
0.33011881360369
0.63639610306793
0.52018401407147
-0.05317055306796
-0.68799376414378
-0.88894049503701
-0.50311529493745
0.14515827528525
0.55393971205210
0.48998204544406
0.15961082020462
-0.04350681738304
0.05113310463767
0.23345943315050
0.15961082020461
-0.25341560776895
-0.69247879586441
-0.72381105821524
-0.21985641499251
0.48200615712115
0.85628420140243
0.64875547815062
0.08691382459914
-0.35161349353613
-0.38244520205391
-0.14311762133588
0.00000000000000
-0.14311762133587
-0.38244520205388
-0.35161349353614
0.08691382459911
0.64875547815061
0.85628420140244
0.48200615712114
-0.21985641499247
-0.72381105821521
-0.69247879586446
-0.25341560776902
0.15961082020460
0.23345943315048
0.05113310463772
-0.04350681738305
0.15961082020461
0.48998204544405
0.55393971205207
0.14515827528529
-0.50311529493744
-0.88894049503701
-0.68799376414391
-0.05317055306798
0.52018401407144
0.63639610306793
0.33011881360369
-0.01914257699682
-0.08691382459907
0.08402961704327
0.16347206880121
-0.08584636469568
-0.52018401407145
-0.72098668542502
-0.40313091435300
0.27469123415086
0.81273742466942
0.80357263964041
0.29033100414518
-0.28744358384010
-0.50311529493741
-0.31322101457572
-0.04193985418301
-0.01514765372819
-0.21985641499244
-0.33055742661663
-0.07190136880800
0.45329738445755
0.81273742466946
0.64027143218526
0.00000000000002
-0.64027143218519
-0.81273742466946
-0.45329738445759
0.07190136880799
0.33055742661667
0.21985641499249
0.01514765372822
0.04193985418300
0.31322101457574
0.50311529493744
0.28744358384018
-0.29033100414510
-0.80357263964044
-0.81273742466945
-0.27469123415094
0.40313091435302
0.72098668542506
0.52018401407146
0.08584636469572
-0.16347206880124
-0.08402961704331
0.08691382459912
0.01914257699687
-0.33011881360372
-0.63639610306786
-0.52018401407147
0.05317055306794
0.68799376414382
0.88894049503702
0.50311529493747
-0.14515827528525
-0.55393971205206
-0.48998204544410
-0.15961082020462
0.04350681738303
-0.05113310463767
-0.23345943315045
-0.15961082020462
0.25341560776895
0.69247879586441
0.72381105821524
0.21985641499246
-0.48200615712111
-0.85628420140241
-0.64875547815067
-0.08691382459908
0.35161349353615
0.38244520205390
0.14311762133593
0.00000000000000
0.14311762133588
0.38244520205389
0.35161349353616
-0.08691382459909
-0.64875547815056
-0.85628420140243
-0.48200615712114
0.21985641499248
0.72381105821522
0.69247879586446
0.25341560776898
-0.15961082020461
-0.23345943315054
-0.05113310463764
0.04350681738307
-0.15961082020457
-0.48998204544404
-0.55393971205213
-0.14515827528528
0.50311529493744
0.88894049503702
0.68799376414381
0.05317055306802
-0.52018401407144
-0.63639610306791
-0.33011881360369
0.01914257699680
0.08691382459913
-0.08402961704325
-0.16347206880120
0.08584636469568
0.52018401407144
0.72098668542502
0.40313091435305
-0.27469123415081
-0.81273742466944
-0.80357263964045
-0.29033100414516
0.28744358384009
0.50311529493745
0.31322101457574
0.04193985418301
0.01514765372821
0.21985641499247
0.33055742661665
0.07190136880804
-0.45329738445755
-0.81273742466944
-0.64027143218524
-0.00000000000007
