0.66592710159125
0.74643530098935
0.28673047876206
-0.14106583012481
-0.13390021561469
0.09524011418263
0.04479824640285
-0.39271207268878
-0.74290366772084
-0.50311529493745
0.22371045634610
0.78876022207702
0.70094040410484
0.15321594827919
-0.24016402838502
-0.16831040432812
0.05797941617342
-0.04152441648814
-0.46574508702273
-0.69247879586443
-0.31172518098080
0.43272273894483
0.86276753372237
0.60768531153601
0.00000000000000
-0.33407782708614
-0.19285139237081
0.02722460713380
-0.11222797083087
-0.50311529493745
-0.60043494818177
-0.10487870412159
0.61335815547754
0.88231403809940
0.47134844515287
-0.16315841313013
-0.41453499941688
-0.20251920382334
0.00703038431781
-0.16347206880121
-0.50487681123150
-0.47470734937970
0.10352263937001
0.75390313285881
0.84541268915258
0.29978014855145
-0.32523188740096
-0.47370224637601
-0.19346970763790
0.00000000000000
-0.19346970763790
-0.47370224637602
-0.32523188740096
0.29978014855144
0.84541268915258
0.75390313285881
0.10352263937001
-0.47470734937970
-0.50487681123150
-0.16347206880121
0.00703038431781
-0.20251920382333
-0.41453499941688
-0.16315841313014
0.47134844515286
0.88231403809940
0.61335815547755
-0.10487870412159
-0.60043494818177
-0.50311529493746
-0.11222797083087
0.02722460713380
-0.19285139237081
-0.33407782708614
-0.00000000000000
0.60768531153601
0.86276753372237
0.43272273894483
-0.31172518098080
-0.69247879586443
-0.46574508702273
-0.04152441648815
0.05797941617341
-0.16831040432812
-0.24016402838502
0.15321594827919
0.70094040410484
0.78876022207702
0.22371045634610
-0.50311529493746
-0.74290366772084
-0.39271207268879
0.04479824640284
0.09524011418263
-0.13390021561469
-0.14106583012481
0.28673047876205
0.74643530098935
0.66592710159125
-0.00000000000000
-0.66592710159125
-0.74643530098935
-0.28673047876206
0.14106583012481
0.13390021561470
-0.09524011418263
-0.04479824640285
0.39271207268878
0.74290366772083
0.50311529493745
-0.22371045634610
-0.78876022207702
-0.70094040410484
-0.15321594827919
0.24016402838502
0.16831040432813
-0.05797941617342
0.04152441648815
0.46574508702273
0.69247879586443
0.31172518098080
-0.43272273894483
-0.86276753372237
-0.60768531153603
0.00000000000000
0.33407782708614
0.19285139237082
-0.02722460713380
0.11222797083086
0.50311529493745
0.60043494818177
0.10487870412159
-0.61335815547754
-0.88231403809940
-0.47134844515288
0.16315841313014
0.41453499941689
0.20251920382333
-0.00703038431781
0.16347206880120
0.50487681123149
0.47470734937970
-0.10352263937001
-0.75390313285881
-0.84541268915258
-0.29978014855145
0.32523188740096
0.47370224637602
0.19346970763791
0.00000000000000
0.19346970763790
0.47370224637601
0.32523188740096
-0.29978014855145
-0.84541268915258
-0.75390313285882
-0.10352263937003
0.47470734937970
0.50487681123150
0.16347206880121
-0.00703038431781
0.20251920382334
0.41453499941689
0.16315841313015
-0.47134844515285
-0.88231403809940
-0.61335815547754
0.10487870412160
0.60043494818177
0.50311529493744
0.11222797083087
-0.02722460713380
0.19285139237080
0.33407782708614
0.00000000000001
-0.60768531153600
-0.86276753372237
-0.43272273894483
0.31172518098081
0.69247879586443
0.46574508702273
0.04152441648815
-0.05797941617342
0.16831040432812
0.24016402838502
-0.15321594827917
-0.70094040410485
-0.78876022207701
-0.22371045634610
0.50311529493745
0.74290366772084
0.39271207268878
-0.04479824640285
-0.09524011418263
0.13390021561470
0.14106583012481
-0.28673047876205
-0.74643530098935
-0.66592710159125
0.00000000000000
0.66592710159124
0.74643530098935
0.28673047876206
-0.14106583012481
-0.13390021561470
0.09524011418263
0.04479824640285
-0.39271207268879
-0.74290366772083
-0.50311529493745
0.22371045634610
0.78876022207701
0.70094040410485
0.15321594827920
-0.24016402838502
-0.16831040432813
0.05797941617341
-0.04152441648813
-0.46574508702273
-0.69247879586443
-0.31172518098080
0.43272273894484
0.86276753372237
0.60768531153602
0.00000000000001
-0.33407782708614
-0.19285139237083
0.02722460713381
-0.11222797083085
-0.50311529493744
-0.60043494818177
-0.10487870412161
0.61335815547754
0.88231403809940
0.47134844515288
-0.16315841313013
-0.41453499941689
-0.20251920382333
0.00703038431781
-0.16347206880120
-0.50487681123152
-0.47470734937971
0.10352263937001
0.75390313285881
0.84541268915258
0.29978014855146
-0.32523188740095
-0.47370224637603
-0.19346970763791
0.00000000000000
-0.19346970763790
-0.47370224637601
-0.32523188740095
0.29978014855144
0.84541268915258
0.75390313285882
0.10352263937001
-0.47470734937971
-0.50487681123151
-0.16347206880121
0.00703038431781
-0.20251920382333
-0.41453499941690
-0.16315841313014
0.47134844515287
0.88231403809939
0.61335815547755
-0.10487870412157
-0.60043494818177
-0.50311529493747
-0.11222797083087
0.02722460713381
-0.19285139237082
-0.33407782708614
0.00000000000001
0.60768531153601
0.86276753372237
0.43272273894484
-0.31172518098080
-0.69247879586444
-0.46574508702273
-0.04152441648816
0.05797941617342
-0.16831040432813
-0.24016402838501
0.15321594827918
0.70094040410486
0.78876022207702
0.22371045634610
-0.50311529493743
-0.74290366772083
-0.39271207268879
0.04479824640284
0.09524011418262
-0.13390021561470
-0.14106583012481
0.28673047876207
0.74643530098934
0.66592710159125
0.00000000000001
-0.66592710159125
-0.74643530098935
-0.28673047876207
0.14106583012481
0.13390021561470
-0.09524011418262
-0.04479824640285
0.39271207268879
0.74290366772082
0.50311529493745
-0.22371045634608
-0.78876022207701
-0.70094040410484
-0.15321594827922
0.24016402838502
0.16831040432810
-0.05797941617341
0.04152441648815
0.46574508702271
0.69247879586443
0.31172518098082
-0.43272273894481
-0.86276753372237
-0.60768531153602
-0.00000000000001
0.33407782708613
0.19285139237082
-0.02722460713380
0.11222797083087
0.50311529493742
0.60043494818177
0.10487870412155
-0.61335815547753
-0.88231403809940
-0.47134844515291
0.16315841313015
0.41453499941689
0.20251920382333
-0.00703038431781
0.16347206880122
0.50487681123151
0.47470734937972
-0.10352263937001
-0.75390313285881
-0.84541268915257
-0.29978014855147
0.32523188740096
0.47370224637602
0.19346970763791
0.00000000000000
0.19346970763789
0.47370224637601
0.32523188740097
-0.29978014855143
-0.84541268915257
-0.75390313285881
-0.10352263937004
0.47470734937971
0.50487681123154
0.16347206880120
-0.00703038431781
0.20251920382334
0.41453499941688
0.16315841313014
-0.47134844515288
-0.88231403809940
-0.61335815547755
0.10487870412157
0.60043494818176
0.50311529493746
0.11222797083087
-0.02722460713380
0.19285139237080
0.33407782708614
0.00000000000002
-0.60768531153602
-0.86276753372238
-0.43272273894484
0.31172518098078
0.69247879586444
0.46574508702276
0.04152441648815
-0.05797941617344
0.16831040432813
0.24016402838501
-0.15321594827919
-0.70094040410486
-0.78876022207702
-0.22371045634609
0.50311529493745
0.74290366772084
0.39271207268879
-0.04479824640285
-0.09524011418264
0.13390021561470
0.14106583012481
-0.28673047876204
-0.74643530098935
-0.66592710159127
0.00000000000000
0.66592710159122
0.74643530098935
0.28673047876208
-0.14106583012481
-0.13390021561471
0.09524011418263
0.04479824640285
-0.39271207268877
-0.74290366772083
-0.50311529493747
0.22371045634612
0.78876022207700
0.70094040410484
0.15321594827920
-0.24016402838501
-0.16831040432811
0.05797941617341
-0.04152441648815
-0.46574508702273
-0.69247879586442
-0.31172518098081
0.43272273894483
0.86276753372236
0.60768531153602
0.00000000000004
-0.33407782708613
-0.19285139237081
0.02722460713380
-0.11222797083089
-0.50311529493742
-0.60043494818177
-0.10487870412161
0.61335815547755
0.88231403809941
0.47134844515285
-0.16315841313009
-0.41453499941687
-0.20251920382334
0.00703038431782
-0.16347206880122
-0.50487681123152
-0.47470734937970
0.10352263937000
0.75390313285883
0.84541268915259
0.29978014855144
-0.32523188740093
-0.47370224637602
-0.19346970763789
0.00000000000000
-0.19346970763791
-0.47370224637603
-0.32523188740096
0.29978014855141
0.84541268915259
0.75390313285882
0.10352263937003
-0.47470734937970
-0.50487681123149
-0.16347206880123
0.00703038431782
-0.20251920382335
-0.41453499941688
-0.16315841313016
0.47134844515285
0.88231403809940
0.61335815547758
-0.10487870412158
-0.60043494818176
-0.50311529493746
-0.11222797083084
0.02722460713378
-0.19285139237080
-0.33407782708613
0.00000000000003
0.60768531153601
0.86276753372237
0.43272273894485
-0.31172518098082
-0.69247879586442
-0.46574508702274
-0.04152441648814
0.05797941617342
-0.16831040432814
-0.24016402838501
0.15321594827919
0.70094040410482
0.78876022207702
0.22371045634613
-0.50311529493744
-0.74290366772081
-0.39271207268882
0.04479824640284
0.09524011418261
-0.13390021561471
-0.14106583012482
0.28673047876207
0.74643530098934
0.66592710159127
-0.00000000000002
-0.66592710159124
-0.74643530098934
-0.28673047876208
0.14106583012481
0.13390021561472
-0.09524011418260
-0.04479824640285
0.39271207268877
0.74290366772082
0.50311529493744
-0.22371045634608
-0.78876022207701
-0.70094040410482
-0.15321594827919
0.24016402838502
0.16831040432820
-0.05797941617342
0.04152441648813
0.46574508702273
0.69247879586445
0.31172518098082
-0.43272273894477
-0.86276753372237
-0.60768531153602
-0.00000000000003
0.33407782708611
0.19285139237081
-0.02722460713379
0.11222797083087
0.50311529493747
0.60043494818178
0.10487870412163
-0.61335815547752
-0.88231403809940
-0.47134844515290
0.16315841313011
0.41453499941688
0.20251920382336
-0.00703038431781
0.16347206880118
0.50487681123149
0.47470734937971
-0.10352263937000
-0.75390313285881
-0.84541268915258
-0.29978014855141
0.32523188740093
0.47370224637603
0.19346970763790
0.00000000000000
0.19346970763790
0.47370224637602
0.32523188740098
-0.29978014855144
-0.84541268915258
-0.75390313285883
-0.10352263937002
0.47470734937969
0.50487681123152
0.16347206880124
-0.00703038431780
0.20251920382334
0.41453499941688
0.16315841313017
-0.47134844515288
-0.88231403809940
-0.61335815547760
0.10487870412161
0.60043494818177
0.50311529493746
0.11222797083089
-0.02722460713380
0.19285139237079
0.33407782708618
0.00000000000000
-0.60768531153599
-0.86276753372237
-0.43272273894484
0.31172518098079
0.69247879586444
0.46574508702271
0.04152441648815
-0.05797941617344
0.16831040432813
0.24016402838502
-0.15321594827916
-0.70094040410484
-0.78876022207701
-0.22371045634612
0.50311529493744
0.74290366772086
0.39271207268880
-0.04479824640284
-0.09524011418260
0.13390021561466
0.14106583012481
-0.28673047876204
-0.74643530098936
-0.66592710159127
-0.00000000000002
0.66592710159124
0.74643530098936
0.28673047876205
-0.14106583012480
-0.13390021561468
0.09524011418260
0.04479824640286
-0.39271207268874
-0.74290366772083
-0.50311529493745
0.22371045634604
0.78876022207701
0.70094040410484
0.15321594827921
-0.24016402838501
-0.16831040432811
0.05797941617341
-0.04152441648813
-0.46574508702275
-0.69247879586443
-0.31172518098080
0.43272273894481
0.86276753372237
0.60768531153604
0.00000000000001
-0.33407782708610
-0.19285139237082
0.02722460713379
-0.11222797083089
-0.50311529493744
-0.60043494818177
-0.10487870412157
0.61335815547753
0.88231403809941
0.47134844515288
-0.16315841313013
-0.41453499941688
-0.20251920382337
0.00703038431780
-0.16347206880120
-0.50487681123150
-0.47470734937973
0.10352263937001
0.75390313285879
0.84541268915256
0.29978014855150
-0.32523188740095
-0.47370224637600
-0.19346970763788
0.00000000000000
-0.19346970763785
-0.47370224637602
-0.32523188740094
0.29978014855140
0.84541268915257
0.75390313285885
0.10352263937004
-0.47470734937970
-0.50487681123151
-0.16347206880126
0.00703038431781
-0.20251920382331
-0.41453499941688
-0.16315841313009
0.47134844515289
0.88231403809939
0.61335815547763
-0.10487870412164
-0.60043494818175
-0.50311529493751
-0.11222797083091
0.02722460713380
-0.19285139237081
-0.33407782708614
0.00000000000002
0.60768531153601
0.86276753372237
0.43272273894485
-0.31172518098081
-0.69247879586440
-0.46574508702274
-0.04152441648817
0.05797941617343
-0.16831040432815
-0.24016402838503
0.15321594827918
0.70094040410486
0.78876022207703
0.22371045634616
-0.50311529493747
-0.74290366772083
-0.39271207268882
0.04479824640284
0.09524011418263
-0.13390021561467
-0.14106583012484
0.28673047876207
0.74643530098933
0.66592710159127
0.00000000000006
-0.66592710159126
-0.74643530098937
-0.28673047876207
0.14106583012479
0.13390021561474
-0.09524011418263
-0.04479824640288
0.39271207268876
0.74290366772084
0.50311529493748
-0.22371045634600
-0.78876022207702
-0.70094040410486
-0.15321594827924
0.24016402838503
0.16831040432809
-0.05797941617341
0.04152441648811
0.46574508702278
0.69247879586443
0.31172518098083
-0.43272273894477
-0.86276753372237
-0.60768531153602
0.00000000000000
0.33407782708615
0.19285139237080
-0.02722460713379
0.11222797083087
0.50311529493746
0.60043494818176
0.10487870412159
-0.61335815547750
-0.88231403809940
-0.47134844515285
0.16315841313010
0.41453499941690
0.20251920382330
-0.00703038431781
0.16347206880118
0.50487681123149
0.47470734937971
-0.10352263936997
-0.75390313285876
-0.84541268915257
-0.29978014855147
0.32523188740093
0.47370224637601
0.19346970763791
0.00000000000000
0.19346970763789
0.47370224637600
0.32523188740096
-0.29978014855142
-0.84541268915256
-0.75390313285883
-0.10352263937006
0.47470734937968
0.50487681123149
0.16347206880124
-0.00703038431781
0.20251920382329
0.41453499941689
0.16315841313014
-0.47134844515281
-0.88231403809938
-0.61335815547752
0.10487870412160
0.60043494818175
0.50311529493741
0.11222797083086
-0.02722460713381
0.19285139237074
0.33407782708613
0.00000000000001
-0.60768531153599
-0.86276753372238
-0.43272273894482
0.31172518098078
0.69247879586442
0.46574508702271
0.04152441648815
-0.05797941617341
0.16831040432811
0.24016402838501
-0.15321594827917
-0.70094040410484
-0.78876022207703
-0.22371045634610
0.50311529493744
0.74290366772084
0.39271207268880
-0.04479824640285
-0.09524011418263
0.13390021561466
0.14106583012481
-0.28673047876204
-0.74643530098933
-0.66592710159127
0.00000000000000
0.66592710159124
0.74643530098938
0.28673047876205
-0.14106583012480
-0.13390021561474
0.09524011418263
0.04479824640285
-0.39271207268874
-0.74290366772082
-0.50311529493751
0.22371045634608
0.78876022207701
0.70094040410488
0.15321594827917
-0.24016402838501
-0.16831040432815
0.05797941617340
-0.04152441648815
-0.46574508702276
-0.69247879586442
-0.31172518098090
0.43272273894487
0.86276753372236
0.60768531153605
-0.00000000000002
-0.33407782708612
-0.19285139237081
0.02722460713381
-0.11222797083089
-0.50311529493745
-0.60043494818178
-0.10487870412156
0.61335815547755
0.88231403809941
0.47134844515290
-0.16315841313015
-0.41453499941690
-0.20251920382334
0.00703038431781
-0.16347206880119
-0.50487681123153
-0.47470734937971
0.10352263937003
0.75390313285882
0.84541268915259
0.29978014855152
-0.32523188740095
-0.47370224637601
-0.19346970763793
0.00000000000000
-0.19346970763790
-0.47370224637602
-0.32523188740098
0.29978014855147
0.84541268915257
0.75390313285886
0.10352263937004
-0.47470734937973
-0.50487681123153
-0.16347206880126
0.00703038431782
-0.20251920382336
-0.41453499941689
-0.16315841313017
0.47134844515290
0.88231403809940
0.61335815547758
-0.10487870412154
-0.60043494818175
-0.50311529493743
-0.11222797083087
0.02722460713380
-0.19285139237084
-0.33407782708616
-0.00000000000002
0.60768531153602
0.86276753372238
0.43272273894488
-0.31172518098074
-0.69247879586442
-0.46574508702267
-0.04152441648814
0.05797941617343
-0.16831040432805
-0.24016402838502
0.15321594827917
0.70094040410481
0.78876022207701
0.22371045634612
-0.50311529493738
-0.74290366772082
-0.39271207268877
0.04479824640285
0.09524011418264
-0.13390021561467
-0.14106583012480
0.28673047876201
0.74643530098937
0.66592710159128
0.00000000000004
-0.66592710159119
-0.74643530098933
-0.28673047876209
0.14106583012483
0.13390021561466
-0.09524011418261
-0.04479824640287
0.39271207268871
0.74290366772082
0.50311529493743
-0.22371045634609
-0.78876022207700
-0.70094040410486
-0.15321594827923
0.24016402838501
0.16831040432824
-0.05797941617344
0.04152441648816
0.46574508702274
0.69247879586440
0.31172518098085
-0.43272273894472
-0.86276753372235
-0.60768531153597
0.00000000000003
0.33407782708614
0.19285139237083
-0.02722460713378
0.11222797083080
0.50311529493743
0.60043494818177
0.10487870412162
-0.61335815547751
-0.88231403809941
-0.47134844515287
0.16315841313012
0.41453499941693
0.20251920382340
-0.00703038431781
0.16347206880118
0.50487681123145
0.47470734937968
-0.10352263937007
-0.75390313285882
-0.84541268915262
-0.29978014855147
0.32523188740095
0.47370224637606
0.19346970763791
0.00000000000000
0.19346970763793
0.47370224637605
0.32523188740099
-0.29978014855138
-0.84541268915258
-0.75390313285883
-0.10352263937001
0.47470734937973
0.50487681123152
0.16347206880123
-0.00703038431782
0.20251920382333
0.41453499941689
0.16315841313012
-0.47134844515286
-0.88231403809939
-0.61335815547759
0.10487870412157
0.60043494818176
0.50311529493750
0.11222797083086
-0.02722460713381
0.19285139237080
0.33407782708612
-0.00000000000001
-0.60768531153598
-0.86276753372239
-0.43272273894490
0.31172518098082
0.69247879586445
0.46574508702270
0.04152441648810
-0.05797941617345
0.16831040432807
0.24016402838504
-0.15321594827915
-0.70094040410488
-0.78876022207704
-0.22371045634613
0.50311529493748
0.74290366772084
0.39271207268890
-0.04479824640284
-0.09524011418259
0.13390021561469
0.14106583012484
-0.28673047876209
-0.74643530098937
-0.66592710159124
0.00000000000005
