0.80190587176953
0.72811529493745
-0.14079101853621
-0.85595086466564
-0.63639610306789
0.27811529493745
0.88891950653562
0.52900672706323
-0.40859144976559
-0.90000000000000
-0.40859144976559
0.52900672706323
0.88891950653562
0.27811529493745
-0.63639610306789
-0.85595086466564
-0.14079101853621
0.72811529493745
0.80190587176953
0.00000000000000
-0.80190587176953
-0.72811529493745
0.14079101853621
0.85595086466564
0.63639610306789
-0.27811529493745
-0.88891950653562
-0.52900672706323
0.40859144976559
0.90000000000000
0.40859144976559
-0.52900672706322
-0.88891950653562
-0.27811529493745
0.63639610306789
0.85595086466564
0.14079101853621
-0.72811529493745
-0.80190587176953
-0.00000000000000
0.80190587176953
0.72811529493745
-0.14079101853620
-0.85595086466564
-0.63639610306790
0.27811529493745
0.88891950653562
0.52900672706323
-0.40859144976558
-0.90000000000000
-0.40859144976560
0.52900672706323
0.88891950653562
0.27811529493746
-0.63639610306790
-0.85595086466564
-0.14079101853621
0.72811529493745
0.80190587176953
-0.00000000000000
-0.80190587176953
-0.72811529493745
0.14079101853621
0.85595086466564
0.63639610306790
-0.27811529493745
-0.88891950653562
-0.52900672706322
0.40859144976559
0.90000000000000
0.40859144976559
-0.52900672706323
-0.88891950653563
-0.27811529493745
0.63639610306789
0.85595086466564
0.14079101853622
-0.72811529493744
-0.80190587176953
-0.00000000000000
0.80190587176952
0.72811529493746
-0.14079101853621
-0.85595086466564
-0.63639610306789
0.27811529493744
0.88891950653562
0.52900672706323
-0.40859144976559
-0.90000000000000
-0.40859144976559
0.52900672706323
0.88891950653562
0.27811529493745
-0.63639610306789
-0.85595086466564
-0.14079101853621
0.72811529493744
0.80190587176953
-0.00000000000001
-0.80190587176953
-0.72811529493746
0.14079101853620
0.85595086466564
0.63639610306789
-0.27811529493744
-0.88891950653562
-0.52900672706324
0.40859144976558
0.90000000000000
0.40859144976560
-0.52900672706322
-0.88891950653562
-0.27811529493746
0.63639610306789
0.85595086466564
0.14079101853622
-0.72811529493745
-0.80190587176954
0.00000000000000
0.80190587176953
0.72811529493745
-0.14079101853619
-0.85595086466564
-0.63639610306790
0.27811529493745
0.88891950653563
0.52900672706323
-0.40859144976558
-0.90000000000000
-0.40859144976559
0.52900672706322
0.88891950653562
0.27811529493746
-0.63639610306789
-0.85595086466563
-0.14079101853621
0.72811529493744
0.80190587176953
0.00000000000001
-0.80190587176953
-0.72811529493745
0.14079101853620
0.85595086466564
0.63639610306790
-0.27811529493743
-0.88891950653562
-0.52900672706322
0.40859144976558
0.90000000000000
0.40859144976560
-0.52900672706323
-0.88891950653562
-0.27811529493748
0.63639610306788
0.85595086466565
0.14079101853622
-0.72811529493745
-0.80190587176953
-0.00000000000001
0.80190587176953
0.72811529493747
-0.14079101853619
-0.85595086466563
-0.63639610306791
0.27811529493747
0.88891950653562
0.52900672706322
-0.40859144976559
-0.90000000000000
-0.40859144976562
0.52900672706321
0.88891950653563
0.27811529493747
-0.63639610306787
-0.85595086466564
-0.14079101853619
0.72811529493746
0.80190587176954
0.00000000000002
-0.80190587176953
-0.72811529493745
0.14079101853620
0.85595086466564
0.63639610306790
-0.27811529493745
-0.88891950653562
-0.52900672706323
0.40859144976560
0.90000000000000
0.40859144976559
-0.52900672706322
-0.88891950653562
-0.27811529493746
0.63639610306789
0.85595086466565
0.14079101853623
-0.72811529493746
-0.80190587176953
0.00000000000001
0.80190587176953
0.72811529493745
-0.14079101853620
-0.85595086466563
-0.63639610306791
0.27811529493743
0.88891950653562
0.52900672706322
-0.40859144976561
-0.90000000000000
-0.40859144976558
0.52900672706321
0.88891950653563
0.27811529493748
-0.63639610306788
-0.85595086466565
-0.14079101853622
0.72811529493744
0.80190587176953
-0.00000000000002
-0.80190587176952
-0.72811529493746
0.14079101853619
0.85595086466564
0.63639610306791
-0.27811529493744
-0.88891950653562
-0.52900672706324
0.40859144976557
0.90000000000000
0.40859144976559
-0.52900672706323
-0.88891950653563
-0.27811529493747
0.63639610306789
0.85595086466564
0.14079101853624
-0.72811529493744
-0.80190587176953
0.00000000000000
0.80190587176951
0.72811529493747
-0.14079101853620
-0.85595086466564
-0.63639610306792
0.27811529493743
0.88891950653562
0.52900672706323
-0.40859144976555
-0.90000000000000
-0.40859144976556
0.52900672706322
0.88891950653562
0.27811529493744
-0.63639610306791
-0.85595086466564
-0.14079101853621
0.72811529493743
0.80190587176954
0.00000000000006
-0.80190587176951
-0.72811529493745
0.14079101853618
0.85595086466563
0.63639610306790
-0.27811529493746
-0.88891950653562
-0.52900672706324
0.40859144976558
0.90000000000000
0.40859144976558
-0.52900672706325
-0.88891950653562
-0.27811529493745
0.63639610306787
0.85595086466565
0.14079101853622
-0.72811529493745
-0.80190587176955
-0.00000000000003
0.80190587176952
0.72811529493746
-0.14079101853621
-0.85595086466564
-0.63639610306787
0.27811529493744
0.88891950653562
0.52900672706321
-0.40859144976562
-0.90000000000000
-0.40859144976564
0.52900672706319
0.88891950653563
0.27811529493747
-0.63639610306789
-0.85595086466564
-0.14079101853624
0.72811529493744
0.80190587176953
-0.00000000000000
-0.80190587176952
-0.72811529493747
0.14079101853620
0.85595086466564
0.63639610306788
-0.27811529493748
-0.88891950653563
-0.52900672706327
0.40859144976556
0.90000000000000
0.40859144976561
-0.52900672706318
-0.88891950653563
-0.27811529493748
0.63639610306788
0.85595086466564
0.14079101853620
-0.72811529493746
-0.80190587176954
-0.00000000000001
0.80190587176953
0.72811529493745
-0.14079101853623
-0.85595086466562
-0.63639610306793
0.27811529493741
0.88891950653562
0.52900672706328
-0.40859144976559
-0.90000000000000
-0.40859144976562
0.52900672706325
0.88891950653563
0.27811529493745
-0.63639610306787
-0.85595086466563
-0.14079101853622
0.72811529493745
0.80190587176955
-0.00000000000002
-0.80190587176950
-0.72811529493749
0.14079101853621
0.85595086466563
0.63639610306791
-0.27811529493740
-0.88891950653562
-0.52900672706325
0.40859144976557
0.90000000000000
0.40859144976559
-0.52900672706319
-0.88891950653563
-0.27811529493742
0.63639610306789
0.85595086466564
0.14079101853629
-0.72811529493744
-0.80190587176956
-0.00000000000005
0.80190587176952
0.72811529493747
-0.14079101853620
-0.85595086466564
-0.63639610306788
0.27811529493743
0.88891950653562
0.52900672706323
-0.40859144976560
-0.90000000000000
-0.40859144976556
0.52900672706322
0.88891950653562
0.27811529493748
-0.63639610306788
-0.85595086466564
-0.14079101853625
0.72811529493746
0.80190587176954
0.00000000000001
-0.80190587176951
-0.72811529493745
0.14079101853618
0.85595086466563
0.63639610306786
-0.27811529493746
-0.88891950653563
-0.52900672706324
0.40859144976563
0.90000000000000
0.40859144976562
-0.52900672706317
-0.88891950653563
-0.27811529493750
0.63639610306787
0.85595086466563
0.14079101853622
-0.72811529493745
-0.80190587176955
0.00000000000002
0.80190587176952
0.72811529493746
-0.14079101853616
-0.85595086466564
-0.63639610306791
0.27811529493745
0.88891950653563
0.52900672706325
-0.40859144976557
-0.90000000000000
-0.40859144976559
0.52900672706319
0.88891950653563
0.27811529493752
-0.63639610306789
-0.85595086466564
-0.14079101853624
0.72811529493747
0.80190587176953
-0.00000000000001
-0.80190587176952
-0.72811529493743
0.14079101853620
0.85595086466562
0.63639610306795
-0.27811529493743
-0.88891950653562
-0.52900672706327
0.40859144976560
0.90000000000000
0.40859144976561
-0.52900672706318
-0.88891950653562
-0.27811529493748
0.63639610306788
0.85595086466566
0.14079101853620
-0.72811529493746
-0.80190587176954
0.00000000000004
0.80190587176951
0.72811529493747
-0.14079101853613
-0.85595086466563
-0.63639610306793
0.27811529493741
0.88891950653562
0.52900672706324
-0.40859144976559
-0.90000000000000
-0.40859144976558
0.52900672706321
0.88891950653563
0.27811529493745
-0.63639610306790
-0.85595086466565
-0.14079101853617
0.72811529493742
0.80190587176955
0.00000000000003
-0.80190587176952
-0.72811529493745
0.14079101853617
0.85595086466564
0.63639610306791
-0.27811529493740
-0.88891950653561
-0.52900672706325
0.40859144976553
0.90000000000000
0.40859144976554
-0.52900672706324
-0.88891950653563
-0.27811529493751
0.63639610306789
0.85595086466565
0.14079101853619
-0.72811529493744
-0.80190587176951
0.00000000000001
0.80190587176956
0.72811529493749
-0.14079101853610
-0.85595086466562
-0.63639610306795
0.27811529493743
0.88891950653561
0.52900672706323
-0.40859144976556
-0.90000000000000
-0.40859144976561
0.52900672706318
0.88891950653562
0.27811529493748
-0.63639610306792
-0.85595086466564
-0.14079101853625
0.72811529493740
0.80190587176954
0.00000000000006
-0.80190587176953
-0.72811529493741
0.14079101853623
0.85595086466563
0.63639610306793
-0.27811529493746
-0.88891950653562
-0.52900672706320
0.40859144976559
0.90000000000000
0.40859144976557
-0.52900672706321
-0.88891950653562
-0.27811529493745
0.63639610306794
0.85595086466566
0.14079101853622
-0.72811529493742
-0.80190587176957
-0.00000000000013
0.80190587176950
0.72811529493751
-0.14079101853617
-0.85595086466564
-0.63639610306791
0.27811529493740
0.88891950653561
0.52900672706325
-0.40859144976553
-0.90000000000000
-0.40859144976564
0.52900672706324
0.88891950653563
0.27811529493751
-0.63639610306789
-0.85595086466565
-0.14079101853618
0.72811529493744
0.80190587176951
-0.00000000000001
-0.80190587176952
-0.72811529493743
0.14079101853620
0.85595086466566
0.63639610306788
-0.27811529493753
-0.88891950653563
-0.52900672706322
0.40859144976556
0.90000000000000
0.40859144976570
-0.52900672706318
-0.88891950653564
-0.27811529493748
0.63639610306784
0.85595086466564
0.14079101853625
-0.72811529493740
-0.80190587176954
-0.00000000000006
0.80190587176953
0.72811529493747
-0.14079101853623
-0.85595086466563
-0.63639610306793
0.27811529493746
0.88891950653562
0.52900672706320
-0.40859144976559
-0.90000000000000
-0.40859144976557
0.52900672706321
0.88891950653563
0.27811529493745
-0.63639610306787
-0.85595086466563
-0.14079101853612
0.72811529493748
0.80190587176952
0.00000000000003
-0.80190587176955
-0.72811529493751
0.14079101853617
0.85595086466561
0.63639610306790
-0.27811529493740
-0.88891950653561
-0.52900672706325
0.40859144976553
0.90000000000000
0.40859144976563
-0.52900672706324
-0.88891950653563
-0.27811529493751
0.63639610306782
0.85595086466565
0.14079101853629
-0.72811529493744
-0.80190587176951
0.00000000000001
0.80190587176952
0.72811529493749
-0.14079101853620
-0.85595086466562
-0.63639610306788
0.27811529493743
0.88891950653563
0.52900672706322
-0.40859144976556
-0.90000000000000
-0.40859144976560
0.52900672706327
0.88891950653562
0.27811529493738
-0.63639610306784
-0.85595086466567
-0.14079101853635
0.72811529493740
0.80190587176954
0.00000000000006
-0.80190587176953
-0.72811529493747
0.14079101853613
0.85595086466560
0.63639610306793
-0.27811529493737
-0.88891950653562
-0.52900672706328
0.40859144976559
0.90000000000000
0.40859144976566
-0.52900672706321
-0.88891950653563
-0.27811529493745
0.63639610306787
0.85595086466563
0.14079101853622
-0.72811529493742
-0.80190587176952
-0.00000000000002
0.80190587176955
0.72811529493745
-0.14079101853627
-0.85595086466565
-0.63639610306783
0.27811529493750
0.88891950653563
0.52900672706333
-0.40859144976553
-0.90000000000000
-0.40859144976563
0.52900672706316
0.88891950653563
0.27811529493751
-0.63639610306782
-0.85595086466568
-0.14079101853618
0.72811529493744
0.80190587176956
0.00000000000009
-0.80190587176952
-0.72811529493749
0.14079101853610
0.85595086466566
0.63639610306788
-0.27811529493743
-0.88891950653561
-0.52900672706322
0.40859144976556
0.90000000000000
0.40859144976569
-0.52900672706327
-0.88891950653562
-0.27811529493748
0.63639610306792
0.85595086466564
0.14079101853625
-0.72811529493740
-0.80190587176949
0.00000000000004
0.80190587176953
0.72811529493753
-0.14079101853614
-0.85595086466560
-0.63639610306800
0.27811529493747
0.88891950653562
0.52900672706328
-0.40859144976550
-0.90000000000000
-0.40859144976566
0.52900672706313
0.88891950653565
0.27811529493745
-0.63639610306787
-0.85595086466566
-0.14079101853622
0.72811529493742
0.80190587176957
0.00000000000013
-0.80190587176955
-0.72811529493745
0.14079101853617
0.85595086466561
0.63639610306790
-0.27811529493740
-0.88891950653561
-0.52900672706317
0.40859144976562
0.90000000000000
0.40859144976563
-0.52900672706324
-0.88891950653563
-0.27811529493761
0.63639610306797
0.85595086466565
0.14079101853628
-0.72811529493738
-0.80190587176955
-0.00000000000009
0.80190587176947
0.72811529493749
-0.14079101853620
-0.85595086466562
-0.63639610306795
0.27811529493743
0.88891950653561
0.52900672706322
-0.40859144976556
-0.90000000000000
-0.40859144976560
0.52900672706318
0.88891950653564
0.27811529493748
-0.63639610306792
-0.85595086466564
-0.14079101853615
0.72811529493747
0.80190587176954
0.00000000000006
-0.80190587176953
-0.72811529493741
0.14079101853624
0.85595086466564
0.63639610306785
-0.27811529493747
-0.88891950653562
-0.52900672706328
0.40859144976559
0.90000000000000
0.40859144976566
-0.52900672706321
-0.88891950653563
-0.27811529493754
0.63639610306780
0.85595086466563
0.14079101853622
-0.72811529493743
-0.80190587176952
-0.00000000000002
0.80190587176950
0.72811529493751
-0.14079101853627
-0.85595086466565
-0.63639610306790
0.27811529493740
0.88891950653563
0.52900672706325
-0.40859144976553
-0.90000000000000
-0.40859144976554
0.52900672706324
0.88891950653563
0.27811529493741
-0.63639610306789
-0.85595086466565
-0.14079101853628
0.72811529493751
0.80190587176951
-0.00000000000001
-0.80190587176956
-0.72811529493749
0.14079101853610
0.85595086466559
0.63639610306788
-0.27811529493743
-0.88891950653561
-0.52900672706330
0.40859144976556
0.90000000000000
0.40859144976569
-0.52900672706327
-0.88891950653562
-0.27811529493748
0.63639610306785
0.85595086466564
0.14079101853625
-0.72811529493741
-0.80190587176959
0.00000000000005
0.80190587176953
0.72811529493747
-0.14079101853624
-0.85595086466564
-0.63639610306793
0.27811529493737
0.88891950653564
0.52900672706319
-0.40859144976559
-0.90000000000000
-0.40859144976557
0.52900672706321
0.88891950653563
0.27811529493735
-0.63639610306787
-0.85595086466566
-0.14079101853632
0.72811529493743
0.80190587176957
0.00000000000012
-0.80190587176946
-0.72811529493745
0.14079101853617
0.85595086466561
0.63639610306790
-0.27811529493740
-0.88891950653561
-0.52900672706333
0.40859144976562
0.90000000000000
0.40859144976563
-0.52900672706324
-0.88891950653563
-0.27811529493751
0.63639610306782
0.85595086466562
0.14079101853618
-0.72811529493745
-0.80190587176955
0.00000000000001
0.80190587176952
0.72811529493749
-0.14079101853631
-0.85595086466566
-0.63639610306788
0.27811529493744
0.88891950653563
0.52900672706330
-0.40859144976547
-0.90000000000000
-0.40859144976560
0.52900672706319
0.88891950653564
0.27811529493748
-0.63639610306785
-0.85595086466567
-0.14079101853635
0.72811529493747
0.80190587176954
0.00000000000006
-0.80190587176949
-0.72811529493747
0.14079101853614
0.85595086466560
0.63639610306785
-0.27811529493747
-0.88891950653562
-0.52900672706328
0.40859144976559
0.90000000000000
0.40859144976566
-0.52900672706313
-0.88891950653562
-0.27811529493744
0.63639610306787
0.85595086466563
0.14079101853621
-0.72811529493743
-0.80190587176957
0.00000000000008
0.80190587176950
0.72811529493751
-0.14079101853607
-0.85595086466561
-0.63639610306797
0.27811529493731
0.88891950653563
0.52900672706325
-0.40859144976553
-0.90000000000000
-0.40859144976563
0.52900672706316
0.88891950653564
0.27811529493751
-0.63639610306790
-0.85595086466565
-0.14079101853628
0.72811529493745
0.80190587176955
0.00000000000009
-0.80190587176952
-0.72811529493743
0.14079101853621
0.85595086466563
0.63639610306795
-0.27811529493744
-0.88891950653562
-0.52900672706322
0.40859144976565
0.90000000000000
0.40859144976560
-0.52900672706319
-0.88891950653562
-0.27811529493738
0.63639610306785
0.85595086466567
0.14079101853625
-0.72811529493741
-0.80190587176958
-0.00000000000005
0.80190587176953
0.72811529493747
-0.14079101853614
-0.85595086466564
-0.63639610306793
0.27811529493737
0.88891950653560
0.52900672706319
-0.40859144976559
-0.90000000000000
-0.40859144976557
0.52900672706313
0.88891950653563
0.27811529493764
-0.63639610306794
-0.85595086466566
-0.14079101853621
0.72811529493737
0.80190587176957
0.00000000000002
-0.80190587176946
-0.72811529493739
0.14079101853617
0.85595086466565
0.63639610306797
-0.27811529493740
-0.88891950653563
-0.52900672706333
0.40859144976553
0.90000000000000
0.40859144976554
-0.52900672706316
-0.88891950653563
-0.27811529493741
0.63639610306797
0.85595086466565
0.14079101853618
-0.72811529493751
-0.80190587176955
0.00000000000001
0.80190587176957
0.72811529493737
-0.14079101853621
-0.85595086466559
-0.63639610306795
0.27811529493724
0.88891950653560
0.52900672706330
-0.40859144976556
-0.90000000000000
-0.40859144976569
0.52900672706319
0.88891950653565
0.27811529493757
-0.63639610306785
-0.85595086466564
-0.14079101853635
0.72811529493741
0.80190587176954
0.00000000000016
-0.80190587176949
-0.72811529493747
0.14079101853624
0.85595086466560
0.63639610306792
-0.27811529493747
-0.88891950653560
-0.52900672706327
0.40859144976541
0.90000000000000
0.40859144976566
-0.52900672706322
-0.88891950653562
-0.27811529493754
0.63639610306787
0.85595086466569
0.14079101853611
-0.72811529493743
-0.80190587176952
-0.00000000000012
