0.45772942141988
0.53339565348846
0.21843056646795
-0.11544420294429
-0.08275488435082
0.33580191368054
0.77313919430832
0.83514760594253
0.48680849426114
0.08594235253127
0.03147017171002
0.37157547722888
0.75652269145383
0.78245706611844
0.38859356080205
-0.08222759571749
-0.21910062114661
0.05473605590515
0.40794549060181
0.42797543233282
0.02776894936034
-0.46709352980836
-0.63642788343742
-0.37641381275580
0.00000000000000
0.07180477503916
-0.27540693816711
-0.73602163000073
-0.88362229614025
-0.58905764746873
-0.14686941387217
0.01405383049509
-0.24852087177438
-0.65089844285564
-0.76265780480176
-0.43015941223972
0.07151244926104
0.30739396812279
0.10832104151755
-0.26450336353161
-0.37760737480328
-0.05254303373555
0.45723324491625
0.71361539132433
0.52249377641674
0.12293558972818
-0.04882501627981
0.21118627898705
0.67352839035548
0.90000000000000
0.67352839035548
0.21118627898705
-0.04882501627981
0.12293558972817
0.52249377641674
0.71361539132434
0.45723324491626
-0.05254303373556
-0.37760737480328
-0.26450336353161
0.10832104151755
0.30739396812279
0.07151244926104
-0.43015941223971
-0.76265780480176
-0.65089844285564
-0.24852087177439
0.01405383049509
-0.14686941387217
-0.58905764746872
-0.88362229614025
-0.73602163000073
-0.27540693816711
0.07180477503916
0.00000000000000
-0.37641381275579
-0.63642788343742
-0.46709352980837
0.02776894936034
0.42797543233282
0.40794549060181
0.05473605590516
-0.21910062114661
-0.08222759571749
0.38859356080205
0.78245706611844
0.75652269145383
0.37157547722889
0.03147017171002
0.08594235253127
0.48680849426114
0.83514760594253
0.77313919430832
0.33580191368053
-0.08275488435082
-0.11544420294429
0.21843056646795
0.53339565348846
0.45772942141988
0.00000000000000
-0.45772942141988
-0.53339565348847
-0.21843056646796
0.11544420294429
0.08275488435082
-0.33580191368053
-0.77313919430831
-0.83514760594253
-0.48680849426115
-0.08594235253127
-0.03147017171002
-0.37157547722888
-0.75652269145382
-0.78245706611844
-0.38859356080205
0.08222759571749
0.21910062114661
-0.05473605590515
-0.40794549060181
-0.42797543233282
-0.02776894936033
0.46709352980836
0.63642788343742
0.37641381275580
0.00000000000000
-0.07180477503916
0.27540693816710
0.73602163000072
0.88362229614025
0.58905764746874
0.14686941387217
-0.01405383049509
0.24852087177439
0.65089844285563
0.76265780480176
0.43015941223971
-0.07151244926105
-0.30739396812279
-0.10832104151754
0.26450336353161
0.37760737480328
0.05254303373555
-0.45723324491626
-0.71361539132433
-0.52249377641674
-0.12293558972818
0.04882501627981
-0.21118627898704
-0.67352839035548
-0.90000000000000
-0.67352839035548
-0.21118627898706
0.04882501627981
-0.12293558972817
-0.52249377641674
-0.71361539132434
-0.45723324491626
0.05254303373556
0.37760737480328
0.26450336353161
-0.10832104151755
-0.30739396812279
-0.07151244926105
0.43015941223971
0.76265780480176
0.65089844285563
0.24852087177438
-0.01405383049509
0.14686941387217
0.58905764746873
0.88362229614025
0.73602163000073
0.27540693816712
-0.07180477503916
-0.00000000000001
0.37641381275579
0.63642788343742
0.46709352980836
-0.02776894936033
-0.42797543233282
-0.40794549060182
-0.05473605590515
0.21910062114660
0.08222759571750
-0.38859356080203
-0.78245706611843
-0.75652269145382
-0.37157547722887
-0.03147017171002
-0.08594235253128
-0.48680849426114
-0.83514760594253
-0.77313919430832
-0.33580191368054
0.08275488435081
0.11544420294430
-0.21843056646794
-0.53339565348846
-0.45772942141987
-0.00000000000000
0.45772942141988
0.53339565348847
0.21843056646795
-0.11544420294429
-0.08275488435082
0.33580191368052
0.77313919430831
0.83514760594253
0.48680849426114
0.08594235253128
0.03147017171002
0.37157547722887
0.75652269145382
0.78245706611845
0.38859356080206
-0.08222759571748
-0.21910062114661
0.05473605590513
0.40794549060182
0.42797543233282
0.02776894936033
-0.46709352980836
-0.63642788343742
-0.37641381275580
-0.00000000000000
0.07180477503916
-0.27540693816711
-0.73602163000072
-0.88362229614025
-0.58905764746873
-0.14686941387217
0.01405383049509
-0.24852087177438
-0.65089844285564
-0.76265780480176
-0.43015941223972
0.07151244926103
0.30739396812279
0.10832104151756
-0.26450336353160
-0.37760737480328
-0.05254303373555
0.45723324491626
0.71361539132434
0.52249377641674
0.12293558972817
-0.04882501627981
0.21118627898705
0.67352839035547
0.90000000000000
0.67352839035548
0.21118627898705
-0.04882501627981
0.12293558972816
0.52249377641674
0.71361539132433
0.45723324491627
-0.05254303373553
-0.37760737480328
-0.26450336353163
0.10832104151752
0.30739396812279
0.07151244926104
-0.43015941223971
-0.76265780480176
-0.65089844285563
-0.24852087177439
0.01405383049509
-0.14686941387215
-0.58905764746872
-0.88362229614025
-0.73602163000072
-0.27540693816711
0.07180477503916
-0.00000000000000
-0.37641381275580
-0.63642788343742
-0.46709352980836
0.02776894936034
0.42797543233282
0.40794549060182
0.05473605590515
-0.21910062114661
-0.08222759571749
0.38859356080205
0.78245706611845
0.75652269145382
0.37157547722888
0.03147017171002
0.08594235253128
0.48680849426115
0.83514760594253
0.77313919430833
0.33580191368053
-0.08275488435082
-0.11544420294430
0.21843056646793
0.53339565348847
0.45772942141988
0.00000000000002
-0.45772942141988
-0.53339565348847
-0.21843056646797
0.11544420294428
0.08275488435081
-0.33580191368054
-0.77313919430832
-0.83514760594253
-0.48680849426113
-0.08594235253127
-0.03147017171002
-0.37157547722887
-0.75652269145383
-0.78245706611844
-0.38859356080204
0.08222759571749
0.21910062114660
-0.05473605590516
-0.40794549060181
-0.42797543233282
-0.02776894936033
0.46709352980836
0.63642788343742
0.37641381275581
-0.00000000000000
-0.07180477503916
0.27540693816710
0.73602163000071
0.88362229614025
0.58905764746874
0.14686941387218
-0.01405383049509
0.24852087177438
0.65089844285564
0.76265780480176
0.43015941223970
-0.07151244926103
-0.30739396812279
-0.10832104151758
0.26450336353162
0.37760737480329
0.05254303373557
-0.45723324491626
-0.71361539132433
-0.52249377641673
-0.12293558972819
0.04882501627981
-0.21118627898704
-0.67352839035549
-0.90000000000000
-0.67352839035548
-0.21118627898706
0.04882501627981
-0.12293558972817
-0.52249377641673
-0.71361539132433
-0.45723324491626
0.05254303373554
0.37760737480328
0.26450336353161
-0.10832104151754
-0.30739396812279
-0.07151244926102
0.43015941223971
0.76265780480176
0.65089844285566
0.24852087177437
-0.01405383049509
0.14686941387217
0.58905764746869
0.88362229614025
0.73602163000075
0.27540693816712
-0.07180477503916
0.00000000000000
0.37641381275581
0.63642788343742
0.46709352980836
-0.02776894936033
-0.42797543233282
-0.40794549060182
-0.05473605590516
0.21910062114660
0.08222759571749
-0.38859356080205
-0.78245706611843
-0.75652269145382
-0.37157547722889
-0.03147017171003
-0.08594235253126
-0.48680849426114
-0.83514760594252
-0.77313919430833
-0.33580191368057
0.08275488435081
0.11544420294429
-0.21843056646793
-0.53339565348847
-0.45772942141989
-0.00000000000000
0.45772942141986
0.53339565348846
0.21843056646798
-0.11544420294429
-0.08275488435084
0.33580191368053
0.77313919430833
0.83514760594253
0.48680849426114
0.08594235253128
0.03147017171002
0.37157547722886
0.75652269145382
0.78245706611845
0.38859356080205
-0.08222759571749
-0.21910062114661
0.05473605590515
0.40794549060181
0.42797543233282
0.02776894936036
-0.46709352980836
-0.63642788343742
-0.37641381275582
-0.00000000000002
0.07180477503916
-0.27540693816712
-0.73602163000071
-0.88362229614025
-0.58905764746874
-0.14686941387217
0.01405383049510
-0.24852087177439
-0.65089844285562
-0.76265780480176
-0.43015941223976
0.07151244926105
0.30739396812279
0.10832104151756
-0.26450336353161
-0.37760737480328
-0.05254303373554
0.45723324491623
0.71361539132433
0.52249377641675
0.12293558972817
-0.04882501627982
0.21118627898704
0.67352839035548
0.90000000000000
0.67352839035549
0.21118627898707
-0.04882501627982
0.12293558972817
0.52249377641673
0.71361539132434
0.45723324491626
-0.05254303373554
-0.37760737480328
-0.26450336353162
0.10832104151756
0.30739396812279
0.07151244926105
-0.43015941223972
-0.76265780480176
-0.65089844285564
-0.24852087177440
0.01405383049509
-0.14686941387216
-0.58905764746871
-0.88362229614025
-0.73602163000074
-0.27540693816710
0.07180477503915
0.00000000000000
-0.37641381275579
-0.63642788343743
-0.46709352980838
0.02776894936033
0.42797543233281
0.40794549060182
0.05473605590514
-0.21910062114660
-0.08222759571748
0.38859356080204
0.78245706611844
0.75652269145384
0.37157547722887
0.03147017171003
0.08594235253127
0.48680849426113
0.83514760594253
0.77313919430832
0.33580191368052
-0.08275488435082
-0.11544420294429
0.21843056646794
0.53339565348846
0.45772942141989
0.00000000000004
-0.45772942141988
-0.53339565348847
-0.21843056646796
0.11544420294428
0.08275488435083
-0.33580191368050
-0.77313919430832
-0.83514760594255
-0.48680849426115
-0.08594235253128
-0.03147017171001
-0.37157547722885
-0.75652269145383
-0.78245706611846
-0.38859356080205
0.08222759571745
0.21910062114661
-0.05473605590513
-0.40794549060179
-0.42797543233284
-0.02776894936034
0.46709352980832
0.63642788343742
0.37641381275582
0.00000000000002
-0.07180477503915
0.27540693816706
0.73602163000072
0.88362229614025
0.58905764746875
0.14686941387219
-0.01405383049509
0.24852087177434
0.65089844285563
0.76265780480176
0.43015941223974
-0.07151244926106
-0.30739396812280
-0.10832104151754
0.26450336353161
0.37760737480328
0.05254303373558
-0.45723324491623
-0.71361539132434
-0.52249377641674
-0.12293558972818
0.04882501627982
-0.21118627898707
-0.67352839035545
-0.90000000000000
-0.67352839035552
-0.21118627898705
0.04882501627981
-0.12293558972816
-0.52249377641676
-0.71361539132434
-0.45723324491625
0.05254303373555
0.37760737480328
0.26450336353162
-0.10832104151757
-0.30739396812279
-0.07151244926104
0.43015941223971
0.76265780480176
0.65089844285561
0.24852087177436
-0.01405383049510
0.14686941387218
0.58905764746873
0.88362229614025
0.73602163000070
0.27540693816714
-0.07180477503916
0.00000000000001
0.37641381275580
0.63642788343742
0.46709352980837
-0.02776894936032
-0.42797543233282
-0.40794549060183
-0.05473605590514
0.21910062114660
0.08222759571750
-0.38859356080203
-0.78245706611843
-0.75652269145385
-0.37157547722888
-0.03147017171004
-0.08594235253127
-0.48680849426113
-0.83514760594252
-0.77313919430834
-0.33580191368058
0.08275488435079
0.11544420294429
-0.21843056646789
-0.53339565348845
-0.45772942141986
-0.00000000000004
0.45772942141988
0.53339565348846
0.21843056646797
-0.11544420294428
-0.08275488435083
0.33580191368050
0.77313919430832
0.83514760594255
0.48680849426115
0.08594235253126
0.03147017171001
0.37157547722890
0.75652269145380
0.78245706611844
0.38859356080206
-0.08222759571748
-0.21910062114661
0.05473605590517
0.40794549060182
0.42797543233282
0.02776894936035
-0.46709352980835
-0.63642788343741
-0.37641381275582
0.00000000000001
0.07180477503916
-0.27540693816711
-0.73602163000072
-0.88362229614024
-0.58905764746871
-0.14686941387216
0.01405383049509
-0.24852087177438
-0.65089844285566
-0.76265780480177
-0.43015941223970
0.07151244926105
0.30739396812279
0.10832104151755
-0.26450336353161
-0.37760737480329
-0.05254303373554
0.45723324491623
0.71361539132433
0.52249377641675
0.12293558972818
-0.04882501627982
0.21118627898702
0.67352839035545
0.90000000000000
0.67352839035552
0.21118627898706
-0.04882501627981
0.12293558972816
0.52249377641671
0.71361539132433
0.45723324491625
-0.05254303373555
-0.37760737480327
-0.26450336353163
0.10832104151756
0.30739396812278
0.07151244926109
-0.43015941223976
-0.76265780480176
-0.65089844285565
-0.24852087177446
0.01405383049509
-0.14686941387217
-0.58905764746867
-0.88362229614024
-0.73602163000070
-0.27540693816714
0.07180477503915
-0.00000000000000
-0.37641381275580
-0.63642788343742
-0.46709352980841
0.02776894936037
0.42797543233282
0.40794549060183
0.05473605590519
-0.21910062114660
-0.08222759571751
0.38859356080203
0.78245706611844
0.75652269145382
0.37157547722888
0.03147017171004
0.08594235253129
0.48680849426112
0.83514760594252
0.77313919430834
0.33580191368053
-0.08275488435082
-0.11544420294430
0.21843056646793
0.53339565348848
0.45772942141988
0.00000000000005
-0.45772942141988
-0.53339565348847
-0.21843056646797
0.11544420294429
0.08275488435083
-0.33580191368054
-0.77313919430832
-0.83514760594253
-0.48680849426116
-0.08594235253129
-0.03147017171001
-0.37157547722889
-0.75652269145380
-0.78245706611845
-0.38859356080202
0.08222759571747
0.21910062114662
-0.05473605590511
-0.40794549060180
-0.42797543233282
-0.02776894936036
0.46709352980834
0.63642788343742
0.37641381275584
-0.00000000000001
-0.07180477503915
0.27540693816710
0.73602163000071
0.88362229614025
0.58905764746871
0.14686941387217
-0.01405383049510
0.24852087177438
0.65089844285566
0.76265780480176
0.43015941223975
-0.07151244926105
-0.30739396812279
-0.10832104151755
0.26450336353156
0.37760737480328
0.05254303373555
-0.45723324491622
-0.71361539132433
-0.52249377641675
-0.12293558972819
0.04882501627981
-0.21118627898706
-0.67352839035549
-0.90000000000000
-0.67352839035553
-0.21118627898701
0.04882501627981
-0.12293558972816
-0.52249377641671
-0.71361539132434
-0.45723324491626
0.05254303373554
0.37760737480328
0.26450336353160
-0.10832104151751
-0.30739396812279
-0.07151244926100
0.43015941223971
0.76265780480175
0.65089844285565
0.24852087177437
-0.01405383049509
0.14686941387217
0.58905764746872
0.88362229614026
0.73602163000075
0.27540693816715
-0.07180477503916
-0.00000000000000
0.37641381275579
0.63642788343742
0.46709352980838
-0.02776894936036
-0.42797543233280
-0.40794549060182
-0.05473605590515
0.21910062114661
0.08222759571751
-0.38859356080207
-0.78245706611842
-0.75652269145382
-0.37157547722894
-0.03147017171003
-0.08594235253126
-0.48680849426111
-0.83514760594253
-0.77313919430832
-0.33580191368059
0.08275488435081
0.11544420294428
-0.21843056646793
-0.53339565348845
-0.45772942141991
-0.00000000000000
0.45772942141987
0.53339565348850
0.21843056646793
-0.11544420294431
-0.08275488435084
0.33580191368048
0.77313919430832
0.83514760594254
0.48680849426117
0.08594235253132
0.03147017171002
0.37157547722888
0.75652269145379
0.78245706611842
0.38859356080208
-0.08222759571747
-0.21910062114662
0.05473605590515
0.40794549060181
0.42797543233283
0.02776894936042
-0.46709352980838
-0.63642788343743
-0.37641381275584
0.00000000000003
0.07180477503916
-0.27540693816709
-0.73602163000071
-0.88362229614025
-0.58905764746872
-0.14686941387217
0.01405383049509
-0.24852087177442
-0.65089844285561
-0.76265780480177
-0.43015941223971
0.07151244926104
0.30739396812278
0.10832104151755
-0.26450336353159
-0.37760737480328
-0.05254303373560
0.45723324491626
0.71361539132434
0.52249377641676
0.12293558972820
-0.04882501627982
0.21118627898701
0.67352839035548
0.90000000000000
0.67352839035549
0.21118627898707
-0.04882501627981
0.12293558972819
0.52249377641675
0.71361539132434
0.45723324491626
-0.05254303373554
-0.37760737480328
-0.26450336353164
0.10832104151751
0.30739396812279
0.07151244926105
-0.43015941223964
-0.76265780480177
-0.65089844285562
-0.24852087177443
0.01405383049508
-0.14686941387216
-0.58905764746871
-0.88362229614024
-0.73602163000079
-0.27540693816710
0.07180477503916
0.00000000000004
-0.37641381275583
-0.63642788343741
-0.46709352980839
0.02776894936030
0.42797543233282
0.40794549060180
0.05473605590516
-0.21910062114658
-0.08222759571747
0.38859356080201
0.78245706611841
0.75652269145380
0.37157547722889
0.03147017171003
0.08594235253126
0.48680849426116
0.83514760594253
0.77313919430835
0.33580191368060
-0.08275488435083
-0.11544420294431
0.21843056646792
0.53339565348848
0.45772942141988
0.00000000000001
-0.45772942141987
-0.53339565348848
-0.21843056646793
0.11544420294427
0.08275488435085
-0.33580191368053
-0.77313919430831
-0.83514760594254
-0.48680849426112
-0.08594235253130
-0.03147017171002
-0.37157547722883
-0.75652269145382
-0.78245706611845
-0.38859356080208
0.08222759571746
0.21910062114661
-0.05473605590515
-0.40794549060181
-0.42797543233283
-0.02776894936036
0.46709352980836
0.63642788343743
0.37641381275580
0.00000000000001
-0.07180477503917
0.27540693816708
0.73602163000074
0.88362229614026
0.58905764746873
0.14686941387217
-0.01405383049509
0.24852087177436
0.65089844285562
0.76265780480175
0.43015941223972
-0.07151244926098
-0.30739396812279
-0.10832104151756
0.26450336353159
0.37760737480329
0.05254303373554
-0.45723324491625
-0.71361539132433
-0.52249377641681
-0.12293558972816
0.04882501627981
-0.21118627898700
-0.67352839035543
-0.90000000000000
-0.67352839035550
-0.21118627898707
0.04882501627982
-0.12293558972819
-0.52249377641670
-0.71361539132433
-0.45723324491622
0.05254303373554
0.37760737480328
0.26450336353165
-0.10832104151755
-0.30739396812278
-0.07151244926111
0.43015941223975
0.76265780480176
0.65089844285566
0.24852087177443
-0.01405383049510
0.14686941387216
0.58905764746870
0.88362229614025
0.73602163000072
0.27540693816711
-0.07180477503914
-0.00000000000001
0.37641381275582
0.63642788343741
0.46709352980840
-0.02776894936035
-0.42797543233281
-0.40794549060182
-0.05473605590517
0.21910062114660
0.08222759571749
-0.38859356080200
-0.78245706611844
-0.75652269145383
-0.37157547722885
-0.03147017171005
-0.08594235253128
-0.48680849426115
-0.83514760594253
-0.77313919430832
-0.33580191368055
0.08275488435080
0.11544420294431
-0.21843056646792
-0.53339565348844
-0.45772942141992
-0.00000000000008
