0.42596526483716
0.57492006997661
0.38301227566845
0.04771421018584
-0.12626170173387
0.03602176512909
0.44330167687810
0.80792299880873
0.86785609929721
0.58905764746873
0.19152223323435
-0.02113659545990
0.10336259648912
0.44837923903230
0.71915098741871
0.67167553714132
0.30246018351124
-0.14778314791818
-0.37938244289648
-0.26450336353161
0.05515048844955
0.27934177118099
0.18303818726898
-0.20810340842768
-0.63639610306789
-0.81050926306024
-0.63002157297243
-0.26231938362471
-0.01232759471319
-0.08594235253127
-0.43032491168265
-0.77470639158192
-0.84011547875720
-0.55565832867301
-0.11390232665115
0.17752589929630
0.13325425645091
-0.16731338125691
-0.44258176769166
-0.42797543233282
-0.08203655484228
0.38017970520927
0.65229860895418
0.57254956119953
0.24780254226584
-0.03028035855101
-0.01203664567303
0.31606498310863
0.72026792741165
0.90000000000000
0.72026792741165
0.31606498310863
-0.01203664567303
-0.03028035855101
0.24780254226584
0.57254956119952
0.65229860895418
0.38017970520928
-0.08203655484227
-0.42797543233282
-0.44258176769166
-0.16731338125692
0.13325425645091
0.17752589929630
-0.11390232665115
-0.55565832867301
-0.84011547875720
-0.77470639158192
-0.43032491168265
-0.08594235253127
-0.01232759471319
-0.26231938362471
-0.63002157297243
-0.81050926306024
-0.63639610306789
-0.20810340842768
0.18303818726898
0.27934177118099
0.05515048844955
-0.26450336353161
-0.37938244289648
-0.14778314791819
0.30246018351124
0.67167553714132
0.71915098741871
0.44837923903231
0.10336259648912
-0.02113659545990
0.19152223323435
0.58905764746872
0.86785609929721
0.80792299880873
0.44330167687810
0.03602176512909
-0.12626170173387
0.04771421018584
0.38301227566844
0.57492006997661
0.42596526483716
0.00000000000000
-0.42596526483717
-0.57492006997661
-0.38301227566845
-0.04771421018583
0.12626170173387
-0.03602176512909
-0.44330167687810
-0.80792299880873
-0.86785609929721
-0.58905764746872
-0.19152223323435
0.02113659545990
-0.10336259648912
-0.44837923903229
-0.71915098741872
-0.67167553714132
-0.30246018351124
0.14778314791818
0.37938244289647
0.26450336353162
-0.05515048844955
-0.27934177118099
-0.18303818726898
0.20810340842767
0.63639610306788
0.81050926306024
0.63002157297243
0.26231938362472
0.01232759471319
0.08594235253127
0.43032491168265
0.77470639158193
0.84011547875720
0.55565832867301
0.11390232665116
-0.17752589929630
-0.13325425645091
0.16731338125692
0.44258176769166
0.42797543233282
0.08203655484229
-0.38017970520928
-0.65229860895418
-0.57254956119953
-0.24780254226584
0.03028035855101
0.01203664567303
-0.31606498310862
-0.72026792741164
-0.90000000000000
-0.72026792741166
-0.31606498310865
0.01203664567303
0.03028035855101
-0.24780254226584
-0.57254956119953
-0.65229860895418
-0.38017970520928
0.08203655484227
0.42797543233282
0.44258176769166
0.16731338125693
-0.13325425645091
-0.17752589929630
0.11390232665114
0.55565832867300
0.84011547875720
0.77470639158193
0.43032491168265
0.08594235253127
0.01232759471319
0.26231938362471
0.63002157297243
0.81050926306024
0.63639610306790
0.20810340842769
-0.18303818726898
-0.27934177118099
-0.05515048844955
0.26450336353161
0.37938244289648
0.14778314791819
-0.30246018351124
-0.67167553714132
-0.71915098741872
-0.44837923903231
-0.10336259648912
0.02113659545990
-0.19152223323436
-0.58905764746872
-0.86785609929721
-0.80792299880873
-0.44330167687810
-0.03602176512910
0.12626170173387
-0.04771421018584
-0.38301227566844
-0.57492006997661
-0.42596526483716
-0.00000000000000
0.42596526483716
0.57492006997661
0.38301227566844
0.04771421018584
-0.12626170173387
0.03602176512909
0.44330167687810
0.80792299880873
0.86785609929721
0.58905764746872
0.19152223323435
-0.02113659545990
0.10336259648912
0.44837923903230
0.71915098741871
0.67167553714132
0.30246018351124
-0.14778314791818
-0.37938244289648
-0.26450336353161
0.05515048844956
0.27934177118099
0.18303818726898
-0.20810340842768
-0.63639610306789
-0.81050926306024
-0.63002157297245
-0.26231938362473
-0.01232759471319
-0.08594235253128
-0.43032491168267
-0.77470639158192
-0.84011547875720
-0.55565832867302
-0.11390232665116
0.17752589929629
0.13325425645092
-0.16731338125691
-0.44258176769165
-0.42797543233282
-0.08203655484228
0.38017970520927
0.65229860895418
0.57254956119953
0.24780254226584
-0.03028035855101
-0.01203664567303
0.31606498310862
0.72026792741165
0.90000000000000
0.72026792741166
0.31606498310864
-0.01203664567302
-0.03028035855101
0.24780254226583
0.57254956119952
0.65229860895418
0.38017970520928
-0.08203655484227
-0.42797543233281
-0.44258176769166
-0.16731338125692
0.13325425645091
0.17752589929630
-0.11390232665114
-0.55565832867300
-0.84011547875720
-0.77470639158192
-0.43032491168267
-0.08594235253128
-0.01232759471319
-0.26231938362472
-0.63002157297244
-0.81050926306024
-0.63639610306789
-0.20810340842768
0.18303818726898
0.27934177118098
0.05515048844956
-0.26450336353161
-0.37938244289648
-0.14778314791820
0.30246018351124
0.67167553714132
0.71915098741871
0.44837923903231
0.10336259648912
-0.02113659545990
0.19152223323434
0.58905764746872
0.86785609929721
0.80792299880873
0.44330167687811
0.03602176512909
-0.12626170173387
0.04771421018582
0.38301227566844
0.57492006997661
0.42596526483717
0.00000000000001
-0.42596526483716
-0.57492006997661
-0.38301227566844
-0.04771421018587
0.12626170173386
-0.03602176512909
-0.44330167687808
-0.80792299880873
-0.86785609929722
-0.58905764746872
-0.19152223323436
0.02113659545990
-0.10336259648910
-0.44837923903229
-0.71915098741871
-0.67167553714133
-0.30246018351124
0.14778314791818
0.37938244289647
0.26450336353162
-0.05515048844956
-0.27934177118099
-0.18303818726899
0.20810340842765
0.63639610306788
0.81050926306024
0.63002157297244
0.26231938362473
0.01232759471319
0.08594235253127
0.43032491168265
0.77470639158192
0.84011547875721
0.55565832867301
0.11390232665117
-0.17752589929630
-0.13325425645092
0.16731338125692
0.44258176769165
0.42797543233282
0.08203655484231
-0.38017970520926
-0.65229860895418
-0.57254956119953
-0.24780254226585
0.03028035855101
0.01203664567303
-0.31606498310862
-0.72026792741165
-0.90000000000000
-0.72026792741167
-0.31606498310866
0.01203664567302
0.03028035855101
-0.24780254226583
-0.57254956119952
-0.65229860895418
-0.38017970520927
0.08203655484227
0.42797543233281
0.44258176769167
0.16731338125693
-0.13325425645091
-0.17752589929630
0.11390232665116
0.55565832867300
0.84011547875720
0.77470639158193
0.43032491168264
0.08594235253129
0.01232759471319
0.26231938362470
0.63002157297243
0.81050926306024
0.63639610306790
0.20810340842766
-0.18303818726898
-0.27934177118098
-0.05515048844957
0.26450336353161
0.37938244289648
0.14778314791819
-0.30246018351122
-0.67167553714132
-0.71915098741871
-0.44837923903230
-0.10336259648911
0.02113659545991
-0.19152223323435
-0.58905764746871
-0.86785609929721
-0.80792299880873
-0.44330167687810
-0.03602176512910
0.12626170173386
-0.04771421018585
-0.38301227566846
-0.57492006997661
-0.42596526483717
-0.00000000000000
0.42596526483716
0.57492006997661
0.38301227566845
0.04771421018584
-0.12626170173387
0.03602176512910
0.44330167687810
0.80792299880872
0.86785609929721
0.58905764746873
0.19152223323435
-0.02113659545990
0.10336259648913
0.44837923903230
0.71915098741872
0.67167553714131
0.30246018351125
-0.14778314791819
-0.37938244289647
-0.26450336353161
0.05515048844955
0.27934177118099
0.18303818726898
-0.20810340842769
-0.63639610306789
-0.81050926306024
-0.63002157297243
-0.26231938362472
-0.01232759471319
-0.08594235253127
-0.43032491168267
-0.77470639158193
-0.84011547875720
-0.55565832867300
-0.11390232665116
0.17752589929629
0.13325425645092
-0.16731338125693
-0.44258176769166
-0.42797543233281
-0.08203655484227
0.38017970520929
0.65229860895418
0.57254956119950
0.24780254226585
-0.03028035855101
-0.01203664567304
0.31606498310864
0.72026792741166
0.90000000000000
0.72026792741163
0.31606498310865
-0.01203664567304
-0.03028035855103
0.24780254226585
0.57254956119950
0.65229860895418
0.38017970520930
-0.08203655484226
-0.42797543233282
-0.44258176769166
-0.16731338125689
0.13325425645089
0.17752589929630
-0.11390232665112
-0.55565832867299
-0.84011547875719
-0.77470639158193
-0.43032491168268
-0.08594235253128
-0.01232759471319
-0.26231938362468
-0.63002157297242
-0.81050926306024
-0.63639610306790
-0.20810340842771
0.18303818726897
0.27934177118099
0.05515048844956
-0.26450336353160
-0.37938244289647
-0.14778314791819
0.30246018351121
0.67167553714132
0.71915098741872
0.44837923903231
0.10336259648914
-0.02113659545990
0.19152223323434
0.58905764746872
0.86785609929721
0.80792299880874
0.44330167687811
0.03602176512911
-0.12626170173387
0.04771421018583
0.38301227566844
0.57492006997661
0.42596526483716
0.00000000000004
-0.42596526483715
-0.57492006997661
-0.38301227566846
-0.04771421018585
0.12626170173387
-0.03602176512909
-0.44330167687808
-0.80792299880873
-0.86785609929722
-0.58905764746875
-0.19152223323438
0.02113659545990
-0.10336259648912
-0.44837923903229
-0.71915098741871
-0.67167553714133
-0.30246018351124
0.14778314791817
0.37938244289647
0.26450336353163
-0.05515048844953
-0.27934177118098
-0.18303818726899
0.20810340842768
0.63639610306789
0.81050926306024
0.63002157297244
0.26231938362471
0.01232759471319
0.08594235253127
0.43032491168263
0.77470639158192
0.84011547875721
0.55565832867302
0.11390232665115
-0.17752589929629
-0.13325425645090
0.16731338125689
0.44258176769165
0.42797543233283
0.08203655484228
-0.38017970520926
-0.65229860895418
-0.57254956119952
-0.24780254226584
0.03028035855102
0.01203664567304
-0.31606498310863
-0.72026792741163
-0.90000000000000
-0.72026792741167
-0.31606498310864
0.01203664567302
0.03028035855101
-0.24780254226585
-0.57254956119953
-0.65229860895418
-0.38017970520929
0.08203655484227
0.42797543233281
0.44258176769166
0.16731338125692
-0.13325425645092
-0.17752589929631
0.11390232665113
0.55565832867300
0.84011547875721
0.77470639158191
0.43032491168267
0.08594235253127
0.01232759471318
0.26231938362469
0.63002157297243
0.81050926306024
0.63639610306792
0.20810340842769
-0.18303818726898
-0.27934177118100
-0.05515048844957
0.26450336353161
0.37938244289648
0.14778314791821
-0.30246018351123
-0.67167553714132
-0.71915098741870
-0.44837923903232
-0.10336259648913
0.02113659545990
-0.19152223323433
-0.58905764746871
-0.86785609929720
-0.80792299880875
-0.44330167687812
-0.03602176512910
0.12626170173387
-0.04771421018582
-0.38301227566843
-0.57492006997661
-0.42596526483715
-0.00000000000002
0.42596526483716
0.57492006997661
0.38301227566843
0.04771421018585
-0.12626170173386
0.03602176512910
0.44330167687812
0.80792299880869
0.86785609929723
0.58905764746876
0.19152223323437
-0.02113659545990
0.10336259648909
0.44837923903227
0.71915098741871
0.67167553714132
0.30246018351128
-0.14778314791816
-0.37938244289648
-0.26450336353160
0.05515048844957
0.27934177118098
0.18303818726898
-0.20810340842768
-0.63639610306791
-0.81050926306025
-0.63002157297247
-0.26231938362474
-0.01232759471319
-0.08594235253127
-0.43032491168262
-0.77470639158191
-0.84011547875720
-0.55565832867300
-0.11390232665118
0.17752589929629
0.13325425645091
-0.16731338125693
-0.44258176769165
-0.42797543233282
-0.08203655484228
0.38017970520929
0.65229860895419
0.57254956119953
0.24780254226588
-0.03028035855100
-0.01203664567303
0.31606498310859
0.72026792741162
0.90000000000000
0.72026792741166
0.31606498310868
-0.01203664567304
-0.03028035855102
0.24780254226584
0.57254956119950
0.65229860895418
0.38017970520928
-0.08203655484228
-0.42797543233280
-0.44258176769164
-0.16731338125692
0.13325425645093
0.17752589929630
-0.11390232665114
-0.55565832867297
-0.84011547875719
-0.77470639158193
-0.43032491168265
-0.08594235253130
-0.01232759471318
-0.26231938362471
-0.63002157297244
-0.81050926306024
-0.63639610306787
-0.20810340842768
0.18303818726898
0.27934177118099
0.05515048844951
-0.26450336353162
-0.37938244289648
-0.14778314791825
0.30246018351124
0.67167553714130
0.71915098741872
0.44837923903231
0.10336259648912
-0.02113659545991
0.19152223323434
0.58905764746872
0.86785609929722
0.80792299880874
0.44330167687811
0.03602176512909
-0.12626170173386
0.04771421018583
0.38301227566849
0.57492006997662
0.42596526483716
0.00000000000002
-0.42596526483720
-0.57492006997662
-0.38301227566846
-0.04771421018588
0.12626170173387
-0.03602176512907
-0.44330167687808
-0.80792299880873
-0.86785609929721
-0.58905764746875
-0.19152223323440
0.02113659545990
-0.10336259648914
-0.44837923903229
-0.71915098741874
-0.67167553714132
-0.30246018351121
0.14778314791817
0.37938244289648
0.26450336353164
-0.05515048844954
-0.27934177118097
-0.18303818726897
0.20810340842765
0.63639610306784
0.81050926306024
0.63002157297241
0.26231938362473
0.01232759471320
0.08594235253128
0.43032491168268
0.77470639158192
0.84011547875722
0.55565832867299
0.11390232665117
-0.17752589929629
-0.13325425645087
0.16731338125694
0.44258176769163
0.42797543233284
0.08203655484226
-0.38017970520925
-0.65229860895417
-0.57254956119955
-0.24780254226587
0.03028035855100
0.01203664567305
-0.31606498310865
-0.72026792741163
-0.90000000000000
-0.72026792741169
-0.31606498310861
0.01203664567302
0.03028035855101
-0.24780254226581
-0.57254956119954
-0.65229860895419
-0.38017970520931
0.08203655484225
0.42797543233282
0.44258176769168
0.16731338125695
-0.13325425645089
-0.17752589929630
0.11390232665111
0.55565832867298
0.84011547875720
0.77470639158192
0.43032491168269
0.08594235253126
0.01232759471319
0.26231938362472
0.63002157297241
0.81050926306025
0.63639610306789
0.20810340842772
-0.18303818726893
-0.27934177118099
-0.05515048844959
0.26450336353159
0.37938244289647
0.14778314791819
-0.30246018351120
-0.67167553714130
-0.71915098741872
-0.44837923903230
-0.10336259648914
0.02113659545991
-0.19152223323435
-0.58905764746873
-0.86785609929720
-0.80792299880870
-0.44330167687810
-0.03602176512908
0.12626170173387
-0.04771421018583
-0.38301227566841
-0.57492006997661
-0.42596526483722
-0.00000000000000
0.42596526483714
0.57492006997661
0.38301227566846
0.04771421018583
-0.12626170173386
0.03602176512908
0.44330167687810
0.80792299880873
0.86785609929722
0.58905764746873
0.19152223323435
-0.02113659545990
0.10336259648907
0.44837923903230
0.71915098741870
0.67167553714134
0.30246018351130
-0.14778314791819
-0.37938244289647
-0.26450336353162
0.05515048844951
0.27934177118099
0.18303818726899
-0.20810340842766
-0.63639610306790
-0.81050926306024
-0.63002157297245
-0.26231938362472
-0.01232759471319
-0.08594235253129
-0.43032491168264
-0.77470639158196
-0.84011547875721
-0.55565832867302
-0.11390232665121
0.17752589929630
0.13325425645093
-0.16731338125691
-0.44258176769164
-0.42797543233281
-0.08203655484230
0.38017970520926
0.65229860895419
0.57254956119951
0.24780254226586
-0.03028035855101
-0.01203664567302
0.31606498310866
0.72026792741164
0.90000000000000
0.72026792741168
0.31606498310865
-0.01203664567300
-0.03028035855101
0.24780254226582
0.57254956119952
0.65229860895418
0.38017970520926
-0.08203655484226
-0.42797543233281
-0.44258176769167
-0.16731338125689
0.13325425645090
0.17752589929631
-0.11390232665117
-0.55565832867303
-0.84011547875720
-0.77470639158192
-0.43032491168263
-0.08594235253128
-0.01232759471318
-0.26231938362468
-0.63002157297242
-0.81050926306024
-0.63639610306793
-0.20810340842765
0.18303818726897
0.27934177118098
0.05515048844958
-0.26450336353163
-0.37938244289649
-0.14778314791818
0.30246018351121
0.67167553714134
0.71915098741871
0.44837923903228
0.10336259648910
-0.02113659545990
0.19152223323432
0.58905764746870
0.86785609929721
0.80792299880873
0.44330167687814
0.03602176512915
-0.12626170173387
0.04771421018585
0.38301227566842
0.57492006997663
0.42596526483716
-0.00000000000001
-0.42596526483715
-0.57492006997661
-0.38301227566843
-0.04771421018587
0.12626170173387
-0.03602176512913
-0.44330167687805
-0.80792299880869
-0.86785609929722
-0.58905764746872
-0.19152223323438
0.02113659545990
-0.10336259648912
-0.44837923903226
-0.71915098741870
-0.67167553714135
-0.30246018351124
0.14778314791816
0.37938244289647
0.26450336353157
-0.05515048844955
-0.27934177118099
-0.18303818726899
0.20810340842772
0.63639610306791
0.81050926306024
0.63002157297248
0.26231938362475
0.01232759471319
0.08594235253124
0.43032491168265
0.77470639158190
0.84011547875721
0.55565832867307
0.11390232665114
-0.17752589929629
-0.13325425645091
0.16731338125687
0.44258176769167
0.42797543233282
0.08203655484229
-0.38017970520929
-0.65229860895418
-0.57254956119956
-0.24780254226590
0.03028035855099
0.01203664567303
-0.31606498310857
-0.72026792741161
-0.90000000000000
-0.72026792741167
-0.31606498310869
0.01203664567303
0.03028035855102
-0.24780254226583
-0.57254956119949
-0.65229860895418
-0.38017970520929
0.08203655484227
0.42797543233280
0.44258176769164
0.16731338125693
-0.13325425645089
-0.17752589929629
0.11390232665113
0.55565832867295
0.84011547875719
0.77470639158194
0.43032491168267
0.08594235253130
0.01232759471319
0.26231938362469
0.63002157297243
0.81050926306024
0.63639610306787
0.20810340842769
-0.18303818726898
-0.27934177118099
-0.05515048844953
0.26450336353161
0.37938244289647
0.14778314791821
-0.30246018351122
-0.67167553714129
-0.71915098741872
-0.44837923903233
-0.10336259648913
0.02113659545991
-0.19152223323433
-0.58905764746871
-0.86785609929721
-0.80792299880875
-0.44330167687807
-0.03602176512910
0.12626170173386
-0.04771421018581
-0.38301227566848
-0.57492006997660
-0.42596526483717
-0.00000000000009
