0.45373421419750
0.62746310371217
0.45452472492949
0.12994180590333
-0.04350681738305
0.10782654016825
0.49212669315791
0.82197682930382
0.83638592758719
0.50311529493745
0.04465281936219
-0.23232287444695
-0.17204434167799
0.11257732535177
0.33055742661666
0.24151612490160
-0.15477306140501
-0.61487667772655
-0.83711186431635
-0.69247879586443
-0.32245688635373
-0.02805219694180
-0.03606243387763
-0.32354761137197
-0.63639610306789
-0.68757367333206
-0.38150070119805
0.10925609360417
0.47448089954796
0.50311529493745
0.24320347867283
-0.03868476158119
-0.06697628444888
0.22679873744543
0.64875547815061
0.89114129062063
0.76968213988833
0.36608227223155
-0.03463627708985
-0.16347206880121
0.02628448667527
0.32544364930412
0.43386804248623
0.19613574844373
-0.27469123415090
-0.68117880140665
-0.76855933712685
-0.51908262283389
-0.16335436872860
0.00000000000000
-0.16335436872860
-0.51908262283390
-0.76855933712685
-0.68117880140665
-0.27469123415090
0.19613574844373
0.43386804248623
0.32544364930413
0.02628448667527
-0.16347206880121
-0.03463627708985
0.36608227223154
0.76968213988833
0.89114129062063
0.64875547815061
0.22679873744543
-0.06697628444888
-0.03868476158119
0.24320347867282
0.50311529493745
0.47448089954796
0.10925609360417
-0.38150070119805
-0.68757367333206
-0.63639610306790
-0.32354761137198
-0.03606243387763
-0.02805219694180
-0.32245688635373
-0.69247879586443
-0.83711186431635
-0.61487667772655
-0.15477306140502
0.24151612490160
0.33055742661666
0.11257732535177
-0.17204434167799
-0.23232287444695
0.04465281936219
0.50311529493745
0.83638592758719
0.82197682930382
0.49212669315792
0.10782654016825
-0.04350681738305
0.12994180590333
0.45452472492949
0.62746310371217
0.45373421419750
-0.00000000000000
-0.45373421419751
-0.62746310371217
-0.45452472492949
-0.12994180590333
0.04350681738305
-0.10782654016825
-0.49212669315791
-0.82197682930382
-0.83638592758719
-0.50311529493745
-0.04465281936218
0.23232287444695
0.17204434167799
-0.11257732535176
-0.33055742661666
-0.24151612490161
0.15477306140501
0.61487667772654
0.83711186431635
0.69247879586444
0.32245688635374
0.02805219694180
0.03606243387762
0.32354761137197
0.63639610306789
0.68757367333206
0.38150070119805
-0.10925609360416
-0.47448089954796
-0.50311529493746
-0.24320347867282
0.03868476158120
0.06697628444888
-0.22679873744543
-0.64875547815060
-0.89114129062063
-0.76968213988833
-0.36608227223155
0.03463627708985
0.16347206880121
-0.02628448667526
-0.32544364930413
-0.43386804248623
-0.19613574844373
0.27469123415090
0.68117880140665
0.76855933712685
0.51908262283390
0.16335436872860
0.00000000000000
0.16335436872859
0.51908262283388
0.76855933712685
0.68117880140665
0.27469123415090
-0.19613574844373
-0.43386804248623
-0.32544364930413
-0.02628448667527
0.16347206880121
0.03463627708985
-0.36608227223154
-0.76968213988832
-0.89114129062063
-0.64875547815061
-0.22679873744544
0.06697628444888
0.03868476158120
-0.24320347867282
-0.50311529493745
-0.47448089954796
-0.10925609360418
0.38150070119804
0.68757367333206
0.63639610306789
0.32354761137198
0.03606243387763
0.02805219694180
0.32245688635374
0.69247879586443
0.83711186431635
0.61487667772655
0.15477306140502
-0.24151612490160
-0.33055742661666
-0.11257732535177
0.17204434167799
0.23232287444695
-0.04465281936219
-0.50311529493745
-0.83638592758719
-0.82197682930382
-0.49212669315791
-0.10782654016826
0.04350681738305
-0.12994180590333
-0.45452472492949
-0.62746310371217
-0.45373421419751
0.00000000000000
0.45373421419751
0.62746310371217
0.45452472492948
0.12994180590334
-0.04350681738305
0.10782654016825
0.49212669315791
0.82197682930382
0.83638592758719
0.50311529493745
0.04465281936218
-0.23232287444695
-0.17204434167799
0.11257732535177
0.33055742661666
0.24151612490161
-0.15477306140501
-0.61487667772654
-0.83711186431635
-0.69247879586443
-0.32245688635372
-0.02805219694180
-0.03606243387763
-0.32354761137197
-0.63639610306790
-0.68757367333207
-0.38150070119806
0.10925609360415
0.47448089954795
0.50311529493745
0.24320347867281
-0.03868476158119
-0.06697628444889
0.22679873744542
0.64875547815060
0.89114129062063
0.76968213988834
0.36608227223156
-0.03463627708984
-0.16347206880121
0.02628448667526
0.32544364930412
0.43386804248623
0.19613574844373
-0.27469123415090
-0.68117880140664
-0.76855933712686
-0.51908262283390
-0.16335436872860
0.00000000000000
-0.16335436872859
-0.51908262283389
-0.76855933712685
-0.68117880140665
-0.27469123415091
0.19613574844372
0.43386804248623
0.32544364930413
0.02628448667527
-0.16347206880120
-0.03463627708986
0.36608227223155
0.76968213988833
0.89114129062063
0.64875547815061
0.22679873744543
-0.06697628444888
-0.03868476158120
0.24320347867281
0.50311529493745
0.47448089954796
0.10925609360416
-0.38150070119805
-0.68757367333206
-0.63639610306790
-0.32354761137197
-0.03606243387763
-0.02805219694180
-0.32245688635372
-0.69247879586443
-0.83711186431635
-0.61487667772656
-0.15477306140502
0.24151612490161
0.33055742661666
0.11257732535178
-0.17204434167799
-0.23232287444695
0.04465281936217
0.50311529493745
0.83638592758719
0.82197682930382
0.49212669315792
0.10782654016825
-0.04350681738305
0.12994180590332
0.45452472492949
0.62746310371217
0.45373421419750
0.00000000000001
-0.45373421419750
-0.62746310371217
-0.45452472492948
-0.12994180590336
0.04350681738304
-0.10782654016825
-0.49212669315790
-0.82197682930382
-0.83638592758720
-0.50311529493745
-0.04465281936219
0.23232287444695
0.17204434167801
-0.11257732535176
-0.33055742661666
-0.24151612490161
0.15477306140502
0.61487667772654
0.83711186431635
0.69247879586444
0.32245688635372
0.02805219694180
0.03606243387762
0.32354761137195
0.63639610306789
0.68757367333207
0.38150070119806
-0.10925609360415
-0.47448089954795
-0.50311529493746
-0.24320347867283
0.03868476158119
0.06697628444889
-0.22679873744542
-0.64875547815059
-0.89114129062063
-0.76968213988834
-0.36608227223155
0.03463627708984
0.16347206880121
-0.02628448667524
-0.32544364930411
-0.43386804248623
-0.19613574844374
0.27469123415090
0.68117880140664
0.76855933712686
0.51908262283390
0.16335436872859
0.00000000000000
0.16335436872858
0.51908262283387
0.76855933712685
0.68117880140665
0.27469123415091
-0.19613574844373
-0.43386804248623
-0.32544364930412
-0.02628448667527
0.16347206880120
0.03463627708986
-0.36608227223154
-0.76968213988833
-0.89114129062063
-0.64875547815060
-0.22679873744544
0.06697628444889
0.03868476158119
-0.24320347867284
-0.50311529493744
-0.47448089954796
-0.10925609360420
0.38150070119804
0.68757367333207
0.63639610306790
0.32354761137196
0.03606243387763
0.02805219694181
0.32245688635371
0.69247879586443
0.83711186431636
0.61487667772655
0.15477306140503
-0.24151612490160
-0.33055742661666
-0.11257732535176
0.17204434167800
0.23232287444696
-0.04465281936218
-0.50311529493743
-0.83638592758719
-0.82197682930382
-0.49212669315791
-0.10782654016826
0.04350681738305
-0.12994180590335
-0.45452472492950
-0.62746310371216
-0.45373421419752
0.00000000000000
0.45373421419750
0.62746310371217
0.45452472492949
0.12994180590333
-0.04350681738305
0.10782654016825
0.49212669315791
0.82197682930381
0.83638592758719
0.50311529493746
0.04465281936218
-0.23232287444695
-0.17204434167798
0.11257732535177
0.33055742661667
0.24151612490159
-0.15477306140500
-0.61487667772655
-0.83711186431635
-0.69247879586443
-0.32245688635374
-0.02805219694180
-0.03606243387763
-0.32354761137199
-0.63639610306790
-0.68757367333207
-0.38150070119804
0.10925609360416
0.47448089954796
0.50311529493745
0.24320347867281
-0.03868476158120
-0.06697628444888
0.22679873744543
0.64875547815060
0.89114129062063
0.76968213988833
0.36608227223153
-0.03463627708984
-0.16347206880120
0.02628448667528
0.32544364930414
0.43386804248624
0.19613574844371
-0.27469123415089
-0.68117880140665
-0.76855933712687
-0.51908262283389
-0.16335436872858
0.00000000000000
-0.16335436872861
-0.51908262283388
-0.76855933712686
-0.68117880140667
-0.27469123415090
0.19613574844370
0.43386804248623
0.32544364930415
0.02628448667528
-0.16347206880121
-0.03463627708986
0.36608227223158
0.76968213988831
0.89114129062064
0.64875547815064
0.22679873744545
-0.06697628444888
-0.03868476158120
0.24320347867280
0.50311529493745
0.47448089954795
0.10925609360420
-0.38150070119803
-0.68757367333206
-0.63639610306790
-0.32354761137200
-0.03606243387763
-0.02805219694179
-0.32245688635372
-0.69247879586442
-0.83711186431636
-0.61487667772656
-0.15477306140504
0.24151612490160
0.33055742661667
0.11257732535177
-0.17204434167798
-0.23232287444695
0.04465281936217
0.50311529493745
0.83638592758719
0.82197682930383
0.49212669315792
0.10782654016826
-0.04350681738305
0.12994180590332
0.45452472492949
0.62746310371216
0.45373421419751
0.00000000000004
-0.45373421419749
-0.62746310371217
-0.45452472492951
-0.12994180590334
0.04350681738305
-0.10782654016825
-0.49212669315790
-0.82197682930382
-0.83638592758720
-0.50311529493748
-0.04465281936222
0.23232287444695
0.17204434167799
-0.11257732535176
-0.33055742661666
-0.24151612490161
0.15477306140502
0.61487667772654
0.83711186431635
0.69247879586446
0.32245688635375
0.02805219694181
0.03606243387762
0.32354761137197
0.63639610306789
0.68757367333206
0.38150070119806
-0.10925609360417
-0.47448089954794
-0.50311529493746
-0.24320347867284
0.03868476158119
0.06697628444889
-0.22679873744542
-0.64875547815061
-0.89114129062063
-0.76968213988833
-0.36608227223158
0.03463627708984
0.16347206880121
-0.02628448667526
-0.32544364930411
-0.43386804248623
-0.19613574844372
0.27469123415090
0.68117880140665
0.76855933712686
0.51908262283390
0.16335436872861
0.00000000000000
0.16335436872858
0.51908262283389
0.76855933712685
0.68117880140665
0.27469123415089
-0.19613574844372
-0.43386804248622
-0.32544364930413
-0.02628448667528
0.16347206880120
0.03463627708984
-0.36608227223153
-0.76968213988833
-0.89114129062064
-0.64875547815063
-0.22679873744544
0.06697628444888
0.03868476158118
-0.24320347867281
-0.50311529493745
-0.47448089954797
-0.10925609360419
0.38150070119804
0.68757367333206
0.63639610306791
0.32354761137198
0.03606243387763
0.02805219694179
0.32245688635371
0.69247879586443
0.83711186431635
0.61487667772657
0.15477306140503
-0.24151612490160
-0.33055742661665
-0.11257732535178
0.17204434167799
0.23232287444695
-0.04465281936216
-0.50311529493744
-0.83638592758718
-0.82197682930384
-0.49212669315794
-0.10782654016826
0.04350681738305
-0.12994180590331
-0.45452472492948
-0.62746310371216
-0.45373421419750
-0.00000000000002
0.45373421419750
0.62746310371216
0.45452472492947
0.12994180590335
-0.04350681738305
0.10782654016825
0.49212669315794
0.82197682930378
0.83638592758721
0.50311529493749
0.04465281936220
-0.23232287444695
-0.17204434167802
0.11257732535175
0.33055742661666
0.24151612490160
-0.15477306140498
-0.61487667772653
-0.83711186431635
-0.69247879586443
-0.32245688635371
-0.02805219694181
-0.03606243387763
-0.32354761137199
-0.63639610306791
-0.68757367333207
-0.38150070119808
0.10925609360413
0.47448089954795
0.50311529493745
0.24320347867286
-0.03868476158118
-0.06697628444889
0.22679873744544
0.64875547815058
0.89114129062063
0.76968213988834
0.36608227223154
-0.03463627708983
-0.16347206880121
0.02628448667528
0.32544364930415
0.43386804248623
0.19613574844372
-0.27469123415085
-0.68117880140663
-0.76855933712686
-0.51908262283394
-0.16335436872862
0.00000000000000
-0.16335436872859
-0.51908262283386
-0.76855933712686
-0.68117880140666
-0.27469123415091
0.19613574844369
0.43386804248623
0.32544364930413
0.02628448667525
-0.16347206880120
-0.03463627708982
0.36608227223155
0.76968213988834
0.89114129062064
0.64875547815061
0.22679873744547
-0.06697628444888
-0.03868476158120
0.24320347867283
0.50311529493744
0.47448089954797
0.10925609360418
-0.38150070119805
-0.68757367333205
-0.63639610306787
-0.32354761137197
-0.03606243387762
-0.02805219694179
-0.32245688635377
-0.69247879586443
-0.83711186431636
-0.61487667772660
-0.15477306140501
0.24151612490159
0.33055742661667
0.11257732535178
-0.17204434167800
-0.23232287444696
0.04465281936217
0.50311529493745
0.83638592758719
0.82197682930383
0.49212669315792
0.10782654016824
-0.04350681738304
0.12994180590332
0.45452472492953
0.62746310371216
0.45373421419750
0.00000000000002
-0.45373421419754
-0.62746310371218
-0.45452472492950
-0.12994180590338
0.04350681738305
-0.10782654016823
-0.49212669315790
-0.82197682930382
-0.83638592758719
-0.50311529493748
-0.04465281936224
0.23232287444695
0.17204434167797
-0.11257732535175
-0.33055742661667
-0.24151612490159
0.15477306140504
0.61487667772653
0.83711186431635
0.69247879586446
0.32245688635375
0.02805219694182
0.03606243387763
0.32354761137195
0.63639610306785
0.68757367333207
0.38150070119804
-0.10925609360414
-0.47448089954793
-0.50311529493745
-0.24320347867280
0.03868476158119
0.06697628444889
-0.22679873744545
-0.64875547815059
-0.89114129062063
-0.76968213988829
-0.36608227223152
0.03463627708980
0.16347206880121
-0.02628448667529
-0.32544364930411
-0.43386804248623
-0.19613574844377
0.27469123415087
0.68117880140664
0.76855933712687
0.51908262283388
0.16335436872861
0.00000000000000
0.16335436872856
0.51908262283391
0.76855933712685
0.68117880140665
0.27469123415094
-0.19613574844375
-0.43386804248623
-0.32544364930415
-0.02628448667530
0.16347206880120
0.03463627708988
-0.36608227223150
-0.76968213988831
-0.89114129062063
-0.64875547815065
-0.22679873744546
0.06697628444888
0.03868476158120
-0.24320347867279
-0.50311529493747
-0.47448089954796
-0.10925609360417
0.38150070119802
0.68757367333207
0.63639610306789
0.32354761137200
0.03606243387766
0.02805219694180
0.32245688635369
0.69247879586441
0.83711186431635
0.61487667772655
0.15477306140505
-0.24151612490159
-0.33055742661667
-0.11257732535177
0.17204434167796
0.23232287444696
-0.04465281936218
-0.50311529493746
-0.83638592758718
-0.82197682930380
-0.49212669315791
-0.10782654016824
0.04350681738305
-0.12994180590333
-0.45452472492946
-0.62746310371217
-0.45373421419756
0.00000000000001
0.45373421419749
0.62746310371217
0.45452472492950
0.12994180590333
-0.04350681738304
0.10782654016824
0.49212669315791
0.82197682930382
0.83638592758720
0.50311529493747
0.04465281936218
-0.23232287444695
-0.17204434167803
0.11257732535176
0.33055742661665
0.24151612490163
-0.15477306140494
-0.61487667772656
-0.83711186431635
-0.69247879586445
-0.32245688635378
-0.02805219694180
-0.03606243387761
-0.32354761137196
-0.63639610306789
-0.68757367333206
-0.38150070119807
0.10925609360415
0.47448089954795
0.50311529493743
0.24320347867283
-0.03868476158123
-0.06697628444890
0.22679873744541
0.64875547815056
0.89114129062063
0.76968213988835
0.36608227223156
-0.03463627708981
-0.16347206880121
0.02628448667525
0.32544364930413
0.43386804248623
0.19613574844371
-0.27469123415089
-0.68117880140664
-0.76855933712684
-0.51908262283386
-0.16335436872860
0.00000000000000
-0.16335436872857
-0.51908262283388
-0.76855933712683
-0.68117880140663
-0.27469123415092
0.19613574844372
0.43386804248623
0.32544364930412
0.02628448667529
-0.16347206880121
-0.03463627708987
0.36608227223157
0.76968213988832
0.89114129062063
0.64875547815059
0.22679873744540
-0.06697628444888
-0.03868476158117
0.24320347867286
0.50311529493744
0.47448089954797
0.10925609360420
-0.38150070119803
-0.68757367333206
-0.63639610306792
-0.32354761137195
-0.03606243387763
-0.02805219694180
-0.32245688635370
-0.69247879586446
-0.83711186431635
-0.61487667772655
-0.15477306140505
0.24151612490162
0.33055742661666
0.11257732535173
-0.17204434167801
-0.23232287444694
0.04465281936215
0.50311529493743
0.83638592758719
0.82197682930382
0.49212669315795
0.10782654016830
-0.04350681738305
0.12994180590334
0.45452472492947
0.62746310371217
0.45373421419750
-0.00000000000000
-0.45373421419748
-0.62746310371216
-0.45452472492948
-0.12994180590335
0.04350681738305
-0.10782654016828
-0.49212669315787
-0.82197682930378
-0.83638592758720
-0.50311529493745
-0.04465281936221
0.23232287444694
0.17204434167799
-0.11257732535173
-0.33055742661666
-0.24151612490164
0.15477306140502
0.61487667772651
0.83711186431635
0.69247879586439
0.32245688635372
0.02805219694181
0.03606243387763
0.32354761137202
0.63639610306790
0.68757367333207
0.38150070119811
-0.10925609360413
-0.47448089954795
-0.50311529493749
-0.24320347867282
0.03868476158117
0.06697628444889
-0.22679873744538
-0.64875547815061
-0.89114129062063
-0.76968213988834
-0.36608227223161
0.03463627708985
0.16347206880120
-0.02628448667528
-0.32544364930412
-0.43386804248622
-0.19613574844378
0.27469123415084
0.68117880140663
0.76855933712686
0.51908262283395
0.16335436872863
0.00000000000000
0.16335436872858
0.51908262283384
0.76855933712686
0.68117880140667
0.27469123415092
-0.19613574844368
-0.43386804248623
-0.32544364930413
-0.02628448667527
0.16347206880120
0.03463627708983
-0.36608227223153
-0.76968213988830
-0.89114129062064
-0.64875547815063
-0.22679873744548
0.06697628444887
0.03868476158121
-0.24320347867281
-0.50311529493743
-0.47448089954796
-0.10925609360419
0.38150070119803
0.68757367333205
0.63639610306788
0.32354761137198
0.03606243387763
0.02805219694179
0.32245688635376
0.69247879586443
0.83711186431636
0.61487667772657
0.15477306140503
-0.24151612490158
-0.33055742661667
-0.11257732535179
0.17204434167799
0.23232287444696
-0.04465281936215
-0.50311529493743
-0.83638592758719
-0.82197682930384
-0.49212669315788
-0.10782654016826
0.04350681738305
-0.12994180590331
-0.45452472492951
-0.62746310371217
-0.45373421419750
-0.00000000000008
