0.47035071705200
0.61000009985400
0.37397263277228
0.03868476158120
-0.04350681738305
0.24426174130360
0.67884658925225
0.89114129062063
0.68879775570163
0.22500000000000
-0.13454181915898
-0.12994180590333
0.16789473871098
0.42259373980793
0.33055742661666
-0.10925609360417
-0.59048750136717
-0.76389830484752
-0.53976597626216
-0.16347206880121
0.00177506809319
-0.20532955785096
-0.60211289681505
-0.82197682930382
-0.63639610306789
-0.15680046617697
0.26055751744741
0.32354761137197
0.05648358257849
-0.22500000000000
-0.19432770894174
0.19613574844373
0.66977659781920
0.86485103424123
0.64875547815061
0.23232287444695
-0.01587072551676
0.10749721063283
0.46309597905136
0.69247879586443
0.53428630635471
0.05606585777539
-0.40146875373693
-0.51908262283389
-0.27469123415090
0.04119508695272
0.08359278730338
-0.24151612490160
-0.69210006290589
-0.90000000000000
-0.69210006290590
-0.24151612490160
0.08359278730338
0.04119508695272
-0.27469123415090
-0.51908262283389
-0.40146875373693
0.05606585777539
0.53428630635471
0.69247879586443
0.46309597905136
0.10749721063283
-0.01587072551676
0.23232287444695
0.64875547815061
0.86485103424123
0.66977659781920
0.19613574844373
-0.19432770894174
-0.22500000000000
0.05648358257849
0.32354761137197
0.26055751744741
-0.15680046617697
-0.63639610306789
-0.82197682930382
-0.60211289681506
-0.20532955785097
0.00177506809319
-0.16347206880121
-0.53976597626215
-0.76389830484752
-0.59048750136716
-0.10925609360417
0.33055742661666
0.42259373980793
0.16789473871099
-0.12994180590333
-0.13454181915898
0.22500000000000
0.68879775570163
0.89114129062063
0.67884658925225
0.24426174130360
-0.04350681738305
0.03868476158119
0.37397263277228
0.61000009985399
0.47035071705200
0.00000000000000
-0.47035071705199
-0.61000009985400
-0.37397263277229
-0.03868476158119
0.04350681738305
-0.24426174130360
-0.67884658925225
-0.89114129062063
-0.68879775570163
-0.22500000000000
0.13454181915898
0.12994180590333
-0.16789473871099
-0.42259373980793
-0.33055742661666
0.10925609360417
0.59048750136716
0.76389830484752
0.53976597626216
0.16347206880121
-0.00177506809319
0.20532955785097
0.60211289681505
0.82197682930382
0.63639610306790
0.15680046617697
-0.26055751744741
-0.32354761137197
-0.05648358257849
0.22500000000000
0.19432770894173
-0.19613574844372
-0.66977659781920
-0.86485103424123
-0.64875547815061
-0.23232287444695
0.01587072551676
-0.10749721063283
-0.46309597905136
-0.69247879586443
-0.53428630635472
-0.05606585777539
0.40146875373694
0.51908262283389
0.27469123415090
-0.04119508695272
-0.08359278730338
0.24151612490160
0.69210006290589
0.90000000000000
0.69210006290590
0.24151612490161
-0.08359278730338
-0.04119508695273
0.27469123415089
0.51908262283389
0.40146875373693
-0.05606585777539
-0.53428630635471
-0.69247879586443
-0.46309597905137
-0.10749721063284
0.01587072551676
-0.23232287444695
-0.64875547815060
-0.86485103424123
-0.66977659781919
-0.19613574844373
0.19432770894173
0.22500000000000
-0.05648358257849
-0.32354761137197
-0.26055751744741
0.15680046617696
0.63639610306789
0.82197682930382
0.60211289681504
0.20532955785096
-0.00177506809319
0.16347206880120
0.53976597626215
0.76389830484752
0.59048750136716
0.10925609360417
-0.33055742661666
-0.42259373980793
-0.16789473871098
0.12994180590333
0.13454181915898
-0.22500000000000
-0.68879775570163
-0.89114129062063
-0.67884658925225
-0.24426174130361
0.04350681738304
-0.03868476158118
-0.37397263277228
-0.61000009985399
-0.47035071705199
-0.00000000000000
0.47035071705200
0.61000009985400
0.37397263277228
0.03868476158120
-0.04350681738305
0.24426174130359
0.67884658925224
0.89114129062063
0.68879775570163
0.22499999999999
-0.13454181915898
-0.12994180590333
0.16789473871098
0.42259373980793
0.33055742661667
-0.10925609360417
-0.59048750136716
-0.76389830484752
-0.53976597626216
-0.16347206880120
0.00177506809319
-0.20532955785096
-0.60211289681505
-0.82197682930382
-0.63639610306790
-0.15680046617698
0.26055751744741
0.32354761137197
0.05648358257851
-0.22500000000001
-0.19432770894173
0.19613574844373
0.66977659781919
0.86485103424123
0.64875547815062
0.23232287444695
-0.01587072551676
0.10749721063283
0.46309597905135
0.69247879586443
0.53428630635472
0.05606585777539
-0.40146875373693
-0.51908262283389
-0.27469123415091
0.04119508695272
0.08359278730338
-0.24151612490159
-0.69210006290588
-0.90000000000000
-0.69210006290589
-0.24151612490160
0.08359278730338
0.04119508695273
-0.27469123415090
-0.51908262283389
-0.40146875373693
0.05606585777538
0.53428630635471
0.69247879586443
0.46309597905137
0.10749721063283
-0.01587072551676
0.23232287444695
0.64875547815061
0.86485103424123
0.66977659781919
0.19613574844374
-0.19432770894173
-0.22500000000000
0.05648358257849
0.32354761137197
0.26055751744741
-0.15680046617698
-0.63639610306788
-0.82197682930382
-0.60211289681506
-0.20532955785097
0.00177506809319
-0.16347206880121
-0.53976597626216
-0.76389830484752
-0.59048750136716
-0.10925609360418
0.33055742661666
0.42259373980792
0.16789473871099
-0.12994180590333
-0.13454181915899
0.22500000000000
0.68879775570161
0.89114129062063
0.67884658925226
0.24426174130361
-0.04350681738305
0.03868476158119
0.37397263277228
0.61000009985399
0.47035071705199
-0.00000000000001
-0.47035071705199
-0.61000009985400
-0.37397263277229
-0.03868476158120
0.04350681738305
-0.24426174130360
-0.67884658925225
-0.89114129062063
-0.68879775570162
-0.22500000000001
0.13454181915898
0.12994180590335
-0.16789473871098
-0.42259373980794
-0.33055742661666
0.10925609360417
0.59048750136716
0.76389830484752
0.53976597626214
0.16347206880121
-0.00177506809319
0.20532955785095
0.60211289681506
0.82197682930381
0.63639610306791
0.15680046617699
-0.26055751744740
-0.32354761137197
-0.05648358257849
0.22499999999999
0.19432770894174
-0.19613574844373
-0.66977659781920
-0.86485103424123
-0.64875547815062
-0.23232287444696
0.01587072551676
-0.10749721063283
-0.46309597905134
-0.69247879586443
-0.53428630635473
-0.05606585777537
0.40146875373693
0.51908262283389
0.27469123415090
-0.04119508695273
-0.08359278730337
0.24151612490158
0.69210006290590
0.90000000000000
0.69210006290590
0.24151612490164
-0.08359278730337
-0.04119508695271
0.27469123415088
0.51908262283389
0.40146875373694
-0.05606585777540
-0.53428630635470
-0.69247879586444
-0.46309597905136
-0.10749721063283
0.01587072551676
-0.23232287444693
-0.64875547815061
-0.86485103424123
-0.66977659781918
-0.19613574844374
0.19432770894173
0.22500000000000
-0.05648358257846
-0.32354761137197
-0.26055751744741
0.15680046617698
0.63639610306788
0.82197682930382
0.60211289681506
0.20532955785097
-0.00177506809319
0.16347206880121
0.53976597626214
0.76389830484752
0.59048750136720
0.10925609360418
-0.33055742661666
-0.42259373980793
-0.16789473871096
0.12994180590332
0.13454181915898
-0.22499999999998
-0.68879775570164
-0.89114129062063
-0.67884658925225
-0.24426174130361
0.04350681738305
-0.03868476158119
-0.37397263277226
-0.61000009985400
-0.47035071705200
-0.00000000000001
0.47035071705199
0.61000009985400
0.37397263277228
0.03868476158121
-0.04350681738305
0.24426174130361
0.67884658925225
0.89114129062063
0.68879775570164
0.22500000000001
-0.13454181915898
-0.12994180590335
0.16789473871099
0.42259373980793
0.33055742661666
-0.10925609360418
-0.59048750136715
-0.76389830484753
-0.53976597626216
-0.16347206880119
0.00177506809319
-0.20532955785097
-0.60211289681504
-0.82197682930382
-0.63639610306792
-0.15680046617699
0.26055751744742
0.32354761137197
0.05648358257849
-0.22499999999999
-0.19432770894173
0.19613574844373
0.66977659781919
0.86485103424123
0.64875547815061
0.23232287444695
-0.01587072551676
0.10749721063283
0.46309597905137
0.69247879586443
0.53428630635473
0.05606585777540
-0.40146875373692
-0.51908262283390
-0.27469123415093
0.04119508695273
0.08359278730338
-0.24151612490161
-0.69210006290590
-0.90000000000000
-0.69210006290590
-0.24151612490161
0.08359278730338
0.04119508695274
-0.27469123415090
-0.51908262283389
-0.40146875373693
0.05606585777534
0.53428630635470
0.69247879586443
0.46309597905138
0.10749721063283
-0.01587072551676
0.23232287444696
0.64875547815057
0.86485103424123
0.66977659781921
0.19613574844374
-0.19432770894172
-0.22500000000001
0.05648358257849
0.32354761137198
0.26055751744741
-0.15680046617696
-0.63639610306788
-0.82197682930382
-0.60211289681506
-0.20532955785099
0.00177506809319
-0.16347206880119
-0.53976597626216
-0.76389830484751
-0.59048750136717
-0.10925609360418
0.33055742661666
0.42259373980793
0.16789473871100
-0.12994180590334
-0.13454181915899
0.22499999999998
0.68879775570162
0.89114129062063
0.67884658925223
0.24426174130363
-0.04350681738305
0.03868476158118
0.37397263277229
0.61000009985398
0.47035071705201
0.00000000000001
-0.47035071705199
-0.61000009985399
-0.37397263277231
-0.03868476158119
0.04350681738305
-0.24426174130361
-0.67884658925223
-0.89114129062063
-0.68879775570164
-0.22500000000001
0.13454181915897
0.12994180590333
-0.16789473871099
-0.42259373980794
-0.33055742661667
0.10925609360416
0.59048750136716
0.76389830484752
0.53976597626216
0.16347206880122
-0.00177506809319
0.20532955785095
0.60211289681504
0.82197682930381
0.63639610306790
0.15680046617698
-0.26055751744741
-0.32354761137197
-0.05648358257848
0.22500000000001
0.19432770894175
-0.19613574844374
-0.66977659781917
-0.86485103424123
-0.64875547815059
-0.23232287444697
0.01587072551676
-0.10749721063281
-0.46309597905135
-0.69247879586443
-0.53428630635468
-0.05606585777540
0.40146875373693
0.51908262283389
0.27469123415090
-0.04119508695273
-0.08359278730339
0.24151612490161
0.69210006290586
0.90000000000000
0.69210006290592
0.24151612490158
-0.08359278730337
-0.04119508695274
0.27469123415093
0.51908262283389
0.40146875373694
-0.05606585777532
-0.53428630635471
-0.69247879586443
-0.46309597905136
-0.10749721063282
0.01587072551676
-0.23232287444691
-0.64875547815062
-0.86485103424123
-0.66977659781922
-0.19613574844375
0.19432770894174
0.22500000000002
-0.05648358257847
-0.32354761137199
-0.26055751744742
0.15680046617696
0.63639610306784
0.82197682930382
0.60211289681505
0.20532955785101
-0.00177506809319
0.16347206880121
0.53976597626217
0.76389830484751
0.59048750136716
0.10925609360420
-0.33055742661664
-0.42259373980794
-0.16789473871100
0.12994180590332
0.13454181915898
-0.22500000000004
-0.68879775570162
-0.89114129062063
-0.67884658925225
-0.24426174130360
0.04350681738304
-0.03868476158117
-0.37397263277230
-0.61000009985400
-0.47035071705201
0.00000000000002
0.47035071705201
0.61000009985400
0.37397263277230
0.03868476158121
-0.04350681738305
0.24426174130359
0.67884658925224
0.89114129062063
0.68879775570163
0.22500000000000
-0.13454181915898
-0.12994180590333
0.16789473871095
0.42259373980794
0.33055742661669
-0.10925609360414
-0.59048750136715
-0.76389830484751
-0.53976597626213
-0.16347206880122
0.00177506809319
-0.20532955785095
-0.60211289681504
-0.82197682930381
-0.63639610306789
-0.15680046617697
0.26055751744741
0.32354761137196
0.05648358257848
-0.22500000000001
-0.19432770894175
0.19613574844374
0.66977659781917
0.86485103424123
0.64875547815063
0.23232287444697
-0.01587072551676
0.10749721063285
0.46309597905135
0.69247879586443
0.53428630635472
0.05606585777539
-0.40146875373694
-0.51908262283392
-0.27469123415089
0.04119508695274
0.08359278730337
-0.24151612490157
-0.69210006290591
-0.90000000000000
-0.69210006290592
-0.24151612490163
0.08359278730339
0.04119508695273
-0.27469123415089
-0.51908262283390
-0.40146875373694
0.05606585777538
0.53428630635470
0.69247879586444
0.46309597905136
0.10749721063287
-0.01587072551676
0.23232287444696
0.64875547815058
0.86485103424123
0.66977659781922
0.19613574844370
-0.19432770894172
-0.22500000000001
0.05648358257848
0.32354761137197
0.26055751744742
-0.15680046617696
-0.63639610306789
-0.82197682930382
-0.60211289681505
-0.20532955785101
0.00177506809319
-0.16347206880121
-0.53976597626212
-0.76389830484752
-0.59048750136718
-0.10925609360414
0.33055742661665
0.42259373980794
0.16789473871095
-0.12994180590333
-0.13454181915900
0.22499999999999
0.68879775570162
0.89114129062063
0.67884658925229
0.24426174130360
-0.04350681738305
0.03868476158117
0.37397263277234
0.61000009985399
0.47035071705202
0.00000000000004
-0.47035071705201
-0.61000009985401
-0.37397263277229
-0.03868476158124
0.04350681738304
-0.24426174130359
-0.67884658925220
-0.89114129062064
-0.68879775570163
-0.22500000000005
0.13454181915898
0.12994180590333
-0.16789473871099
-0.42259373980791
-0.33055742661664
0.10925609360420
0.59048750136714
0.76389830484752
0.53976597626213
0.16347206880122
-0.00177506809320
0.20532955785096
0.60211289681504
0.82197682930382
0.63639610306790
0.15680046617693
-0.26055751744741
-0.32354761137199
-0.05648358257852
0.22500000000000
0.19432770894175
-0.19613574844374
-0.66977659781917
-0.86485103424123
-0.64875547815063
-0.23232287444697
0.01587072551677
-0.10749721063282
-0.46309597905136
-0.69247879586444
-0.53428630635471
-0.05606585777544
0.40146875373693
0.51908262283390
0.27469123415089
-0.04119508695274
-0.08359278730339
0.24151612490162
0.69210006290587
0.90000000000000
0.69210006290592
0.24151612490162
-0.08359278730338
-0.04119508695273
0.27469123415084
0.51908262283388
0.40146875373694
-0.05606585777532
-0.53428630635471
-0.69247879586443
-0.46309597905134
-0.10749721063285
0.01587072551677
-0.23232287444696
-0.64875547815058
-0.86485103424122
-0.66977659781918
-0.19613574844375
0.19432770894173
0.22500000000001
-0.05648358257848
-0.32354761137197
-0.26055751744744
0.15680046617702
0.63639610306789
0.82197682930382
0.60211289681509
0.20532955785096
-0.00177506809319
0.16347206880118
0.53976597626217
0.76389830484753
0.59048750136718
0.10925609360425
-0.33055742661668
-0.42259373980794
-0.16789473871105
0.12994180590334
0.13454181915898
-0.22499999999999
-0.68879775570163
-0.89114129062063
-0.67884658925224
-0.24426174130364
0.04350681738304
-0.03868476158120
-0.37397263277226
-0.61000009985401
-0.47035071705203
-0.00000000000002
0.47035071705199
0.61000009985400
0.37397263277225
0.03868476158121
-0.04350681738305
0.24426174130359
0.67884658925224
0.89114129062063
0.68879775570163
0.22500000000005
-0.13454181915898
-0.12994180590332
0.16789473871096
0.42259373980793
0.33055742661669
-0.10925609360413
-0.59048750136714
-0.76389830484753
-0.53976597626212
-0.16347206880122
0.00177506809320
-0.20532955785096
-0.60211289681505
-0.82197682930381
-0.63639610306789
-0.15680046617697
0.26055751744741
0.32354761137198
0.05648358257852
-0.22500000000001
-0.19432770894175
0.19613574844375
0.66977659781921
0.86485103424123
0.64875547815062
0.23232287444696
-0.01587072551676
0.10749721063282
0.46309597905131
0.69247879586444
0.53428630635471
0.05606585777544
-0.40146875373694
-0.51908262283389
-0.27469123415094
0.04119508695271
0.08359278730337
-0.24151612490162
-0.69210006290587
-0.90000000000000
-0.69210006290587
-0.24151612490163
0.08359278730336
0.04119508695271
-0.27469123415089
-0.51908262283389
-0.40146875373696
0.05606585777539
0.53428630635472
0.69247879586444
0.46309597905139
0.10749721063282
-0.01587072551676
0.23232287444697
0.64875547815063
0.86485103424123
0.66977659781922
0.19613574844376
-0.19432770894174
-0.22500000000001
0.05648358257848
0.32354761137196
0.26055751744741
-0.15680046617692
-0.63639610306789
-0.82197682930382
-0.60211289681504
-0.20532955785096
0.00177506809319
-0.16347206880122
-0.53976597626213
-0.76389830484752
-0.59048750136719
-0.10925609360419
0.33055742661667
0.42259373980792
0.16789473871100
-0.12994180590332
-0.13454181915898
0.22499999999995
0.68879775570163
0.89114129062063
0.67884658925224
0.24426174130364
-0.04350681738304
0.03868476158121
0.37397263277226
0.61000009985400
0.47035071705198
0.00000000000003
-0.47035071705194
-0.61000009985400
-0.37397263277230
-0.03868476158119
0.04350681738306
-0.24426174130364
-0.67884658925224
-0.89114129062063
-0.68879775570163
-0.22499999999999
0.13454181915897
0.12994180590336
-0.16789473871100
-0.42259373980794
-0.33055742661668
0.10925609360409
0.59048750136719
0.76389830484752
0.53976597626221
0.16347206880117
-0.00177506809319
0.20532955785092
0.60211289681501
0.82197682930381
0.63639610306789
0.15680046617701
-0.26055751744738
-0.32354761137196
-0.05648358257853
0.22499999999995
0.19432770894173
-0.19613574844370
-0.66977659781918
-0.86485103424123
-0.64875547815062
-0.23232287444696
0.01587072551676
-0.10749721063279
-0.46309597905136
-0.69247879586443
-0.53428630635473
-0.05606585777537
0.40146875373692
0.51908262283388
0.27469123415093
-0.04119508695273
-0.08359278730338
0.24151612490158
0.69210006290587
0.90000000000000
0.69210006290591
0.24151612490162
-0.08359278730337
-0.04119508695272
0.27469123415090
0.51908262283388
0.40146875373693
-0.05606585777537
-0.53428630635468
-0.69247879586444
-0.46309597905140
-0.10749721063281
0.01587072551677
-0.23232287444692
-0.64875547815063
-0.86485103424122
-0.66977659781926
-0.19613574844374
0.19432770894173
0.22500000000000
-0.05648358257849
-0.32354761137197
-0.26055751744742
0.15680046617692
0.63639610306790
0.82197682930382
0.60211289681509
0.20532955785100
-0.00177506809319
0.16347206880118
0.53976597626213
0.76389830484751
0.59048750136714
0.10925609360418
-0.33055742661662
-0.42259373980791
-0.16789473871099
0.12994180590330
0.13454181915901
-0.22500000000000
-0.68879775570163
-0.89114129062063
-0.67884658925224
-0.24426174130359
0.04350681738304
-0.03868476158114
-0.37397263277230
-0.61000009985399
-0.47035071705202
-0.00000000000003
