0.49911739451321
0.55565832867301
0.20541266487574
-0.08124447308371
0.08275488435082
0.57492006997661
0.89423770543239
0.70653262635952
0.20869385667500
-0.08594235253127
0.09329461451285
0.48129251687738
0.57000575098547
0.16731338125692
-0.38859356080205
-0.59363148104092
-0.32333302930156
0.03602176512909
0.01361902373299
-0.42797543233282
-0.84895581995615
-0.81050926306024
-0.35300083676130
0.04802786585691
-0.00000000000000
-0.38017970520927
-0.59689181737819
-0.32090331863555
0.24664446587613
0.58905764746873
0.43336436197046
0.04354283413630
-0.07227349484426
0.27934177118099
0.76265780480176
0.87708746012554
0.50252766782273
0.03028035855101
-0.06340295455106
0.26450336353161
0.57966948667042
0.44837923903230
-0.08453035085326
-0.53988588155700
-0.52249377641674
-0.14778314791818
0.08888999769875
-0.14266881007810
-0.64345826775523
-0.90000000000000
-0.64345826775523
-0.14266881007810
0.08888999769875
-0.14778314791818
-0.52249377641674
-0.53988588155700
-0.08453035085326
0.44837923903230
0.57966948667042
0.26450336353161
-0.06340295455106
0.03028035855101
0.50252766782273
0.87708746012554
0.76265780480176
0.27934177118099
-0.07227349484426
0.04354283413630
0.43336436197046
0.58905764746873
0.24664446587613
-0.32090331863555
-0.59689181737819
-0.38017970520927
0.00000000000000
0.04802786585691
-0.35300083676129
-0.81050926306024
-0.84895581995615
-0.42797543233282
0.01361902373299
0.03602176512910
-0.32333302930157
-0.59363148104093
-0.38859356080205
0.16731338125691
0.57000575098546
0.48129251687739
0.09329461451285
-0.08594235253127
0.20869385667500
0.70653262635952
0.89423770543239
0.57492006997661
0.08275488435082
-0.08124447308371
0.20541266487573
0.55565832867300
0.49911739451321
-0.00000000000000
-0.49911739451321
-0.55565832867301
-0.20541266487574
0.08124447308371
-0.08275488435082
-0.57492006997660
-0.89423770543239
-0.70653262635953
-0.20869385667500
0.08594235253127
-0.09329461451285
-0.48129251687738
-0.57000575098547
-0.16731338125692
0.38859356080205
0.59363148104092
0.32333302930157
-0.03602176512909
-0.01361902373299
0.42797543233282
0.84895581995615
0.81050926306024
0.35300083676130
-0.04802786585691
-0.00000000000000
0.38017970520927
0.59689181737819
0.32090331863555
-0.24664446587612
-0.58905764746873
-0.43336436197046
-0.04354283413630
0.07227349484426
-0.27934177118098
-0.76265780480176
-0.87708746012554
-0.50252766782273
-0.03028035855102
0.06340295455106
-0.26450336353161
-0.57966948667042
-0.44837923903230
0.08453035085326
0.53988588155701
0.52249377641674
0.14778314791819
-0.08888999769875
0.14266881007810
0.64345826775523
0.90000000000000
0.64345826775524
0.14266881007810
-0.08888999769875
0.14778314791817
0.52249377641674
0.53988588155701
0.08453035085327
-0.44837923903230
-0.57966948667041
-0.26450336353162
0.06340295455106
-0.03028035855100
-0.50252766782272
-0.87708746012554
-0.76265780480177
-0.27934177118098
0.07227349484426
-0.04354283413630
-0.43336436197046
-0.58905764746872
-0.24664446587614
0.32090331863554
0.59689181737819
0.38017970520928
0.00000000000001
-0.04802786585692
0.35300083676131
0.81050926306024
0.84895581995615
0.42797543233283
-0.01361902373299
-0.03602176512909
0.32333302930156
0.59363148104093
0.38859356080206
-0.16731338125691
-0.57000575098546
-0.48129251687739
-0.09329461451284
0.08594235253127
-0.20869385667500
-0.70653262635952
-0.89423770543239
-0.57492006997662
-0.08275488435082
0.08124447308372
-0.20541266487573
-0.55565832867301
-0.49911739451321
0.00000000000001
0.49911739451321
0.55565832867301
0.20541266487574
-0.08124447308371
0.08275488435081
0.57492006997660
0.89423770543239
0.70653262635952
0.20869385667499
-0.08594235253127
0.09329461451285
0.48129251687738
0.57000575098547
0.16731338125693
-0.38859356080204
-0.59363148104093
-0.32333302930157
0.03602176512908
0.01361902373299
-0.42797543233283
-0.84895581995615
-0.81050926306024
-0.35300083676131
0.04802786585691
0.00000000000001
-0.38017970520927
-0.59689181737819
-0.32090331863556
0.24664446587611
0.58905764746873
0.43336436197047
0.04354283413629
-0.07227349484426
0.27934177118098
0.76265780480176
0.87708746012554
0.50252766782274
0.03028035855102
-0.06340295455106
0.26450336353162
0.57966948667041
0.44837923903231
-0.08453035085325
-0.53988588155700
-0.52249377641676
-0.14778314791820
0.08888999769875
-0.14266881007809
-0.64345826775521
-0.90000000000000
-0.64345826775522
-0.14266881007810
0.08888999769875
-0.14778314791819
-0.52249377641675
-0.53988588155701
-0.08453035085326
0.44837923903229
0.57966948667042
0.26450336353164
-0.06340295455105
0.03028035855102
0.50252766782271
0.87708746012554
0.76265780480176
0.27934177118098
-0.07227349484426
0.04354283413629
0.43336436197046
0.58905764746873
0.24664446587612
-0.32090331863556
-0.59689181737819
-0.38017970520927
-0.00000000000002
0.04802786585692
-0.35300083676129
-0.81050926306024
-0.84895581995616
-0.42797543233283
0.01361902373299
0.03602176512909
-0.32333302930157
-0.59363148104093
-0.38859356080204
0.16731338125691
0.57000575098546
0.48129251687738
0.09329461451284
-0.08594235253127
0.20869385667497
0.70653262635951
0.89423770543239
0.57492006997662
0.08275488435082
-0.08124447308371
0.20541266487572
0.55565832867301
0.49911739451321
-0.00000000000000
-0.49911739451320
-0.55565832867301
-0.20541266487574
0.08124447308371
-0.08275488435082
-0.57492006997662
-0.89423770543239
-0.70653262635954
-0.20869385667501
0.08594235253127
-0.09329461451284
-0.48129251687736
-0.57000575098547
-0.16731338125694
0.38859356080204
0.59363148104092
0.32333302930156
-0.03602176512910
-0.01361902373300
0.42797543233281
0.84895581995615
0.81050926306024
0.35300083676129
-0.04802786585690
-0.00000000000001
0.38017970520926
0.59689181737819
0.32090331863558
-0.24664446587612
-0.58905764746872
-0.43336436197048
-0.04354283413629
0.07227349484426
-0.27934177118099
-0.76265780480174
-0.87708746012554
-0.50252766782274
-0.03028035855101
0.06340295455107
-0.26450336353162
-0.57966948667041
-0.44837923903232
0.08453035085326
0.53988588155700
0.52249377641675
0.14778314791821
-0.08888999769875
0.14266881007808
0.64345826775522
0.90000000000000
0.64345826775523
0.14266881007811
-0.08888999769875
0.14778314791820
0.52249377641674
0.53988588155700
0.08453035085330
-0.44837923903230
-0.57966948667043
-0.26450336353164
0.06340295455105
-0.03028035855101
-0.50252766782272
-0.87708746012554
-0.76265780480175
-0.27934177118100
0.07227349484426
-0.04354283413630
-0.43336436197047
-0.58905764746873
-0.24664446587611
0.32090331863554
0.59689181737819
0.38017970520929
0.00000000000001
-0.04802786585691
0.35300083676127
0.81050926306025
0.84895581995616
0.42797543233282
-0.01361902373298
-0.03602176512909
0.32333302930155
0.59363148104092
0.38859356080203
-0.16731338125692
-0.57000575098547
-0.48129251687739
-0.09329461451283
0.08594235253128
-0.20869385667498
-0.70653262635949
-0.89423770543239
-0.57492006997664
-0.08275488435083
0.08124447308371
-0.20541266487573
-0.55565832867301
-0.49911739451323
0.00000000000002
0.49911739451320
0.55565832867301
0.20541266487575
-0.08124447308372
0.08275488435081
0.57492006997661
0.89423770543240
0.70653262635954
0.20869385667500
-0.08594235253127
0.09329461451285
0.48129251687737
0.57000575098547
0.16731338125696
-0.38859356080205
-0.59363148104092
-0.32333302930157
0.03602176512910
0.01361902373299
-0.42797543233282
-0.84895581995614
-0.81050926306023
-0.35300083676130
0.04802786585690
0.00000000000003
-0.38017970520927
-0.59689181737819
-0.32090331863557
0.24664446587614
0.58905764746872
0.43336436197047
0.04354283413631
-0.07227349484426
0.27934177118097
0.76265780480175
0.87708746012555
0.50252766782273
0.03028035855101
-0.06340295455106
0.26450336353163
0.57966948667041
0.44837923903231
-0.08453035085321
-0.53988588155700
-0.52249377641676
-0.14778314791820
0.08888999769875
-0.14266881007809
-0.64345826775523
-0.90000000000000
-0.64345826775522
-0.14266881007811
0.08888999769875
-0.14778314791818
-0.52249377641675
-0.53988588155701
-0.08453035085324
0.44837923903228
0.57966948667042
0.26450336353163
-0.06340295455106
0.03028035855101
0.50252766782271
0.87708746012554
0.76265780480177
0.27934177118102
-0.07227349484425
0.04354283413629
0.43336436197044
0.58905764746873
0.24664446587610
-0.32090331863555
-0.59689181737820
-0.38017970520931
0.00000000000000
0.04802786585692
-0.35300083676131
-0.81050926306024
-0.84895581995614
-0.42797543233282
0.01361902373301
0.03602176512911
-0.32333302930151
-0.59363148104092
-0.38859356080208
0.16731338125690
0.57000575098546
0.48129251687738
0.09329461451286
-0.08594235253128
0.20869385667499
0.70653262635950
0.89423770543239
0.57492006997663
0.08275488435081
-0.08124447308371
0.20541266487571
0.55565832867298
0.49911739451322
0.00000000000003
-0.49911739451321
-0.55565832867299
-0.20541266487572
0.08124447308371
-0.08275488435080
-0.57492006997662
-0.89423770543239
-0.70653262635951
-0.20869385667500
0.08594235253127
-0.09329461451286
-0.48129251687738
-0.57000575098546
-0.16731338125692
0.38859356080208
0.59363148104094
0.32333302930157
-0.03602176512908
-0.01361902373301
0.42797543233275
0.84895581995614
0.81050926306027
0.35300083676132
-0.04802786585692
-0.00000000000001
0.38017970520925
0.59689181737819
0.32090331863557
-0.24664446587609
-0.58905764746872
-0.43336436197048
-0.04354283413629
0.07227349484426
-0.27934177118096
-0.76265780480176
-0.87708746012555
-0.50252766782272
-0.03028035855102
0.06340295455104
-0.26450336353162
-0.57966948667041
-0.44837923903230
0.08453035085326
0.53988588155701
0.52249377641674
0.14778314791814
-0.08888999769876
0.14266881007809
0.64345826775521
0.90000000000000
0.64345826775528
0.14266881007812
-0.08888999769876
0.14778314791817
0.52249377641672
0.53988588155701
0.08453035085329
-0.44837923903227
-0.57966948667043
-0.26450336353164
0.06340295455106
-0.03028035855100
-0.50252766782274
-0.87708746012554
-0.76265780480178
-0.27934177118098
0.07227349484425
-0.04354283413631
-0.43336436197046
-0.58905764746872
-0.24664446587612
0.32090331863554
0.59689181737819
0.38017970520927
0.00000000000001
-0.04802786585691
0.35300083676134
0.81050926306026
0.84895581995615
0.42797543233283
-0.01361902373300
-0.03602176512912
0.32333302930154
0.59363148104091
0.38859356080206
-0.16731338125689
-0.57000575098545
-0.48129251687740
-0.09329461451288
0.08594235253127
-0.20869385667497
-0.70653262635953
-0.89423770543239
-0.57492006997664
-0.08275488435086
0.08124447308372
-0.20541266487570
-0.55565832867300
-0.49911739451320
0.00000000000001
0.49911739451320
0.55565832867303
0.20541266487574
-0.08124447308371
0.08275488435082
0.57492006997660
0.89423770543239
0.70653262635952
0.20869385667501
-0.08594235253127
0.09329461451284
0.48129251687741
0.57000575098547
0.16731338125689
-0.38859356080202
-0.59363148104095
-0.32333302930164
0.03602176512907
0.01361902373300
-0.42797543233279
-0.84895581995615
-0.81050926306025
-0.35300083676134
0.04802786585689
0.00000000000002
-0.38017970520923
-0.59689181737819
-0.32090331863559
0.24664446587613
0.58905764746872
0.43336436197050
0.04354283413630
-0.07227349484427
0.27934177118099
0.76265780480175
0.87708746012554
0.50252766782274
0.03028035855103
-0.06340295455105
0.26450336353160
0.57966948667043
0.44837923903231
-0.08453035085330
-0.53988588155701
-0.52249377641670
-0.14778314791815
0.08888999769875
-0.14266881007804
-0.64345826775520
-0.90000000000000
-0.64345826775525
-0.14266881007813
0.08888999769876
-0.14778314791816
-0.52249377641672
-0.53988588155704
-0.08453035085325
0.44837923903230
0.57966948667041
0.26450336353166
-0.06340295455105
0.03028035855099
0.50252766782267
0.87708746012555
0.76265780480175
0.27934177118100
-0.07227349484425
0.04354283413630
0.43336436197045
0.58905764746873
0.24664446587618
-0.32090331863556
-0.59689181737818
-0.38017970520928
0.00000000000001
0.04802786585691
-0.35300083676128
-0.81050926306022
-0.84895581995613
-0.42797543233279
0.01361902373299
0.03602176512913
-0.32333302930152
-0.59363148104091
-0.38859356080210
0.16731338125692
0.57000575098546
0.48129251687741
0.09329461451289
-0.08594235253128
0.20869385667496
0.70653262635947
0.89423770543240
0.57492006997660
0.08275488435083
-0.08124447308372
0.20541266487572
0.55565832867299
0.49911739451324
0.00000000000007
-0.49911739451322
-0.55565832867301
-0.20541266487575
0.08124447308371
-0.08275488435081
-0.57492006997658
-0.89423770543238
-0.70653262635949
-0.20869385667498
0.08594235253127
-0.09329461451283
-0.48129251687739
-0.57000575098547
-0.16731338125700
0.38859356080210
0.59363148104094
0.32333302930160
-0.03602176512906
-0.01361902373300
0.42797543233277
0.84895581995612
0.81050926306026
0.35300083676130
-0.04802786585690
-0.00000000000003
0.38017970520927
0.59689181737819
0.32090331863556
-0.24664446587610
-0.58905764746873
-0.43336436197047
-0.04354283413632
0.07227349484427
-0.27934177118098
-0.76265780480177
-0.87708746012554
-0.50252766782270
-0.03028035855100
0.06340295455106
-0.26450336353159
-0.57966948667042
-0.44837923903228
0.08453035085327
0.53988588155699
0.52249377641672
0.14778314791817
-0.08888999769875
0.14266881007807
0.64345826775523
0.90000000000000
0.64345826775527
0.14266881007810
-0.08888999769875
0.14778314791814
0.52249377641670
0.53988588155699
0.08453035085327
-0.44837923903228
-0.57966948667041
-0.26450336353162
0.06340295455105
-0.03028035855098
-0.50252766782276
-0.87708746012554
-0.76265780480176
-0.27934177118102
0.07227349484426
-0.04354283413628
-0.43336436197043
-0.58905764746873
-0.24664446587610
0.32090331863555
0.59689181737819
0.38017970520926
-0.00000000000001
-0.04802786585692
0.35300083676126
0.81050926306027
0.84895581995614
0.42797543233282
-0.01361902373301
-0.03602176512911
0.32333302930150
0.59363148104091
0.38859356080204
-0.16731338125691
-0.57000575098546
-0.48129251687741
-0.09329461451286
0.08594235253128
-0.20869385667494
-0.70653262635955
-0.89423770543239
-0.57492006997662
-0.08275488435085
0.08124447308372
-0.20541266487572
-0.55565832867300
-0.49911739451325
0.00000000000003
0.49911739451322
0.55565832867301
0.20541266487572
-0.08124447308371
0.08275488435080
0.57492006997657
0.89423770543240
0.70653262635951
0.20869385667500
-0.08594235253126
0.09329461451286
0.48129251687738
0.57000575098548
0.16731338125686
-0.38859356080203
-0.59363148104092
-0.32333302930161
0.03602176512907
0.01361902373301
-0.42797543233276
-0.84895581995611
-0.81050926306024
-0.35300083676131
0.04802786585690
0.00000000000001
-0.38017970520925
-0.59689181737819
-0.32090331863562
0.24664446587614
0.58905764746872
0.43336436197048
0.04354283413629
-0.07227349484427
0.27934177118095
0.76265780480172
0.87708746012553
0.50252766782272
0.03028035855102
-0.06340295455107
0.26450336353161
0.57966948667041
0.44837923903233
-0.08453035085331
-0.53988588155701
-0.52249377641673
-0.14778314791818
0.08888999769876
-0.14266881007805
-0.64345826775517
-0.90000000000000
-0.64345826775524
-0.14266881007812
0.08888999769876
-0.14778314791816
-0.52249377641672
-0.53988588155702
-0.08453035085334
0.44837923903232
0.57966948667043
0.26450336353163
-0.06340295455104
0.03028035855100
0.50252766782269
0.87708746012552
0.76265780480174
0.27934177118098
-0.07227349484425
0.04354283413629
0.43336436197047
0.58905764746872
0.24664446587616
-0.32090331863550
-0.59689181737819
-0.38017970520927
-0.00000000000001
0.04802786585690
-0.35300083676129
-0.81050926306023
-0.84895581995617
-0.42797543233278
0.01361902373298
0.03602176512911
-0.32333302930151
-0.59363148104091
-0.38859356080209
0.16731338125683
0.57000575098547
0.48129251687740
0.09329461451288
-0.08594235253127
0.20869385667498
0.70653262635949
0.89423770543240
0.57492006997664
0.08275488435082
-0.08124447308372
0.20541266487570
0.55565832867300
0.49911739451322
0.00000000000006
-0.49911739451319
-0.55565832867300
-0.20541266487573
0.08124447308372
-0.08275488435078
-0.57492006997660
-0.89423770543239
-0.70653262635952
-0.20869385667496
0.08594235253127
-0.09329461451284
-0.48129251687737
-0.57000575098547
-0.16731338125689
0.38859356080202
0.59363148104093
0.32333302930159
-0.03602176512908
-0.01361902373302
0.42797543233279
0.84895581995615
0.81050926306025
0.35300083676134
-0.04802786585691
-0.00000000000002
0.38017970520923
0.59689181737819
0.32090331863553
-0.24664446587613
-0.58905764746873
-0.43336436197045
-0.04354283413634
0.07227349484427
-0.27934177118089
-0.76265780480178
-0.87708746012555
-0.50252766782273
-0.03028035855106
0.06340295455108
-0.26450336353161
-0.57966948667039
-0.44837923903226
0.08453035085325
0.53988588155700
0.52249377641677
0.14778314791821
-0.08888999769875
0.14266881007804
0.64345826775520
0.90000000000000
0.64345826775521
0.14266881007813
-0.08888999769875
0.14778314791821
0.52249377641679
0.53988588155702
0.08453035085325
-0.44837923903232
-0.57966948667043
-0.26450336353160
0.06340295455107
-0.03028035855105
-0.50252766782273
-0.87708746012552
-0.76265780480179
-0.27934177118109
0.07227349484424
-0.04354283413626
-0.43336436197045
-0.58905764746873
-0.24664446587618
0.32090331863552
0.59689181737820
0.38017970520933
0.00000000000002
-0.04802786585691
0.35300083676123
0.81050926306022
0.84895581995615
0.42797543233290
-0.01361902373297
-0.03602176512910
0.32333302930158
0.59363148104091
0.38859356080208
-0.16731338125693
-0.57000575098545
-0.48129251687741
-0.09329461451292
0.08594235253128
-0.20869385667496
-0.70653262635952
-0.89423770543239
-0.57492006997665
-0.08275488435083
0.08124447308374
-0.20541266487578
-0.55565832867300
-0.49911739451321
-0.00000000000007
