0.25109199543531
0.48224411548110
0.67509996266741
0.81434434721942
0.88891950653562
0.89290323118303
0.82597916311558
0.69346191849821
0.50587504006692
0.27811529493745
0.02826968317032
-0.22382089844837
-0.45813727417533
-0.65607176467927
-0.80190587176953
-0.88405852565582
-0.89600576814277
-0.83679883729943
-0.71113951113812
-0.52900672706323
-0.30486412822076
-0.05651146757638
0.19632891725689
0.43357830669154
0.63639610306789
0.78867601203948
0.87832508574487
0.89822405558544
0.84679269205880
0.72811529493745
0.55161634828768
0.33131209741621
0.08469748198666
-0.16864318312715
-0.40859144976559
-0.61609239533582
-0.77466782430355
-0.87172484501577
-0.89955590432916
-0.85595086466564
-0.74437251684711
-0.57368159077382
-0.35743310157130
-0.11279991020788
0.14079101853621
0.38320136240856
0.59518067879129
0.75989513295181
0.86426431710925
0.90000000000000
0.86426431710925
0.75989513295181
0.59518067879129
0.38320136240857
0.14079101853621
-0.11279991020787
-0.35743310157130
-0.57368159077382
-0.74437251684711
-0.85595086466564
-0.89955590432916
-0.87172484501577
-0.77466782430355
-0.61609239533582
-0.40859144976559
-0.16864318312715
0.08469748198666
0.33131209741621
0.55161634828768
0.72811529493745
0.84679269205880
0.89822405558544
0.87832508574487
0.78867601203948
0.63639610306789
0.43357830669155
0.19632891725689
-0.05651146757638
-0.30486412822076
-0.52900672706323
-0.71113951113812
-0.83679883729942
-0.89600576814277
-0.88405852565582
-0.80190587176953
-0.65607176467927
-0.45813727417534
-0.22382089844837
0.02826968317032
0.27811529493745
0.50587504006692
0.69346191849821
0.82597916311558
0.89290323118303
0.88891950653562
0.81434434721942
0.67509996266741
0.48224411548110
0.25109199543531
0.00000000000000
-0.25109199543531
-0.48224411548110
-0.67509996266741
-0.81434434721942
-0.88891950653562
-0.89290323118303
-0.82597916311558
-0.69346191849821
-0.50587504006692
-0.27811529493745
-0.02826968317031
0.22382089844837
0.45813727417533
0.65607176467927
0.80190587176953
0.88405852565582
0.89600576814277
0.83679883729943
0.71113951113812
0.52900672706323
0.30486412822076
0.05651146757638
-0.19632891725689
-0.43357830669154
-0.63639610306789
-0.78867601203948
-0.87832508574487
-0.89822405558544
-0.84679269205881
-0.72811529493746
-0.55161634828768
-0.33131209741621
-0.08469748198666
0.16864318312715
0.40859144976559
0.61609239533582
0.77466782430355
0.87172484501577
0.89955590432916
0.85595086466564
0.74437251684711
0.57368159077382
0.35743310157131
0.11279991020788
-0.14079101853620
-0.38320136240856
-0.59518067879129
-0.75989513295181
-0.86426431710925
-0.90000000000000
-0.86426431710925
-0.75989513295182
-0.59518067879129
-0.38320136240856
-0.14079101853621
0.11279991020787
0.35743310157130
0.57368159077382
0.74437251684710
0.85595086466564
0.89955590432916
0.87172484501577
0.77466782430355
0.61609239533583
0.40859144976560
0.16864318312715
-0.08469748198666
-0.33131209741621
-0.55161634828768
-0.72811529493745
-0.84679269205880
-0.89822405558544
-0.87832508574487
-0.78867601203948
-0.63639610306790
-0.43357830669155
-0.19632891725689
0.05651146757638
0.30486412822076
0.52900672706323
0.71113951113812
0.83679883729942
0.89600576814277
0.88405852565582
0.80190587176953
0.65607176467928
0.45813727417533
0.22382089844837
-0.02826968317031
-0.27811529493746
-0.50587504006691
-0.69346191849821
-0.82597916311558
-0.89290323118303
-0.88891950653562
-0.81434434721942
-0.67509996266742
-0.48224411548110
-0.25109199543530
-0.00000000000000
0.25109199543530
0.48224411548110
0.67509996266741
0.81434434721942
0.88891950653562
0.89290323118303
0.82597916311559
0.69346191849821
0.50587504006692
0.27811529493745
0.02826968317032
-0.22382089844837
-0.45813727417533
-0.65607176467927
-0.80190587176953
-0.88405852565582
-0.89600576814277
-0.83679883729943
-0.71113951113812
-0.52900672706323
-0.30486412822076
-0.05651146757638
0.19632891725688
0.43357830669155
0.63639610306789
0.78867601203948
0.87832508574487
0.89822405558544
0.84679269205880
0.72811529493745
0.55161634828768
0.33131209741621
0.08469748198667
-0.16864318312715
-0.40859144976559
-0.61609239533582
-0.77466782430355
-0.87172484501577
-0.89955590432916
-0.85595086466564
-0.74437251684710
-0.57368159077382
-0.35743310157130
-0.11279991020788
0.14079101853621
0.38320136240856
0.59518067879128
0.75989513295181
0.86426431710925
0.90000000000000
0.86426431710925
0.75989513295181
0.59518067879129
0.38320136240857
0.14079101853621
-0.11279991020787
-0.35743310157130
-0.57368159077381
-0.74437251684711
-0.85595086466563
-0.89955590432916
-0.87172484501577
-0.77466782430355
-0.61609239533582
-0.40859144976560
-0.16864318312715
0.08469748198666
0.33131209741620
0.55161634828768
0.72811529493745
0.84679269205880
0.89822405558544
0.87832508574487
0.78867601203948
0.63639610306790
0.43357830669154
0.19632891725689
-0.05651146757637
-0.30486412822075
-0.52900672706323
-0.71113951113812
-0.83679883729942
-0.89600576814277
-0.88405852565582
-0.80190587176953
-0.65607176467928
-0.45813727417533
-0.22382089844838
0.02826968317031
0.27811529493745
0.50587504006691
0.69346191849821
0.82597916311558
0.89290323118303
0.88891950653562
0.81434434721942
0.67509996266742
0.48224411548109
0.25109199543531
0.00000000000001
-0.25109199543531
-0.48224411548109
-0.67509996266741
-0.81434434721941
-0.88891950653563
-0.89290323118303
-0.82597916311559
-0.69346191849821
-0.50587504006692
-0.27811529493746
-0.02826968317032
0.22382089844837
0.45813727417533
0.65607176467927
0.80190587176954
0.88405852565582
0.89600576814277
0.83679883729943
0.71113951113812
0.52900672706323
0.30486412822077
0.05651146757640
-0.19632891725689
-0.43357830669154
-0.63639610306788
-0.78867601203948
-0.87832508574487
-0.89822405558545
-0.84679269205880
-0.72811529493746
-0.55161634828768
-0.33131209741621
-0.08469748198666
0.16864318312715
0.40859144976558
0.61609239533582
0.77466782430355
0.87172484501577
0.89955590432916
0.85595086466564
0.74437251684711
0.57368159077382
0.35743310157130
0.11279991020787
-0.14079101853621
-0.38320136240855
-0.59518067879128
-0.75989513295181
-0.86426431710925
-0.90000000000000
-0.86426431710925
-0.75989513295182
-0.59518067879129
-0.38320136240856
-0.14079101853621
0.11279991020788
0.35743310157129
0.57368159077382
0.74437251684710
0.85595086466564
0.89955590432916
0.87172484501577
0.77466782430355
0.61609239533583
0.40859144976559
0.16864318312716
-0.08469748198667
-0.33131209741620
-0.55161634828768
-0.72811529493745
-0.84679269205880
-0.89822405558544
-0.87832508574487
-0.78867601203947
-0.63639610306790
-0.43357830669154
-0.19632891725690
0.05651146757637
0.30486412822074
0.52900672706323
0.71113951113812
0.83679883729942
0.89600576814277
0.88405852565582
0.80190587176953
0.65607176467927
0.45813727417533
0.22382089844837
-0.02826968317031
-0.27811529493745
-0.50587504006692
-0.69346191849820
-0.82597916311558
-0.89290323118303
-0.88891950653562
-0.81434434721942
-0.67509996266742
-0.48224411548109
-0.25109199543531
-0.00000000000000
0.25109199543530
0.48224411548109
0.67509996266740
0.81434434721942
0.88891950653562
0.89290323118303
0.82597916311558
0.69346191849821
0.50587504006692
0.27811529493747
0.02826968317032
-0.22382089844837
-0.45813727417533
-0.65607176467926
-0.80190587176953
-0.88405852565582
-0.89600576814277
-0.83679883729943
-0.71113951113812
-0.52900672706323
-0.30486412822078
-0.05651146757638
0.19632891725688
0.43357830669154
0.63639610306788
0.78867601203948
0.87832508574487
0.89822405558545
0.84679269205880
0.72811529493745
0.55161634828768
0.33131209741622
0.08469748198666
-0.16864318312714
-0.40859144976558
-0.61609239533580
-0.77466782430355
-0.87172484501577
-0.89955590432916
-0.85595086466564
-0.74437251684711
-0.57368159077382
-0.35743310157131
-0.11279991020787
0.14079101853620
0.38320136240856
0.59518067879128
0.75989513295182
0.86426431710925
0.90000000000000
0.86426431710925
0.75989513295182
0.59518067879129
0.38320136240857
0.14079101853622
-0.11279991020787
-0.35743310157130
-0.57368159077381
-0.74437251684710
-0.85595086466564
-0.89955590432916
-0.87172484501577
-0.77466782430355
-0.61609239533583
-0.40859144976560
-0.16864318312716
0.08469748198666
0.33131209741620
0.55161634828767
0.72811529493745
0.84679269205880
0.89822405558544
0.87832508574487
0.78867601203948
0.63639610306790
0.43357830669155
0.19632891725689
-0.05651146757638
-0.30486412822076
-0.52900672706320
-0.71113951113812
-0.83679883729943
-0.89600576814277
-0.88405852565582
-0.80190587176953
-0.65607176467927
-0.45813727417536
-0.22382089844837
0.02826968317031
0.27811529493745
0.50587504006691
0.69346191849821
0.82597916311558
0.89290323118303
0.88891950653562
0.81434434721942
0.67509996266742
0.48224411548110
0.25109199543531
0.00000000000003
-0.25109199543528
-0.48224411548112
-0.67509996266741
-0.81434434721942
-0.88891950653562
-0.89290323118303
-0.82597916311559
-0.69346191849821
-0.50587504006694
-0.27811529493745
-0.02826968317032
0.22382089844837
0.45813727417533
0.65607176467927
0.80190587176953
0.88405852565582
0.89600576814277
0.83679883729943
0.71113951113812
0.52900672706325
0.30486412822076
0.05651146757641
-0.19632891725686
-0.43357830669155
-0.63639610306789
-0.78867601203948
-0.87832508574487
-0.89822405558544
-0.84679269205881
-0.72811529493747
-0.55161634828768
-0.33131209741621
-0.08469748198669
0.16864318312716
0.40859144976560
0.61609239533580
0.77466782430354
0.87172484501577
0.89955590432916
0.85595086466564
0.74437251684710
0.57368159077384
0.35743310157132
0.11279991020787
-0.14079101853621
-0.38320136240857
-0.59518067879129
-0.75989513295182
-0.86426431710924
-0.90000000000000
-0.86426431710925
-0.75989513295181
-0.59518067879128
-0.38320136240856
-0.14079101853620
0.11279991020786
0.35743310157131
0.57368159077381
0.74437251684711
0.85595086466564
0.89955590432916
0.87172484501577
0.77466782430356
0.61609239533583
0.40859144976561
0.16864318312714
-0.08469748198667
-0.33131209741622
-0.55161634828767
-0.72811529493746
-0.84679269205880
-0.89822405558544
-0.87832508574488
-0.78867601203947
-0.63639610306790
-0.43357830669156
-0.19632891725688
0.05651146757637
0.30486412822075
0.52900672706321
0.71113951113813
0.83679883729942
0.89600576814277
0.88405852565582
0.80190587176954
0.65607176467928
0.45813727417535
0.22382089844836
-0.02826968317033
-0.27811529493746
-0.50587504006691
-0.69346191849820
-0.82597916311558
-0.89290323118303
-0.88891950653563
-0.81434434721941
-0.67509996266742
-0.48224411548111
-0.25109199543532
-0.00000000000001
0.25109199543529
0.48224411548111
0.67509996266742
0.81434434721941
0.88891950653562
0.89290323118303
0.82597916311559
0.69346191849823
0.50587504006691
0.27811529493744
0.02826968317033
-0.22382089844836
-0.45813727417533
-0.65607176467926
-0.80190587176953
-0.88405852565582
-0.89600576814277
-0.83679883729943
-0.71113951113811
-0.52900672706323
-0.30486412822077
-0.05651146757639
0.19632891725690
0.43357830669154
0.63639610306789
0.78867601203947
0.87832508574487
0.89822405558544
0.84679269205881
0.72811529493744
0.55161634828768
0.33131209741619
0.08469748198667
-0.16864318312715
-0.40859144976559
-0.61609239533581
-0.77466782430353
-0.87172484501577
-0.89955590432916
-0.85595086466564
-0.74437251684711
-0.57368159077383
-0.35743310157131
-0.11279991020790
0.14079101853623
0.38320136240856
0.59518067879128
0.75989513295181
0.86426431710925
0.90000000000000
0.86426431710926
0.75989513295182
0.59518067879127
0.38320136240857
0.14079101853621
-0.11279991020784
-0.35743310157130
-0.57368159077382
-0.74437251684710
-0.85595086466563
-0.89955590432916
-0.87172484501577
-0.77466782430356
-0.61609239533582
-0.40859144976559
-0.16864318312715
0.08469748198666
0.33131209741621
0.55161634828768
0.72811529493744
0.84679269205879
0.89822405558544
0.87832508574487
0.78867601203948
0.63639610306788
0.43357830669154
0.19632891725691
-0.05651146757636
-0.30486412822076
-0.52900672706323
-0.71113951113812
-0.83679883729942
-0.89600576814277
-0.88405852565582
-0.80190587176954
-0.65607176467927
-0.45813727417533
-0.22382089844837
0.02826968317029
0.27811529493745
0.50587504006692
0.69346191849819
0.82597916311557
0.89290323118303
0.88891950653562
0.81434434721943
0.67509996266741
0.48224411548110
0.25109199543533
0.00000000000002
-0.25109199543531
-0.48224411548110
-0.67509996266742
-0.81434434721941
-0.88891950653562
-0.89290323118303
-0.82597916311559
-0.69346191849821
-0.50587504006691
-0.27811529493745
-0.02826968317034
0.22382089844837
0.45813727417532
0.65607176467926
0.80190587176953
0.88405852565582
0.89600576814277
0.83679883729943
0.71113951113812
0.52900672706322
0.30486412822078
0.05651146757643
-0.19632891725689
-0.43357830669155
-0.63639610306788
-0.78867601203948
-0.87832508574487
-0.89822405558545
-0.84679269205881
-0.72811529493745
-0.55161634828767
-0.33131209741623
-0.08469748198668
0.16864318312716
0.40859144976558
0.61609239533581
0.77466782430357
0.87172484501577
0.89955590432916
0.85595086466564
0.74437251684710
0.57368159077383
0.35743310157132
0.11279991020792
-0.14079101853622
-0.38320136240857
-0.59518067879127
-0.75989513295182
-0.86426431710924
-0.90000000000000
-0.86426431710926
-0.75989513295181
-0.59518067879128
-0.38320136240858
-0.14079101853622
0.11279991020786
0.35743310157129
0.57368159077379
0.74437251684711
0.85595086466564
0.89955590432916
0.87172484501577
0.77466782430354
0.61609239533583
0.40859144976560
0.16864318312716
-0.08469748198668
-0.33131209741620
-0.55161634828767
-0.72811529493746
-0.84679269205880
-0.89822405558544
-0.87832508574488
-0.78867601203947
-0.63639610306790
-0.43357830669155
-0.19632891725692
0.05651146757637
0.30486412822075
0.52900672706322
0.71113951113813
0.83679883729943
0.89600576814277
0.88405852565583
0.80190587176954
0.65607176467928
0.45813727417534
0.22382089844838
-0.02826968317033
-0.27811529493744
-0.50587504006691
-0.69346191849820
-0.82597916311558
-0.89290323118303
-0.88891950653563
-0.81434434721941
-0.67509996266742
-0.48224411548110
-0.25109199543534
-0.00000000000001
0.25109199543530
0.48224411548109
0.67509996266743
0.81434434721941
0.88891950653562
0.89290323118303
0.82597916311559
0.69346191849820
0.50587504006692
0.27811529493748
0.02826968317032
-0.22382089844836
-0.45813727417531
-0.65607176467927
-0.80190587176954
-0.88405852565582
-0.89600576814277
-0.83679883729943
-0.71113951113812
-0.52900672706325
-0.30486412822079
-0.05651146757639
0.19632891725688
0.43357830669154
0.63639610306791
0.78867601203948
0.87832508574487
0.89822405558545
0.84679269205880
0.72811529493745
0.55161634828768
0.33131209741619
0.08469748198667
-0.16864318312715
-0.40859144976557
-0.61609239533582
-0.77466782430355
-0.87172484501577
-0.89955590432916
-0.85595086466564
-0.74437251684711
-0.57368159077384
-0.35743310157130
-0.11279991020788
0.14079101853621
0.38320136240854
0.59518067879129
0.75989513295181
0.86426431710924
0.90000000000000
0.86426431710924
0.75989513295181
0.59518067879131
0.38320136240857
0.14079101853621
-0.11279991020785
-0.35743310157128
-0.57368159077384
-0.74437251684711
-0.85595086466564
-0.89955590432916
-0.87172484501577
-0.77466782430356
-0.61609239533584
-0.40859144976557
-0.16864318312715
0.08469748198666
0.33131209741619
0.55161634828768
0.72811529493744
0.84679269205880
0.89822405558544
0.87832508574487
0.78867601203948
0.63639610306791
0.43357830669154
0.19632891725688
-0.05651146757636
-0.30486412822074
-0.52900672706323
-0.71113951113812
-0.83679883729942
-0.89600576814277
-0.88405852565582
-0.80190587176954
-0.65607176467928
-0.45813727417533
-0.22382089844836
0.02826968317030
0.27811529493743
0.50587504006692
0.69346191849820
0.82597916311558
0.89290323118303
0.88891950653562
0.81434434721941
0.67509996266743
0.48224411548109
0.25109199543532
0.00000000000002
-0.25109199543529
-0.48224411548110
-0.67509996266742
-0.81434434721941
-0.88891950653562
-0.89290323118303
-0.82597916311559
-0.69346191849822
-0.50587504006693
-0.27811529493747
-0.02826968317033
0.22382089844835
0.45813727417536
0.65607176467926
0.80190587176952
0.88405852565582
0.89600576814277
0.83679883729943
0.71113951113813
0.52900672706320
0.30486412822078
0.05651146757640
-0.19632891725687
-0.43357830669153
-0.63639610306788
-0.78867601203947
-0.87832508574487
-0.89822405558545
-0.84679269205881
-0.72811529493746
-0.55161634828769
-0.33131209741622
-0.08469748198668
0.16864318312714
0.40859144976563
0.61609239533581
0.77466782430354
0.87172484501576
0.89955590432916
0.85595086466564
0.74437251684711
0.57368159077383
0.35743310157131
0.11279991020789
-0.14079101853615
-0.38320136240855
-0.59518067879132
-0.75989513295181
-0.86426431710925
-0.90000000000000
-0.86426431710925
-0.75989513295182
-0.59518067879129
-0.38320136240857
-0.14079101853622
0.11279991020786
0.35743310157129
0.57368159077381
0.74437251684707
0.85595086466562
0.89955590432916
0.87172484501577
0.77466782430355
0.61609239533579
0.40859144976560
0.16864318312716
-0.08469748198665
-0.33131209741620
-0.55161634828767
-0.72811529493745
-0.84679269205880
-0.89822405558544
-0.87832508574487
-0.78867601203951
-0.63639610306790
-0.43357830669155
-0.19632891725690
0.05651146757638
0.30486412822076
0.52900672706322
0.71113951113812
0.83679883729942
0.89600576814277
0.88405852565582
0.80190587176953
0.65607176467927
0.45813727417534
0.22382089844842
-0.02826968317026
-0.27811529493750
-0.50587504006691
-0.69346191849821
-0.82597916311558
-0.89290323118303
-0.88891950653562
-0.81434434721942
-0.67509996266742
-0.48224411548110
-0.25109199543531
-0.00000000000005
