0.48111575328671
0.67698448024843
0.51626653211936
0.19038302026394
0.00000000000000
0.11841573325188
0.45533832255112
0.72667852572501
0.67633386606286
0.27811529493745
-0.23880267844830
-0.56102247701691
-0.52665897648331
-0.24371429077606
-0.00000000000000
-0.03485708921820
-0.34983842544294
-0.70524021403662
-0.80534770773364
-0.52900672706323
-0.02688606639273
0.39014368486152
0.48549837078022
0.27318910844971
-0.00000000000000
-0.05211360957178
0.21009390578477
0.61476807650083
0.85552850458403
0.72811529493745
0.28994301572900
-0.18107491054100
-0.39681380187910
-0.27592227276786
-0.00000000000000
0.13398306516000
-0.04978393081807
-0.46411815629607
-0.82196421058813
-0.85595086466564
-0.52461832253394
-0.04571873764636
0.26928633328573
0.25164624256397
0.00000000000000
-0.20273732481546
-0.11539924216215
0.26803711725172
0.70794033269846
0.90000000000000
0.70794033269847
0.26803711725172
-0.11539924216215
-0.20273732481546
0.00000000000000
0.25164624256397
0.26928633328574
-0.04571873764636
-0.52461832253393
-0.85595086466564
-0.82196421058813
-0.46411815629608
-0.04978393081807
0.13398306516000
0.00000000000000
-0.27592227276786
-0.39681380187911
-0.18107491054100
0.28994301572900
0.72811529493745
0.85552850458403
0.61476807650083
0.21009390578477
-0.05211360957178
-0.00000000000000
0.27318910844970
0.48549837078022
0.39014368486152
-0.02688606639273
-0.52900672706322
-0.80534770773364
-0.70524021403663
-0.34983842544294
-0.03485708921820
-0.00000000000000
-0.24371429077606
-0.52665897648331
-0.56102247701691
-0.23880267844830
0.27811529493745
0.67633386606286
0.72667852572501
0.45533832255113
0.11841573325188
-0.00000000000000
0.19038302026394
0.51626653211935
0.67698448024843
0.48111575328671
0.00000000000000
-0.48111575328672
-0.67698448024843
-0.51626653211936
-0.19038302026393
0.00000000000000
-0.11841573325188
-0.45533832255112
-0.72667852572501
-0.67633386606286
-0.27811529493745
0.23880267844831
0.56102247701691
0.52665897648331
0.24371429077607
-0.00000000000000
0.03485708921820
0.34983842544294
0.70524021403662
0.80534770773364
0.52900672706323
0.02688606639273
-0.39014368486152
-0.48549837078022
-0.27318910844971
-0.00000000000000
0.05211360957178
-0.21009390578477
-0.61476807650082
-0.85552850458403
-0.72811529493746
-0.28994301572900
0.18107491054100
0.39681380187911
0.27592227276786
0.00000000000001
-0.13398306516000
0.04978393081807
0.46411815629607
0.82196421058813
0.85595086466564
0.52461832253394
0.04571873764636
-0.26928633328573
-0.25164624256397
0.00000000000000
0.20273732481546
0.11539924216215
-0.26803711725171
-0.70794033269846
-0.90000000000000
-0.70794033269847
-0.26803711725174
0.11539924216215
0.20273732481546
-0.00000000000000
-0.25164624256398
-0.26928633328574
0.04571873764636
0.52461832253393
0.85595086466564
0.82196421058813
0.46411815629609
0.04978393081807
-0.13398306516000
-0.00000000000000
0.27592227276785
0.39681380187910
0.18107491054100
-0.28994301572900
-0.72811529493745
-0.85552850458403
-0.61476807650083
-0.21009390578478
0.05211360957177
0.00000000000000
-0.27318910844970
-0.48549837078022
-0.39014368486152
0.02688606639273
0.52900672706322
0.80534770773364
0.70524021403663
0.34983842544294
0.03485708921820
-0.00000000000000
0.24371429077605
0.52665897648331
0.56102247701691
0.23880267844830
-0.27811529493745
-0.67633386606286
-0.72667852572501
-0.45533832255112
-0.11841573325189
0.00000000000000
-0.19038302026393
-0.51626653211935
-0.67698448024844
-0.48111575328671
-0.00000000000000
0.48111575328671
0.67698448024843
0.51626653211935
0.19038302026394
0.00000000000000
0.11841573325188
0.45533832255112
0.72667852572502
0.67633386606286
0.27811529493745
-0.23880267844831
-0.56102247701691
-0.52665897648331
-0.24371429077606
-0.00000000000000
-0.03485708921820
-0.34983842544294
-0.70524021403662
-0.80534770773364
-0.52900672706322
-0.02688606639272
0.39014368486153
0.48549837078022
0.27318910844971
-0.00000000000000
-0.05211360957178
0.21009390578475
0.61476807650081
0.85552850458402
0.72811529493744
0.28994301572899
-0.18107491054099
-0.39681380187911
-0.27592227276786
-0.00000000000000
0.13398306516000
-0.04978393081806
-0.46411815629606
-0.82196421058813
-0.85595086466564
-0.52461832253394
-0.04571873764637
0.26928633328573
0.25164624256397
0.00000000000000
-0.20273732481545
-0.11539924216216
0.26803711725171
0.70794033269846
0.90000000000000
0.70794033269847
0.26803711725173
-0.11539924216215
-0.20273732481546
-0.00000000000001
0.25164624256397
0.26928633328574
-0.04571873764635
-0.52461832253393
-0.85595086466563
-0.82196421058814
-0.46411815629607
-0.04978393081807
0.13398306516000
0.00000000000000
-0.27592227276785
-0.39681380187910
-0.18107491054101
0.28994301572898
0.72811529493745
0.85552850458403
0.61476807650082
0.21009390578476
-0.05211360957178
0.00000000000000
0.27318910844971
0.48549837078022
0.39014368486153
-0.02688606639271
-0.52900672706322
-0.80534770773364
-0.70524021403664
-0.34983842544294
-0.03485708921820
0.00000000000000
-0.24371429077605
-0.52665897648331
-0.56102247701691
-0.23880267844832
0.27811529493745
0.67633386606285
0.72667852572501
0.45533832255113
0.11841573325188
-0.00000000000000
0.19038302026392
0.51626653211936
0.67698448024843
0.48111575328672
0.00000000000002
-0.48111575328672
-0.67698448024843
-0.51626653211935
-0.19038302026396
-0.00000000000000
-0.11841573325188
-0.45533832255111
-0.72667852572501
-0.67633386606287
-0.27811529493745
0.23880267844829
0.56102247701691
0.52665897648333
0.24371429077607
0.00000000000000
0.03485708921820
0.34983842544294
0.70524021403662
0.80534770773364
0.52900672706323
0.02688606639272
-0.39014368486151
-0.48549837078022
-0.27318910844973
-0.00000000000000
0.05211360957178
-0.21009390578476
-0.61476807650081
-0.85552850458403
-0.72811529493747
-0.28994301572900
0.18107491054099
0.39681380187911
0.27592227276786
0.00000000000001
-0.13398306516000
0.04978393081806
0.46411815629607
0.82196421058813
0.85595086466564
0.52461832253397
0.04571873764638
-0.26928633328573
-0.25164624256399
-0.00000000000000
0.20273732481546
0.11539924216215
-0.26803711725171
-0.70794033269847
-0.90000000000000
-0.70794033269848
-0.26803711725175
0.11539924216214
0.20273732481546
0.00000000000001
-0.25164624256397
-0.26928633328574
0.04571873764637
0.52461832253393
0.85595086466563
0.82196421058815
0.46411815629609
0.04978393081807
-0.13398306516000
0.00000000000000
0.27592227276786
0.39681380187910
0.18107491054101
-0.28994301572901
-0.72811529493744
-0.85552850458403
-0.61476807650085
-0.21009390578477
0.05211360957178
-0.00000000000000
-0.27318910844972
-0.48549837078022
-0.39014368486152
0.02688606639270
0.52900672706322
0.80534770773364
0.70524021403663
0.34983842544296
0.03485708921820
0.00000000000000
0.24371429077606
0.52665897648332
0.56102247701691
0.23880267844831
-0.27811529493743
-0.67633386606286
-0.72667852572501
-0.45533832255112
-0.11841573325189
-0.00000000000000
-0.19038302026395
-0.51626653211937
-0.67698448024843
-0.48111575328672
-0.00000000000000
0.48111575328671
0.67698448024843
0.51626653211936
0.19038302026393
-0.00000000000000
0.11841573325189
0.45533832255112
0.72667852572501
0.67633386606286
0.27811529493747
-0.23880267844830
-0.56102247701691
-0.52665897648330
-0.24371429077606
0.00000000000001
-0.03485708921821
-0.34983842544293
-0.70524021403663
-0.80534770773364
-0.52900672706322
-0.02688606639274
0.39014368486153
0.48549837078021
0.27318910844969
-0.00000000000001
-0.05211360957178
0.21009390578477
0.61476807650082
0.85552850458403
0.72811529493745
0.28994301572898
-0.18107491054100
-0.39681380187910
-0.27592227276785
0.00000000000000
0.13398306516001
-0.04978393081807
-0.46411815629609
-0.82196421058813
-0.85595086466563
-0.52461832253393
-0.04571873764635
0.26928633328573
0.25164624256396
0.00000000000001
-0.20273732481546
-0.11539924216217
0.26803711725173
0.70794033269848
0.90000000000000
0.70794033269845
0.26803711725174
-0.11539924216215
-0.20273732481547
0.00000000000001
0.25164624256395
0.26928633328574
-0.04571873764633
-0.52461832253392
-0.85595086466565
-0.82196421058814
-0.46411815629605
-0.04978393081809
0.13398306516000
0.00000000000003
-0.27592227276785
-0.39681380187910
-0.18107491054101
0.28994301572897
0.72811529493744
0.85552850458402
0.61476807650086
0.21009390578479
-0.05211360957177
-0.00000000000001
0.27318910844968
0.48549837078021
0.39014368486153
-0.02688606639272
-0.52900672706320
-0.80534770773364
-0.70524021403664
-0.34983842544297
-0.03485708921821
0.00000000000001
-0.24371429077605
-0.52665897648331
-0.56102247701691
-0.23880267844832
0.27811529493745
0.67633386606285
0.72667852572503
0.45533832255113
0.11841573325189
-0.00000000000000
0.19038302026392
0.51626653211935
0.67698448024843
0.48111575328672
0.00000000000005
-0.48111575328669
-0.67698448024845
-0.51626653211938
-0.19038302026394
-0.00000000000000
-0.11841573325188
-0.45533832255111
-0.72667852572501
-0.67633386606287
-0.27811529493747
0.23880267844827
0.56102247701691
0.52665897648331
0.24371429077607
0.00000000000000
0.03485708921819
0.34983842544294
0.70524021403662
0.80534770773364
0.52900672706326
0.02688606639274
-0.39014368486150
-0.48549837078021
-0.27318910844971
-0.00000000000001
0.05211360957178
-0.21009390578476
-0.61476807650083
-0.85552850458402
-0.72811529493747
-0.28994301572902
0.18107491054099
0.39681380187910
0.27592227276787
-0.00000000000000
-0.13398306516001
0.04978393081807
0.46411815629605
0.82196421058813
0.85595086466564
0.52461832253394
0.04571873764639
-0.26928633328572
-0.25164624256397
-0.00000000000000
0.20273732481546
0.11539924216216
-0.26803711725171
-0.70794033269844
-0.90000000000000
-0.70794033269848
-0.26803711725172
0.11539924216214
0.20273732481546
-0.00000000000001
-0.25164624256398
-0.26928633328573
0.04571873764634
0.52461832253393
0.85595086466563
0.82196421058813
0.46411815629609
0.04978393081807
-0.13398306516000
-0.00000000000001
0.27592227276785
0.39681380187910
0.18107491054098
-0.28994301572898
-0.72811529493746
-0.85552850458403
-0.61476807650085
-0.21009390578478
0.05211360957178
0.00000000000001
-0.27318910844970
-0.48549837078021
-0.39014368486154
0.02688606639270
0.52900672706321
0.80534770773364
0.70524021403664
0.34983842544296
0.03485708921820
0.00000000000001
0.24371429077604
0.52665897648331
0.56102247701690
0.23880267844832
-0.27811529493744
-0.67633386606284
-0.72667852572503
-0.45533832255114
-0.11841573325189
0.00000000000001
-0.19038302026391
-0.51626653211935
-0.67698448024844
-0.48111575328671
-0.00000000000003
0.48111575328670
0.67698448024844
0.51626653211935
0.19038302026395
-0.00000000000000
0.11841573325189
0.45533832255115
0.72667852572499
0.67633386606287
0.27811529493748
-0.23880267844828
-0.56102247701690
-0.52665897648334
-0.24371429077608
-0.00000000000000
-0.03485708921820
-0.34983842544291
-0.70524021403661
-0.80534770773364
-0.52900672706322
-0.02688606639271
0.39014368486151
0.48549837078023
0.27318910844969
-0.00000000000002
-0.05211360957179
0.21009390578473
0.61476807650080
0.85552850458402
0.72811529493745
0.28994301572904
-0.18107491054099
-0.39681380187910
-0.27592227276785
-0.00000000000002
0.13398306516000
-0.04978393081806
-0.46411815629609
-0.82196421058812
-0.85595086466564
-0.52461832253393
-0.04571873764635
0.26928633328574
0.25164624256396
0.00000000000005
-0.20273732481545
-0.11539924216215
0.26803711725167
0.70794033269844
0.90000000000000
0.70794033269847
0.26803711725176
-0.11539924216217
-0.20273732481546
0.00000000000000
0.25164624256396
0.26928633328573
-0.04571873764636
-0.52461832253394
-0.85595086466563
-0.82196421058811
-0.46411815629607
-0.04978393081806
0.13398306516000
0.00000000000001
-0.27592227276782
-0.39681380187910
-0.18107491054101
0.28994301572900
0.72811529493742
0.85552850458403
0.61476807650083
0.21009390578476
-0.05211360957177
0.00000000000002
0.27318910844971
0.48549837078024
0.39014368486154
-0.02688606639277
-0.52900672706323
-0.80534770773364
-0.70524021403667
-0.34983842544294
-0.03485708921822
0.00000000000001
-0.24371429077605
-0.52665897648331
-0.56102247701691
-0.23880267844833
0.27811529493745
0.67633386606286
0.72667852572502
0.45533832255113
0.11841573325188
0.00000000000000
0.19038302026392
0.51626653211940
0.67698448024843
0.48111575328671
0.00000000000002
-0.48111575328675
-0.67698448024844
-0.51626653211938
-0.19038302026398
0.00000000000000
-0.11841573325186
-0.45533832255111
-0.72667852572501
-0.67633386606285
-0.27811529493747
0.23880267844824
0.56102247701691
0.52665897648329
0.24371429077607
-0.00000000000002
0.03485708921821
0.34983842544297
0.70524021403662
0.80534770773364
0.52900672706325
0.02688606639275
-0.39014368486148
-0.48549837078022
-0.27318910844974
-0.00000000000004
0.05211360957177
-0.21009390578479
-0.61476807650081
-0.85552850458401
-0.72811529493744
-0.28994301572897
0.18107491054098
0.39681380187911
0.27592227276785
0.00000000000001
-0.13398306516001
0.04978393081812
0.46411815629610
0.82196421058810
0.85595086466566
0.52461832253392
0.04571873764638
-0.26928633328572
-0.25164624256398
-0.00000000000003
0.20273732481545
0.11539924216217
-0.26803711725174
-0.70794033269845
-0.90000000000000
-0.70794033269850
-0.26803711725170
0.11539924216215
0.20273732481545
0.00000000000003
-0.25164624256400
-0.26928633328575
0.04571873764631
0.52461832253391
0.85595086466564
0.82196421058816
0.46411815629611
0.04978393081808
-0.13398306516000
-0.00000000000003
0.27592227276784
0.39681380187910
0.18107491054101
-0.28994301572895
-0.72811529493747
-0.85552850458403
-0.61476807650082
-0.21009390578480
0.05211360957178
-0.00000000000000
-0.27318910844967
-0.48549837078020
-0.39014368486153
0.02688606639268
0.52900672706319
0.80534770773364
0.70524021403663
0.34983842544298
0.03485708921822
-0.00000000000000
0.24371429077606
0.52665897648329
0.56102247701691
0.23880267844830
-0.27811529493746
-0.67633386606285
-0.72667852572499
-0.45533832255112
-0.11841573325187
0.00000000000001
-0.19038302026393
-0.51626653211932
-0.67698448024843
-0.48111575328677
-0.00000000000000
0.48111575328669
0.67698448024843
0.51626653211937
0.19038302026393
0.00000000000000
0.11841573325187
0.45533832255112
0.72667852572501
0.67633386606287
0.27811529493748
-0.23880267844830
-0.56102247701691
-0.52665897648335
-0.24371429077606
-0.00000000000002
-0.03485708921819
-0.34983842544288
-0.70524021403663
-0.80534770773364
-0.52900672706325
-0.02688606639279
0.39014368486152
0.48549837078023
0.27318910844972
0.00000000000001
-0.05211360957178
0.21009390578475
0.61476807650082
0.85552850458403
0.72811529493744
0.28994301572901
-0.18107491054104
-0.39681380187911
-0.27592227276788
-0.00000000000004
0.13398306516000
-0.04978393081805
-0.46411815629606
-0.82196421058810
-0.85595086466563
-0.52461832253395
-0.04571873764638
0.26928633328573
0.25164624256396
0.00000000000001
-0.20273732481547
-0.11539924216214
0.26803711725175
0.70794033269845
0.90000000000000
0.70794033269848
0.26803711725174
-0.11539924216212
-0.20273732481545
-0.00000000000002
0.25164624256398
0.26928633328575
-0.04571873764639
-0.52461832253392
-0.85595086466564
-0.82196421058815
-0.46411815629605
-0.04978393081808
0.13398306515999
-0.00000000000000
-0.27592227276789
-0.39681380187910
-0.18107491054100
0.28994301572902
0.72811529493744
0.85552850458404
0.61476807650086
0.21009390578479
-0.05211360957178
-0.00000000000002
0.27318910844973
0.48549837078021
0.39014368486153
-0.02688606639268
-0.52900672706325
-0.80534770773364
-0.70524021403661
-0.34983842544297
-0.03485708921818
-0.00000000000000
-0.24371429077608
-0.52665897648333
-0.56102247701690
-0.23880267844835
0.27811529493742
0.67633386606286
0.72667852572501
0.45533832255116
0.11841573325193
-0.00000000000000
0.19038302026394
0.51626653211934
0.67698448024844
0.48111575328672
-0.00000000000000
-0.48111575328669
-0.67698448024843
-0.51626653211936
-0.19038302026396
-0.00000000000000
-0.11841573325191
-0.45533832255109
-0.72667852572498
-0.67633386606287
-0.27811529493746
0.23880267844827
0.56102247701689
0.52665897648333
0.24371429077609
0.00000000000001
0.03485708921817
0.34983842544295
0.70524021403660
0.80534770773365
0.52900672706317
0.02688606639273
-0.39014368486150
-0.48549837078022
-0.27318910844965
0.00000000000002
0.05211360957179
-0.21009390578472
-0.61476807650079
-0.85552850458402
-0.72811529493750
-0.28994301572900
0.18107491054097
0.39681380187910
0.27592227276791
0.00000000000001
-0.13398306516000
0.04978393081805
0.46411815629602
0.82196421058814
0.85595086466565
0.52461832253395
0.04571873764636
-0.26928633328573
-0.25164624256402
-0.00000000000002
0.20273732481544
0.11539924216214
-0.26803711725166
-0.70794033269843
-0.90000000000000
-0.70794033269848
-0.26803711725178
0.11539924216215
0.20273732481546
0.00000000000001
-0.25164624256394
-0.26928633328574
0.04571873764634
0.52461832253391
0.85595086466562
0.82196421058812
0.46411815629609
0.04978393081810
-0.13398306516002
-0.00000000000001
0.27592227276781
0.39681380187910
0.18107491054102
-0.28994301572898
-0.72811529493742
-0.85552850458402
-0.61476807650085
-0.21009390578478
0.05211360957176
-0.00000000000002
-0.27318910844970
-0.48549837078022
-0.39014368486154
0.02688606639275
0.52900672706322
0.80534770773364
0.70524021403665
0.34983842544296
0.03485708921822
-0.00000000000002
0.24371429077604
0.52665897648331
0.56102247701694
0.23880267844835
-0.27811529493746
-0.67633386606286
-0.72667852572503
-0.45533832255110
-0.11841573325189
-0.00000000000000
-0.19038302026391
-0.51626653211939
-0.67698448024843
-0.48111575328671
-0.00000000000010
