0.52649893360242
0.60517970520927
0.26715447206560
-0.02080325872311
0.12626170173387
0.58550926306024
0.85744933482560
0.61123432278072
0.04864179515066
-0.31094235253127
-0.19016088329764
0.15259291430743
0.21539111618014
-0.18897823487091
-0.71915098741871
-0.87000469516073
-0.51839839333949
-0.05434177118099
0.04538318031570
-0.26450336353161
-0.55338499999515
-0.39231338125692
0.16855996789655
0.64476458567859
0.63639610306789
0.25528035855101
-0.00529721039538
0.18460866426111
0.62769207091220
0.81405764746873
0.48010389902664
-0.09884731482351
-0.40211101227448
-0.22337923903230
0.11390232665115
0.11992923466491
-0.31693840288367
-0.79992006997661
-0.85073088804935
-0.42797543233282
0.02876667746121
0.07721685208182
-0.24911206005375
-0.48437538743676
-0.24780254226584
0.33065832867301
0.74205009266346
0.64445093000752
0.22783643367183
0.00000000000000
0.22783643367183
0.64445093000752
0.74205009266346
0.33065832867301
-0.24780254226584
-0.48437538743676
-0.24911206005376
0.07721685208182
0.02876667746121
-0.42797543233282
-0.85073088804934
-0.79992006997661
-0.31693840288367
0.11992923466491
0.11390232665115
-0.22337923903230
-0.40211101227448
-0.09884731482350
0.48010389902663
0.81405764746873
0.62769207091220
0.18460866426111
-0.00529721039538
0.25528035855101
0.63639610306789
0.64476458567859
0.16855996789655
-0.39231338125691
-0.55338499999515
-0.26450336353161
0.04538318031570
-0.05434177118098
-0.51839839333949
-0.87000469516073
-0.71915098741871
-0.18897823487091
0.21539111618014
0.15259291430743
-0.19016088329764
-0.31094235253127
0.04864179515066
0.61123432278072
0.85744933482560
0.58550926306024
0.12626170173387
-0.02080325872311
0.26715447206560
0.60517970520927
0.52649893360242
-0.00000000000000
-0.52649893360242
-0.60517970520928
-0.26715447206561
0.02080325872311
-0.12626170173387
-0.58550926306024
-0.85744933482560
-0.61123432278072
-0.04864179515067
0.31094235253127
0.19016088329764
-0.15259291430743
-0.21539111618015
0.18897823487091
0.71915098741871
0.87000469516073
0.51839839333949
0.05434177118099
-0.04538318031571
0.26450336353162
0.55338499999514
0.39231338125692
-0.16855996789654
-0.64476458567859
-0.63639610306790
-0.25528035855101
0.00529721039538
-0.18460866426111
-0.62769207091219
-0.81405764746873
-0.48010389902663
0.09884731482350
0.40211101227448
0.22337923903230
-0.11390232665115
-0.11992923466491
0.31693840288367
0.79992006997661
0.85073088804935
0.42797543233283
-0.02876667746121
-0.07721685208181
0.24911206005375
0.48437538743676
0.24780254226585
-0.33065832867300
-0.74205009266346
-0.64445093000752
-0.22783643367183
0.00000000000000
-0.22783643367182
-0.64445093000752
-0.74205009266346
-0.33065832867302
0.24780254226584
0.48437538743676
0.24911206005376
-0.07721685208181
-0.02876667746121
0.42797543233282
0.85073088804935
0.79992006997662
0.31693840288368
-0.11992923466490
-0.11390232665116
0.22337923903231
0.40211101227448
0.09884731482350
-0.48010389902663
-0.81405764746873
-0.62769207091221
-0.18460866426112
0.00529721039538
-0.25528035855101
-0.63639610306788
-0.64476458567860
-0.16855996789654
0.39231338125692
0.55338499999515
0.26450336353162
-0.04538318031570
0.05434177118099
0.51839839333948
0.87000469516073
0.71915098741872
0.18897823487091
-0.21539111618014
-0.15259291430743
0.19016088329764
0.31094235253127
-0.04864179515066
-0.61123432278071
-0.85744933482560
-0.58550926306025
-0.12626170173386
0.02080325872311
-0.26715447206559
-0.60517970520928
-0.52649893360242
0.00000000000000
0.52649893360242
0.60517970520927
0.26715447206560
-0.02080325872311
0.12626170173385
0.58550926306023
0.85744933482560
0.61123432278071
0.04864179515066
-0.31094235253127
-0.19016088329763
0.15259291430742
0.21539111618015
-0.18897823487089
-0.71915098741871
-0.87000469516073
-0.51839839333950
-0.05434177118100
0.04538318031570
-0.26450336353162
-0.55338499999514
-0.39231338125692
0.16855996789654
0.64476458567859
0.63639610306790
0.25528035855102
-0.00529721039538
0.18460866426110
0.62769207091219
0.81405764746872
0.48010389902664
-0.09884731482351
-0.40211101227448
-0.22337923903231
0.11390232665115
0.11992923466491
-0.31693840288365
-0.79992006997660
-0.85073088804935
-0.42797543233282
0.02876667746121
0.07721685208182
-0.24911206005375
-0.48437538743676
-0.24780254226586
0.33065832867300
0.74205009266345
0.64445093000752
0.22783643367185
0.00000000000000
0.22783643367184
0.64445093000752
0.74205009266346
0.33065832867300
-0.24780254226585
-0.48437538743676
-0.24911206005375
0.07721685208181
0.02876667746122
-0.42797543233279
-0.85073088804933
-0.79992006997661
-0.31693840288368
0.11992923466491
0.11390232665115
-0.22337923903231
-0.40211101227448
-0.09884731482352
0.48010389902663
0.81405764746873
0.62769207091219
0.18460866426110
-0.00529721039537
0.25528035855101
0.63639610306788
0.64476458567859
0.16855996789655
-0.39231338125691
-0.55338499999515
-0.26450336353163
0.04538318031570
-0.05434177118098
-0.51839839333949
-0.87000469516073
-0.71915098741870
-0.18897823487092
0.21539111618015
0.15259291430742
-0.19016088329765
-0.31094235253128
0.04864179515064
0.61123432278070
0.85744933482560
0.58550926306025
0.12626170173387
-0.02080325872311
0.26715447206559
0.60517970520927
0.52649893360242
0.00000000000000
-0.52649893360241
-0.60517970520928
-0.26715447206561
0.02080325872311
-0.12626170173387
-0.58550926306025
-0.85744933482561
-0.61123432278074
-0.04864179515068
0.31094235253127
0.19016088329764
-0.15259291430741
-0.21539111618015
0.18897823487089
0.71915098741871
0.87000469516073
0.51839839333949
0.05434177118098
-0.04538318031571
0.26450336353161
0.55338499999515
0.39231338125692
-0.16855996789656
-0.64476458567858
-0.63639610306791
-0.25528035855103
0.00529721039537
-0.18460866426108
-0.62769207091219
-0.81405764746873
-0.48010389902665
0.09884731482352
0.40211101227448
0.22337923903230
-0.11390232665114
-0.11992923466491
0.31693840288366
0.79992006997661
0.85073088804935
0.42797543233281
-0.02876667746119
-0.07721685208183
0.24911206005376
0.48437538743675
0.24780254226585
-0.33065832867298
-0.74205009266345
-0.64445093000753
-0.22783643367184
0.00000000000000
-0.22783643367183
-0.64445093000751
-0.74205009266346
-0.33065832867299
0.24780254226584
0.48437538743676
0.24911206005379
-0.07721685208181
-0.02876667746123
0.42797543233280
0.85073088804934
0.79992006997662
0.31693840288367
-0.11992923466491
-0.11390232665115
0.22337923903229
0.40211101227448
0.09884731482351
-0.48010389902664
-0.81405764746872
-0.62769207091218
-0.18460866426111
0.00529721039538
-0.25528035855100
-0.63639610306789
-0.64476458567859
-0.16855996789658
0.39231338125692
0.55338499999514
0.26450336353162
-0.04538318031570
0.05434177118099
0.51839839333948
0.87000469516073
0.71915098741869
0.18897823487091
-0.21539111618015
-0.15259291430743
0.19016088329766
0.31094235253128
-0.04864179515065
-0.61123432278068
-0.85744933482560
-0.58550926306026
-0.12626170173388
0.02080325872311
-0.26715447206560
-0.60517970520927
-0.52649893360243
0.00000000000001
0.52649893360241
0.60517970520927
0.26715447206562
-0.02080325872311
0.12626170173386
0.58550926306024
0.85744933482561
0.61123432278073
0.04864179515067
-0.31094235253127
-0.19016088329764
0.15259291430741
0.21539111618015
-0.18897823487087
-0.71915098741871
-0.87000469516073
-0.51839839333950
-0.05434177118098
0.04538318031571
-0.26450336353162
-0.55338499999515
-0.39231338125691
0.16855996789654
0.64476458567858
0.63639610306792
0.25528035855102
-0.00529721039537
0.18460866426109
0.62769207091220
0.81405764746873
0.48010389902664
-0.09884731482348
-0.40211101227448
-0.22337923903231
0.11390232665115
0.11992923466493
-0.31693840288367
-0.79992006997662
-0.85073088804935
-0.42797543233280
0.02876667746120
0.07721685208183
-0.24911206005372
-0.48437538743675
-0.24780254226587
0.33065832867298
0.74205009266345
0.64445093000753
0.22783643367183
0.00000000000000
0.22783643367184
0.64445093000751
0.74205009266346
0.33065832867301
-0.24780254226584
-0.48437538743676
-0.24911206005373
0.07721685208180
0.02876667746122
-0.42797543233281
-0.85073088804934
-0.79992006997661
-0.31693840288369
0.11992923466491
0.11390232665115
-0.22337923903228
-0.40211101227448
-0.09884731482352
0.48010389902660
0.81405764746872
0.62769207091217
0.18460866426110
-0.00529721039538
0.25528035855098
0.63639610306789
0.64476458567860
0.16855996789654
-0.39231338125691
-0.55338499999513
-0.26450336353160
0.04538318031572
-0.05434177118097
-0.51839839333944
-0.87000469516072
-0.71915098741874
-0.18897823487092
0.21539111618013
0.15259291430743
-0.19016088329762
-0.31094235253128
0.04864179515065
0.61123432278070
0.85744933482560
0.58550926306025
0.12626170173385
-0.02080325872311
0.26715447206558
0.60517970520925
0.52649893360242
0.00000000000004
-0.52649893360241
-0.60517970520927
-0.26715447206559
0.02080325872311
-0.12626170173385
-0.58550926306025
-0.85744933482561
-0.61123432278070
-0.04864179515068
0.31094235253127
0.19016088329763
-0.15259291430742
-0.21539111618014
0.18897823487091
0.71915098741874
0.87000469516074
0.51839839333950
0.05434177118100
-0.04538318031573
0.26450336353156
0.55338499999513
0.39231338125696
-0.16855996789652
-0.64476458567860
-0.63639610306790
-0.25528035855104
0.00529721039537
-0.18460866426110
-0.62769207091217
-0.81405764746873
-0.48010389902666
0.09884731482352
0.40211101227447
0.22337923903233
-0.11390232665115
-0.11992923466492
0.31693840288368
0.79992006997661
0.85073088804933
0.42797543233281
-0.02876667746121
-0.07721685208180
0.24911206005376
0.48437538743676
0.24780254226583
-0.33065832867305
-0.74205009266346
-0.64445093000752
-0.22783643367184
0.00000000000000
-0.22783643367178
-0.64445093000750
-0.74205009266346
-0.33065832867302
0.24780254226582
0.48437538743675
0.24911206005378
-0.07721685208180
-0.02876667746122
0.42797543233279
0.85073088804935
0.79992006997662
0.31693840288366
-0.11992923466490
-0.11390232665116
0.22337923903230
0.40211101227447
0.09884731482349
-0.48010389902663
-0.81405764746873
-0.62769207091219
-0.18460866426112
0.00529721039538
-0.25528035855101
-0.63639610306789
-0.64476458567859
-0.16855996789650
0.39231338125693
0.55338499999514
0.26450336353162
-0.04538318031571
0.05434177118095
0.51839839333947
0.87000469516072
0.71915098741872
0.18897823487094
-0.21539111618013
-0.15259291430745
0.19016088329760
0.31094235253127
-0.04864179515064
-0.61123432278072
-0.85744933482560
-0.58550926306027
-0.12626170173390
0.02080325872312
-0.26715447206557
-0.60517970520928
-0.52649893360241
-0.00000000000000
0.52649893360241
0.60517970520930
0.26715447206561
-0.02080325872311
0.12626170173387
0.58550926306023
0.85744933482561
0.61123432278073
0.04864179515067
-0.31094235253128
-0.19016088329764
0.15259291430745
0.21539111618015
-0.18897823487094
-0.71915098741869
-0.87000469516075
-0.51839839333956
-0.05434177118101
0.04538318031571
-0.26450336353159
-0.55338499999515
-0.39231338125693
0.16855996789652
0.64476458567857
0.63639610306791
0.25528035855105
-0.00529721039537
0.18460866426108
0.62769207091220
0.81405764746872
0.48010389902667
-0.09884731482351
-0.40211101227448
-0.22337923903230
0.11390232665114
0.11992923466491
-0.31693840288366
-0.79992006997660
-0.85073088804934
-0.42797543233283
0.02876667746122
0.07721685208181
-0.24911206005379
-0.48437538743678
-0.24780254226580
0.33065832867303
0.74205009266345
0.64445093000757
0.22783643367186
0.00000000000000
0.22783643367181
0.64445093000749
0.74205009266345
0.33065832867304
-0.24780254226580
-0.48437538743676
-0.24911206005374
0.07721685208181
0.02876667746123
-0.42797543233277
-0.85073088804934
-0.79992006997663
-0.31693840288373
0.11992923466492
0.11390232665114
-0.22337923903229
-0.40211101227448
-0.09884731482351
0.48010389902662
0.81405764746872
0.62769207091224
0.18460866426109
-0.00529721039537
0.25528035855100
0.63639610306790
0.64476458567859
0.16855996789658
-0.39231338125688
-0.55338499999513
-0.26450336353159
0.04538318031571
-0.05434177118094
-0.51839839333945
-0.87000469516071
-0.71915098741877
-0.18897823487090
0.21539111618014
0.15259291430745
-0.19016088329760
-0.31094235253127
0.04864179515063
0.61123432278066
0.85744933482561
0.58550926306024
0.12626170173388
-0.02080325872312
0.26715447206560
0.60517970520926
0.52649893360245
0.00000000000007
-0.52649893360243
-0.60517970520928
-0.26715447206562
0.02080325872310
-0.12626170173386
-0.58550926306022
-0.85744933482560
-0.61123432278069
-0.04864179515065
0.31094235253128
0.19016088329765
-0.15259291430743
-0.21539111618016
0.18897823487082
0.71915098741875
0.87000469516074
0.51839839333953
0.05434177118102
-0.04538318031572
0.26450336353156
0.55338499999513
0.39231338125696
-0.16855996789655
-0.64476458567859
-0.63639610306792
-0.25528035855102
0.00529721039537
-0.18460866426111
-0.62769207091218
-0.81405764746872
-0.48010389902664
0.09884731482348
0.40211101227448
0.22337923903232
-0.11390232665117
-0.11992923466492
0.31693840288371
0.79992006997662
0.85073088804935
0.42797543233285
-0.02876667746122
-0.07721685208179
0.24911206005378
0.48437538743678
0.24780254226582
-0.33065832867302
-0.74205009266345
-0.64445093000755
-0.22783643367183
0.00000000000000
-0.22783643367180
-0.64445093000751
-0.74205009266346
-0.33065832867306
0.24780254226579
0.48437538743674
0.24911206005375
-0.07721685208182
-0.02876667746121
0.42797543233281
0.85073088804933
0.79992006997664
0.31693840288364
-0.11992923466491
-0.11390232665115
0.22337923903228
0.40211101227447
0.09884731482353
-0.48010389902660
-0.81405764746873
-0.62769207091217
-0.18460866426110
0.00529721039538
-0.25528035855103
-0.63639610306790
-0.64476458567860
-0.16855996789660
0.39231338125694
0.55338499999513
0.26450336353160
-0.04538318031572
0.05434177118097
0.51839839333944
0.87000469516071
0.71915098741871
0.18897823487092
-0.21539111618014
-0.15259291430746
0.19016088329761
0.31094235253128
-0.04864179515061
-0.61123432278074
-0.85744933482560
-0.58550926306025
-0.12626170173389
0.02080325872311
-0.26715447206559
-0.60517970520925
-0.52649893360246
0.00000000000002
0.52649893360242
0.60517970520928
0.26715447206559
-0.02080325872311
0.12626170173385
0.58550926306020
0.85744933482561
0.61123432278070
0.04864179515067
-0.31094235253126
-0.19016088329762
0.15259291430743
0.21539111618016
-0.18897823487096
-0.71915098741871
-0.87000469516074
-0.51839839333954
-0.05434177118100
0.04538318031572
-0.26450336353156
-0.55338499999512
-0.39231338125692
0.16855996789653
0.64476458567858
0.63639610306791
0.25528035855104
-0.00529721039537
0.18460866426106
0.62769207091221
0.81405764746873
0.48010389902666
-0.09884731482353
-0.40211101227448
-0.22337923903233
0.11390232665113
0.11992923466490
-0.31693840288368
-0.79992006997661
-0.85073088804936
-0.42797543233281
0.02876667746121
0.07721685208182
-0.24911206005380
-0.48437538743677
-0.24780254226584
0.33065832867299
0.74205009266346
0.64445093000756
0.22783643367189
0.00000000000000
0.22783643367182
0.64445093000750
0.74205009266347
0.33065832867302
-0.24780254226582
-0.48437538743676
-0.24911206005381
0.07721685208181
0.02876667746122
-0.42797543233279
-0.85073088804932
-0.79992006997662
-0.31693840288371
0.11992923466488
0.11390232665114
-0.22337923903231
-0.40211101227448
-0.09884731482354
0.48010389902664
0.81405764746872
0.62769207091223
0.18460866426116
-0.00529721039537
0.25528035855102
0.63639610306789
0.64476458567858
0.16855996789655
-0.39231338125689
-0.55338499999516
-0.26450336353157
0.04538318031569
-0.05434177118095
-0.51839839333942
-0.87000469516072
-0.71915098741876
-0.18897823487099
0.21539111618015
0.15259291430744
-0.19016088329762
-0.31094235253128
0.04864179515065
0.61123432278068
0.85744933482561
0.58550926306027
0.12626170173386
-0.02080325872312
0.26715447206557
0.60517970520927
0.52649893360244
0.00000000000005
-0.52649893360240
-0.60517970520927
-0.26715447206561
0.02080325872311
-0.12626170173384
-0.58550926306023
-0.85744933482560
-0.61123432278072
-0.04864179515064
0.31094235253127
0.19016088329763
-0.15259291430742
-0.21539111618013
0.18897823487094
0.71915098741869
0.87000469516074
0.51839839333951
0.05434177118101
-0.04538318031573
0.26450336353157
0.55338499999516
0.39231338125693
-0.16855996789651
-0.64476458567858
-0.63639610306790
-0.25528035855105
0.00529721039537
-0.18460866426113
-0.62769207091220
-0.81405764746873
-0.48010389902663
0.09884731482345
0.40211101227448
0.22337923903239
-0.11390232665116
-0.11992923466492
0.31693840288367
0.79992006997657
0.85073088804936
0.42797543233283
-0.02876667746117
-0.07721685208178
0.24911206005374
0.48437538743677
0.24780254226591
-0.33065832867298
-0.74205009266347
-0.64445093000757
-0.22783643367186
0.00000000000000
-0.22783643367186
-0.64445093000749
-0.74205009266346
-0.33065832867299
0.24780254226588
0.48437538743676
0.24911206005374
-0.07721685208185
-0.02876667746124
0.42797543233282
0.85073088804936
0.79992006997657
0.31693840288367
-0.11992923466490
-0.11390232665117
0.22337923903220
0.40211101227447
0.09884731482355
-0.48010389902662
-0.81405764746872
-0.62769207091225
-0.18460866426113
0.00529721039539
-0.25528035855097
-0.63639610306787
-0.64476458567859
-0.16855996789662
0.39231338125689
0.55338499999515
0.26450336353169
-0.04538318031569
0.05434177118098
0.51839839333951
0.87000469516071
0.71915098741873
0.18897823487090
-0.21539111618013
-0.15259291430743
0.19016088329758
0.31094235253125
-0.04864179515063
-0.61123432278071
-0.85744933482560
-0.58550926306028
-0.12626170173388
0.02080325872314
-0.26715447206565
-0.60517970520926
-0.52649893360242
-0.00000000000009
