0.51287990986943
0.63546006376029
0.35168482291886
0.02722460713380
0.04350681738305
0.41819588180332
0.78517583998134
0.75390313285881
0.29528626102679
-0.22500000000000
-0.39885473997263
-0.16831040432812
0.12650111848139
0.09036353631008
-0.33055742661666
-0.78876022207701
-0.87139923010079
-0.50272101021329
-0.01801977423536
0.16347206880121
-0.05426760548194
-0.35629161612783
-0.33396769992618
0.10487870412159
0.63639610306789
0.83020042852762
0.56470854059009
0.14106583012481
-0.01576619684303
0.22500000000000
0.57339851353948
0.60768531153602
0.19478080510371
-0.37116238695049
-0.64875547815061
-0.47370224637601
-0.11152573800794
0.01058919308363
-0.27106140137893
-0.69247879586443
-0.82018914249494
-0.47844147659119
0.07422096924781
0.39271207268878
0.27469123415090
-0.04952137653626
-0.15218761276894
0.16315841313014
0.66120079564229
0.90000000000000
0.66120079564229
0.16315841313014
-0.15218761276894
-0.04952137653627
0.27469123415090
0.39271207268878
0.07422096924781
-0.47844147659119
-0.82018914249494
-0.69247879586443
-0.27106140137893
0.01058919308363
-0.11152573800793
-0.47370224637601
-0.64875547815061
-0.37116238695049
0.19478080510371
0.60768531153602
0.57339851353948
0.22500000000000
-0.01576619684304
0.14106583012481
0.56470854059009
0.83020042852762
0.63639610306790
0.10487870412160
-0.33396769992618
-0.35629161612783
-0.05426760548194
0.16347206880121
-0.01801977423535
-0.50272101021328
-0.87139923010079
-0.78876022207701
-0.33055742661666
0.09036353631008
0.12650111848139
-0.16831040432812
-0.39885473997263
-0.22500000000000
0.29528626102679
0.75390313285881
0.78517583998135
0.41819588180332
0.04350681738305
0.02722460713380
0.35168482291886
0.63546006376029
0.51287990986943
0.00000000000000
-0.51287990986943
-0.63546006376029
-0.35168482291887
-0.02722460713380
-0.04350681738305
-0.41819588180332
-0.78517583998134
-0.75390313285882
-0.29528626102680
0.22500000000000
0.39885473997263
0.16831040432813
-0.12650111848139
-0.09036353631008
0.33055742661666
0.78876022207702
0.87139923010079
0.50272101021329
0.01801977423536
-0.16347206880120
0.05426760548194
0.35629161612783
0.33396769992618
-0.10487870412159
-0.63639610306788
-0.83020042852762
-0.56470854059010
-0.14106583012482
0.01576619684304
-0.22499999999999
-0.57339851353948
-0.60768531153602
-0.19478080510371
0.37116238695048
0.64875547815061
0.47370224637601
0.11152573800793
-0.01058919308363
0.27106140137893
0.69247879586443
0.82018914249494
0.47844147659119
-0.07422096924781
-0.39271207268878
-0.27469123415089
0.04952137653627
0.15218761276893
-0.16315841313013
-0.66120079564229
-0.90000000000000
-0.66120079564230
-0.16315841313015
0.15218761276893
0.04952137653627
-0.27469123415090
-0.39271207268879
-0.07422096924781
0.47844147659120
0.82018914249494
0.69247879586443
0.27106140137893
-0.01058919308363
0.11152573800793
0.47370224637601
0.64875547815061
0.37116238695048
-0.19478080510372
-0.60768531153602
-0.57339851353948
-0.22500000000000
0.01576619684303
-0.14106583012481
-0.56470854059008
-0.83020042852762
-0.63639610306790
-0.10487870412160
0.33396769992618
0.35629161612783
0.05426760548194
-0.16347206880121
0.01801977423535
0.50272101021328
0.87139923010078
0.78876022207702
0.33055742661668
-0.09036353631007
-0.12650111848139
0.16831040432813
0.39885473997264
0.22500000000000
-0.29528626102679
-0.75390313285881
-0.78517583998135
-0.41819588180333
-0.04350681738305
-0.02722460713380
-0.35168482291885
-0.63546006376029
-0.51287990986942
-0.00000000000000
0.51287990986943
0.63546006376029
0.35168482291886
0.02722460713381
0.04350681738304
0.41819588180331
0.78517583998134
0.75390313285881
0.29528626102679
-0.22500000000000
-0.39885473997263
-0.16831040432813
0.12650111848139
0.09036353631009
-0.33055742661665
-0.78876022207700
-0.87139923010079
-0.50272101021331
-0.01801977423535
0.16347206880121
-0.05426760548194
-0.35629161612782
-0.33396769992618
0.10487870412158
0.63639610306789
0.83020042852762
0.56470854059009
0.14106583012482
-0.01576619684304
0.22499999999999
0.57339851353948
0.60768531153602
0.19478080510372
-0.37116238695049
-0.64875547815061
-0.47370224637602
-0.11152573800794
0.01058919308363
-0.27106140137891
-0.69247879586443
-0.82018914249494
-0.47844147659118
0.07422096924781
0.39271207268878
0.27469123415090
-0.04952137653627
-0.15218761276894
0.16315841313013
0.66120079564228
0.90000000000000
0.66120079564229
0.16315841313014
-0.15218761276894
-0.04952137653629
0.27469123415089
0.39271207268878
0.07422096924783
-0.47844147659116
-0.82018914249494
-0.69247879586445
-0.27106140137896
0.01058919308363
-0.11152573800794
-0.47370224637601
-0.64875547815061
-0.37116238695048
0.19478080510371
0.60768531153601
0.57339851353950
0.22500000000000
-0.01576619684303
0.14106583012482
0.56470854059009
0.83020042852763
0.63639610306789
0.10487870412159
-0.33396769992618
-0.35629161612782
-0.05426760548193
0.16347206880120
-0.01801977423534
-0.50272101021329
-0.87139923010079
-0.78876022207701
-0.33055742661666
0.09036353631008
0.12650111848139
-0.16831040432813
-0.39885473997264
-0.22500000000000
0.29528626102679
0.75390313285881
0.78517583998135
0.41819588180332
0.04350681738305
0.02722460713380
0.35168482291885
0.63546006376028
0.51287990986944
0.00000000000002
-0.51287990986943
-0.63546006376029
-0.35168482291888
-0.02722460713381
-0.04350681738305
-0.41819588180333
-0.78517583998134
-0.75390313285882
-0.29528626102678
0.22500000000000
0.39885473997263
0.16831040432814
-0.12650111848140
-0.09036353631008
0.33055742661667
0.78876022207702
0.87139923010078
0.50272101021328
0.01801977423535
-0.16347206880121
0.05426760548195
0.35629161612784
0.33396769992618
-0.10487870412157
-0.63639610306789
-0.83020042852762
-0.56470854059010
-0.14106583012483
0.01576619684304
-0.22499999999999
-0.57339851353947
-0.60768531153601
-0.19478080510372
0.37116238695049
0.64875547815061
0.47370224637600
0.11152573800795
-0.01058919308363
0.27106140137890
0.69247879586444
0.82018914249494
0.47844147659120
-0.07422096924782
-0.39271207268879
-0.27469123415088
0.04952137653626
0.15218761276894
-0.16315841313013
-0.66120079564230
-0.90000000000000
-0.66120079564230
-0.16315841313015
0.15218761276893
0.04952137653627
-0.27469123415089
-0.39271207268878
-0.07422096924782
0.47844147659118
0.82018914249493
0.69247879586444
0.27106140137894
-0.01058919308363
0.11152573800795
0.47370224637601
0.64875547815061
0.37116238695051
-0.19478080510373
-0.60768531153601
-0.57339851353949
-0.22500000000003
0.01576619684304
-0.14106583012479
-0.56470854059008
-0.83020042852762
-0.63639610306789
-0.10487870412157
0.33396769992617
0.35629161612782
0.05426760548193
-0.16347206880121
0.01801977423534
0.50272101021328
0.87139923010078
0.78876022207701
0.33055742661667
-0.09036353631007
-0.12650111848139
0.16831040432812
0.39885473997263
0.22500000000001
-0.29528626102679
-0.75390313285880
-0.78517583998135
-0.41819588180335
-0.04350681738305
-0.02722460713381
-0.35168482291884
-0.63546006376029
-0.51287990986944
-0.00000000000000
0.51287990986941
0.63546006376028
0.35168482291888
0.02722460713381
0.04350681738303
0.41819588180332
0.78517583998136
0.75390313285882
0.29528626102679
-0.22499999999999
-0.39885473997263
-0.16831040432814
0.12650111848139
0.09036353631009
-0.33055742661666
-0.78876022207701
-0.87139923010079
-0.50272101021329
-0.01801977423536
0.16347206880121
-0.05426760548192
-0.35629161612782
-0.33396769992619
0.10487870412157
0.63639610306787
0.83020042852763
0.56470854059008
0.14106583012483
-0.01576619684304
0.22499999999998
0.57339851353948
0.60768531153603
0.19478080510370
-0.37116238695046
-0.64875547815060
-0.47370224637605
-0.11152573800794
0.01058919308363
-0.27106140137891
-0.69247879586443
-0.82018914249494
-0.47844147659118
0.07422096924778
0.39271207268879
0.27469123415091
-0.04952137653627
-0.15218761276894
0.16315841313012
0.66120079564230
0.90000000000000
0.66120079564230
0.16315841313016
-0.15218761276893
-0.04952137653627
0.27469123415089
0.39271207268879
0.07422096924782
-0.47844147659117
-0.82018914249494
-0.69247879586444
-0.27106140137892
0.01058919308363
-0.11152573800793
-0.47370224637603
-0.64875547815061
-0.37116238695050
0.19478080510369
0.60768531153601
0.57339851353949
0.22500000000001
-0.01576619684304
0.14106583012481
0.56470854059010
0.83020042852762
0.63639610306790
0.10487870412160
-0.33396769992618
-0.35629161612784
-0.05426760548195
0.16347206880121
-0.01801977423535
-0.50272101021331
-0.87139923010078
-0.78876022207700
-0.33055742661667
0.09036353631008
0.12650111848140
-0.16831040432814
-0.39885473997263
-0.22500000000000
0.29528626102678
0.75390313285882
0.78517583998134
0.41819588180331
0.04350681738304
0.02722460713380
0.35168482291886
0.63546006376028
0.51287990986944
0.00000000000005
-0.51287990986942
-0.63546006376030
-0.35168482291887
-0.02722460713381
-0.04350681738304
-0.41819588180329
-0.78517583998136
-0.75390313285883
-0.29528626102681
0.22499999999999
0.39885473997264
0.16831040432815
-0.12650111848140
-0.09036353631009
0.33055742661666
0.78876022207697
0.87139923010079
0.50272101021332
0.01801977423538
-0.16347206880121
0.05426760548193
0.35629161612780
0.33396769992620
-0.10487870412156
-0.63639610306787
-0.83020042852762
-0.56470854059014
-0.14106583012482
0.01576619684303
-0.22499999999998
-0.57339851353946
-0.60768531153601
-0.19478080510377
0.37116238695048
0.64875547815061
0.47370224637603
0.11152573800791
-0.01058919308364
0.27106140137893
0.69247879586443
0.82018914249494
0.47844147659122
-0.07422096924777
-0.39271207268879
-0.27469123415090
0.04952137653626
0.15218761276893
-0.16315841313016
-0.66120079564226
-0.90000000000000
-0.66120079564233
-0.16315841313013
0.15218761276894
0.04952137653628
-0.27469123415092
-0.39271207268880
-0.07422096924780
0.47844147659119
0.82018914249494
0.69247879586445
0.27106140137890
-0.01058919308362
0.11152573800795
0.47370224637602
0.64875547815061
0.37116238695045
-0.19478080510374
-0.60768531153602
-0.57339851353947
-0.22500000000000
0.01576619684304
-0.14106583012484
-0.56470854059007
-0.83020042852763
-0.63639610306789
-0.10487870412159
0.33396769992618
0.35629161612783
0.05426760548195
-0.16347206880122
0.01801977423533
0.50272101021329
0.87139923010079
0.78876022207702
0.33055742661668
-0.09036353631006
-0.12650111848141
0.16831040432812
0.39885473997261
0.22500000000000
-0.29528626102677
-0.75390313285880
-0.78517583998136
-0.41819588180336
-0.04350681738307
-0.02722460713380
-0.35168482291880
-0.63546006376028
-0.51287990986942
-0.00000000000005
0.51287990986942
0.63546006376030
0.35168482291888
0.02722460713381
0.04350681738303
0.41819588180329
0.78517583998135
0.75390313285885
0.29528626102680
-0.22500000000003
-0.39885473997264
-0.16831040432810
0.12650111848137
0.09036353631008
-0.33055742661665
-0.78876022207700
-0.87139923010080
-0.50272101021327
-0.01801977423534
0.16347206880120
-0.05426760548193
-0.35629161612782
-0.33396769992616
0.10487870412155
0.63639610306790
0.83020042852762
0.56470854059010
0.14106583012482
-0.01576619684303
0.22500000000001
0.57339851353949
0.60768531153601
0.19478080510372
-0.37116238695051
-0.64875547815061
-0.47370224637599
-0.11152573800792
0.01058919308363
-0.27106140137892
-0.69247879586442
-0.82018914249494
-0.47844147659117
0.07422096924777
0.39271207268877
0.27469123415091
-0.04952137653626
-0.15218761276894
0.16315841313011
0.66120079564226
0.90000000000000
0.66120079564234
0.16315841313014
-0.15218761276894
-0.04952137653628
0.27469123415087
0.39271207268880
0.07422096924781
-0.47844147659119
-0.82018914249493
-0.69247879586445
-0.27106140137891
0.01058919308363
-0.11152573800790
-0.47370224637606
-0.64875547815061
-0.37116238695050
0.19478080510364
0.60768531153602
0.57339851353948
0.22500000000004
-0.01576619684303
0.14106583012484
0.56470854059006
0.83020042852761
0.63639610306788
0.10487870412159
-0.33396769992616
-0.35629161612786
-0.05426760548191
0.16347206880121
-0.01801977423533
-0.50272101021323
-0.87139923010078
-0.78876022207703
-0.33055742661669
0.09036353631008
0.12650111848139
-0.16831040432812
-0.39885473997262
-0.22499999999998
0.29528626102677
0.75390313285879
0.78517583998136
0.41819588180332
0.04350681738305
0.02722460713380
0.35168482291884
0.63546006376030
0.51287990986943
0.00000000000006
-0.51287990986943
-0.63546006376029
-0.35168482291889
-0.02722460713381
-0.04350681738303
-0.41819588180333
-0.78517583998135
-0.75390313285882
-0.29528626102681
0.22499999999999
0.39885473997264
0.16831040432812
-0.12650111848137
-0.09036353631009
0.33055742661670
0.78876022207700
0.87139923010080
0.50272101021333
0.01801977423535
-0.16347206880121
0.05426760548193
0.35629161612783
0.33396769992617
-0.10487870412155
-0.63639610306789
-0.83020042852761
-0.56470854059010
-0.14106583012483
0.01576619684304
-0.22500000000001
-0.57339851353948
-0.60768531153603
-0.19478080510373
0.37116238695051
0.64875547815060
0.47370224637604
0.11152573800794
-0.01058919308363
0.27106140137892
0.69247879586438
0.82018914249493
0.47844147659118
-0.07422096924776
-0.39271207268877
-0.27469123415091
0.04952137653625
0.15218761276894
-0.16315841313015
-0.66120079564230
-0.90000000000000
-0.66120079564235
-0.16315841313010
0.15218761276894
0.04952137653629
-0.27469123415087
-0.39271207268879
-0.07422096924782
0.47844147659117
0.82018914249494
0.69247879586442
0.27106140137896
-0.01058919308362
0.11152573800797
0.47370224637601
0.64875547815061
0.37116238695051
-0.19478080510373
-0.60768531153601
-0.57339851353948
-0.22500000000001
0.01576619684304
-0.14106583012479
-0.56470854059006
-0.83020042852762
-0.63639610306790
-0.10487870412160
0.33396769992616
0.35629161612784
0.05426760548191
-0.16347206880120
0.01801977423536
0.50272101021329
0.87139923010078
0.78876022207703
0.33055742661664
-0.09036353631006
-0.12650111848139
0.16831040432807
0.39885473997262
0.22500000000002
-0.29528626102676
-0.75390313285882
-0.78517583998134
-0.41819588180338
-0.04350681738305
-0.02722460713382
-0.35168482291884
-0.63546006376027
-0.51287990986947
-0.00000000000001
0.51287990986942
0.63546006376032
0.35168482291885
0.02722460713379
0.04350681738303
0.41819588180327
0.78517583998134
0.75390313285882
0.29528626102682
-0.22499999999994
-0.39885473997263
-0.16831040432812
0.12650111848137
0.09036353631007
-0.33055742661664
-0.78876022207699
-0.87139923010080
-0.50272101021329
-0.01801977423536
0.16347206880120
-0.05426760548188
-0.35629161612784
-0.33396769992619
0.10487870412154
0.63639610306793
0.83020042852762
0.56470854059011
0.14106583012483
-0.01576619684303
0.22500000000001
0.57339851353948
0.60768531153601
0.19478080510368
-0.37116238695046
-0.64875547815060
-0.47370224637601
-0.11152573800793
0.01058919308363
-0.27106140137891
-0.69247879586441
-0.82018914249494
-0.47844147659124
0.07422096924781
0.39271207268879
0.27469123415091
-0.04952137653626
-0.15218761276894
0.16315841313010
0.66120079564229
0.90000000000000
0.66120079564230
0.16315841313015
-0.15218761276893
-0.04952137653625
0.27469123415090
0.39271207268879
0.07422096924783
-0.47844147659119
-0.82018914249494
-0.69247879586446
-0.27106140137897
0.01058919308363
-0.11152573800793
-0.47370224637596
-0.64875547815060
-0.37116238695047
0.19478080510367
0.60768531153599
0.57339851353949
0.22500000000001
-0.01576619684303
0.14106583012475
0.56470854059010
0.83020042852762
0.63639610306794
0.10487870412155
-0.33396769992618
-0.35629161612784
-0.05426760548197
0.16347206880121
-0.01801977423535
-0.50272101021327
-0.87139923010076
-0.78876022207700
-0.33055742661670
0.09036353631005
0.12650111848137
-0.16831040432811
-0.39885473997264
-0.22500000000003
0.29528626102681
0.75390313285881
0.78517583998137
0.41819588180338
0.04350681738303
0.02722460713379
0.35168482291884
0.63546006376029
0.51287990986944
0.00000000000002
-0.51287990986941
-0.63546006376030
-0.35168482291885
-0.02722460713382
-0.04350681738302
-0.41819588180332
-0.78517583998134
-0.75390313285883
-0.29528626102678
0.22499999999997
0.39885473997262
0.16831040432817
-0.12650111848137
-0.09036353631009
0.33055742661663
0.78876022207699
0.87139923010079
0.50272101021330
0.01801977423537
-0.16347206880123
0.05426760548192
0.35629161612784
0.33396769992620
-0.10487870412158
-0.63639610306788
-0.83020042852762
-0.56470854059011
-0.14106583012480
0.01576619684304
-0.22500000000000
-0.57339851353948
-0.60768531153602
-0.19478080510374
0.37116238695045
0.64875547815062
0.47370224637601
0.11152573800798
-0.01058919308363
0.27106140137891
0.69247879586441
0.82018914249495
0.47844147659119
-0.07422096924780
-0.39271207268878
-0.27469123415093
0.04952137653629
0.15218761276892
-0.16315841313009
-0.66120079564224
-0.90000000000000
-0.66120079564231
-0.16315841313016
0.15218761276893
0.04952137653626
-0.27469123415086
-0.39271207268879
-0.07422096924778
0.47844147659117
0.82018914249492
0.69247879586446
0.27106140137893
-0.01058919308363
0.11152573800788
0.47370224637602
0.64875547815061
0.37116238695052
-0.19478080510366
-0.60768531153602
-0.57339851353949
-0.22500000000002
0.01576619684304
-0.14106583012482
-0.56470854059009
-0.83020042852762
-0.63639610306790
-0.10487870412156
0.33396769992617
0.35629161612785
0.05426760548193
-0.16347206880121
0.01801977423534
0.50272101021327
0.87139923010078
0.78876022207701
0.33055742661671
-0.09036353631008
-0.12650111848140
0.16831040432818
0.39885473997263
0.22499999999997
-0.29528626102680
-0.75390313285881
-0.78517583998135
-0.41819588180334
-0.04350681738306
-0.02722460713379
-0.35168482291882
-0.63546006376026
-0.51287990986946
-0.00000000000009
