0.55338499999515
0.65089844285564
0.31693840288367
0.01405383049509
0.12626170173387
0.53339565348846
0.74205009266346
0.43015941223972
-0.19016088329764
-0.58905764746873
-0.48010389902664
-0.11544420294429
0.00529721039538
-0.30739396812279
-0.71915098741871
-0.73602163000073
-0.24911206005375
0.33580191368054
0.52649893360242
0.26450336353161
-0.02876667746121
0.07180477503916
0.51839839333949
0.83514760594253
0.63639610306789
0.05254303373556
-0.40211101227448
-0.37641381275580
-0.04864179515066
0.08594235253127
-0.22783643367183
-0.71361539132433
-0.85744933482560
-0.46709352980836
0.11390232665115
0.37157547722888
0.16855996789655
-0.12293558972818
-0.04538318031571
0.42797543233282
0.85073088804934
0.78245706611844
0.26715447206561
-0.21118627898705
-0.24780254226584
0.05473605590515
0.21539111618014
-0.08222759571749
-0.62769207091219
-0.90000000000000
-0.62769207091220
-0.08222759571749
0.21539111618015
0.05473605590515
-0.24780254226584
-0.21118627898705
0.26715447206560
0.78245706611844
0.85073088804934
0.42797543233282
-0.04538318031570
-0.12293558972818
0.16855996789655
0.37157547722888
0.11390232665116
-0.46709352980836
-0.85744933482560
-0.71361539132433
-0.22783643367183
0.08594235253127
-0.04864179515066
-0.37641381275580
-0.40211101227448
0.05254303373556
0.63639610306789
0.83514760594253
0.51839839333950
0.07180477503916
-0.02876667746121
0.26450336353161
0.52649893360242
0.33580191368054
-0.24911206005376
-0.73602163000073
-0.71915098741871
-0.30739396812279
0.00529721039537
-0.11544420294429
-0.48010389902664
-0.58905764746873
-0.19016088329764
0.43015941223972
0.74205009266345
0.53339565348847
0.12626170173387
0.01405383049509
0.31693840288367
0.65089844285563
0.55338499999515
-0.00000000000000
-0.55338499999515
-0.65089844285564
-0.31693840288368
-0.01405383049509
-0.12626170173387
-0.53339565348846
-0.74205009266346
-0.43015941223973
0.19016088329763
0.58905764746873
0.48010389902664
0.11544420294430
-0.00529721039538
0.30739396812279
0.71915098741871
0.73602163000073
0.24911206005376
-0.33580191368053
-0.52649893360242
-0.26450336353161
0.02876667746121
-0.07180477503916
-0.51839839333948
-0.83514760594253
-0.63639610306790
-0.05254303373556
0.40211101227448
0.37641381275580
0.04864179515067
-0.08594235253127
0.22783643367183
0.71361539132433
0.85744933482560
0.46709352980837
-0.11390232665115
-0.37157547722888
-0.16855996789655
0.12293558972817
0.04538318031571
-0.42797543233281
-0.85073088804934
-0.78245706611844
-0.26715447206561
0.21118627898705
0.24780254226584
-0.05473605590514
-0.21539111618014
0.08222759571749
0.62769207091219
0.90000000000000
0.62769207091220
0.08222759571749
-0.21539111618014
-0.05473605590516
0.24780254226584
0.21118627898705
-0.26715447206559
-0.78245706611844
-0.85073088804934
-0.42797543233282
0.04538318031570
0.12293558972818
-0.16855996789654
-0.37157547722888
-0.11390232665116
0.46709352980837
0.85744933482560
0.71361539132433
0.22783643367183
-0.08594235253127
0.04864179515065
0.37641381275579
0.40211101227449
-0.05254303373554
-0.63639610306788
-0.83514760594253
-0.51839839333948
-0.07180477503916
0.02876667746122
-0.26450336353160
-0.52649893360242
-0.33580191368053
0.24911206005375
0.73602163000073
0.71915098741872
0.30739396812279
-0.00529721039537
0.11544420294429
0.48010389902664
0.58905764746873
0.19016088329763
-0.43015941223971
-0.74205009266345
-0.53339565348847
-0.12626170173386
-0.01405383049509
-0.31693840288366
-0.65089844285564
-0.55338499999515
0.00000000000001
0.55338499999514
0.65089844285563
0.31693840288367
0.01405383049509
0.12626170173386
0.53339565348846
0.74205009266346
0.43015941223971
-0.19016088329765
-0.58905764746872
-0.48010389902663
-0.11544420294430
0.00529721039538
-0.30739396812278
-0.71915098741871
-0.73602163000074
-0.24911206005377
0.33580191368052
0.52649893360242
0.26450336353160
-0.02876667746121
0.07180477503915
0.51839839333948
0.83514760594253
0.63639610306790
0.05254303373556
-0.40211101227448
-0.37641381275580
-0.04864179515067
0.08594235253128
-0.22783643367183
-0.71361539132434
-0.85744933482561
-0.46709352980837
0.11390232665115
0.37157547722887
0.16855996789656
-0.12293558972818
-0.04538318031571
0.42797543233282
0.85073088804934
0.78245706611845
0.26715447206561
-0.21118627898705
-0.24780254226585
0.05473605590514
0.21539111618015
-0.08222759571749
-0.62769207091218
-0.90000000000000
-0.62769207091218
-0.08222759571749
0.21539111618015
0.05473605590514
-0.24780254226585
-0.21118627898705
0.26715447206560
0.78245706611843
0.85073088804935
0.42797543233285
-0.04538318031569
-0.12293558972818
0.16855996789653
0.37157547722888
0.11390232665115
-0.46709352980836
-0.85744933482560
-0.71361539132434
-0.22783643367183
0.08594235253127
-0.04864179515067
-0.37641381275581
-0.40211101227447
0.05254303373556
0.63639610306788
0.83514760594253
0.51839839333950
0.07180477503916
-0.02876667746122
0.26450336353160
0.52649893360242
0.33580191368054
-0.24911206005376
-0.73602163000073
-0.71915098741870
-0.30739396812279
0.00529721039538
-0.11544420294430
-0.48010389902665
-0.58905764746873
-0.19016088329766
0.43015941223970
0.74205009266345
0.53339565348847
0.12626170173387
0.01405383049509
0.31693840288365
0.65089844285563
0.55338499999515
-0.00000000000000
-0.55338499999513
-0.65089844285564
-0.31693840288368
-0.01405383049509
-0.12626170173387
-0.53339565348848
-0.74205009266346
-0.43015941223974
0.19016088329762
0.58905764746872
0.48010389902664
0.11544420294432
-0.00529721039538
0.30739396812277
0.71915098741871
0.73602163000073
0.24911206005375
-0.33580191368053
-0.52649893360242
-0.26450336353162
0.02876667746122
-0.07180477503916
-0.51839839333950
-0.83514760594252
-0.63639610306792
-0.05254303373558
0.40211101227447
0.37641381275582
0.04864179515066
-0.08594235253128
0.22783643367181
0.71361539132435
0.85744933482561
0.46709352980836
-0.11390232665113
-0.37157547722888
-0.16855996789655
0.12293558972818
0.04538318031572
-0.42797543233283
-0.85073088804933
-0.78245706611846
-0.26715447206560
0.21118627898704
0.24780254226585
-0.05473605590513
-0.21539111618014
0.08222759571747
0.62769207091219
0.90000000000000
0.62769207091220
0.08222759571751
-0.21539111618015
-0.05473605590514
0.24780254226584
0.21118627898704
-0.26715447206556
-0.78245706611844
-0.85073088804936
-0.42797543233284
0.04538318031569
0.12293558972818
-0.16855996789654
-0.37157547722888
-0.11390232665114
0.46709352980835
0.85744933482560
0.71361539132434
0.22783643367182
-0.08594235253127
0.04864179515068
0.37641381275581
0.40211101227448
-0.05254303373554
-0.63639610306788
-0.83514760594253
-0.51839839333951
-0.07180477503915
0.02876667746122
-0.26450336353161
-0.52649893360242
-0.33580191368053
0.24911206005373
0.73602163000072
0.71915098741869
0.30739396812278
-0.00529721039538
0.11544420294429
0.48010389902666
0.58905764746874
0.19016088329766
-0.43015941223968
-0.74205009266345
-0.53339565348849
-0.12626170173388
-0.01405383049510
-0.31693840288367
-0.65089844285564
-0.55338499999515
0.00000000000002
0.55338499999515
0.65089844285563
0.31693840288369
0.01405383049509
0.12626170173386
0.53339565348846
0.74205009266346
0.43015941223974
-0.19016088329763
-0.58905764746872
-0.48010389902664
-0.11544420294431
0.00529721039538
-0.30739396812276
-0.71915098741871
-0.73602163000073
-0.24911206005377
0.33580191368055
0.52649893360243
0.26450336353161
-0.02876667746121
0.07180477503917
0.51839839333949
0.83514760594252
0.63639610306792
0.05254303373558
-0.40211101227449
-0.37641381275581
-0.04864179515067
0.08594235253127
-0.22783643367182
-0.71361539132431
-0.85744933482560
-0.46709352980838
0.11390232665115
0.37157547722889
0.16855996789654
-0.12293558972818
-0.04538318031571
0.42797543233284
0.85073088804933
0.78245706611845
0.26715447206565
-0.21118627898704
-0.24780254226586
0.05473605590513
0.21539111618014
-0.08222759571749
-0.62769207091220
-0.90000000000000
-0.62769207091219
-0.08222759571750
0.21539111618015
0.05473605590514
-0.24780254226585
-0.21118627898706
0.26715447206562
0.78245706611842
0.85073088804935
0.42797543233284
-0.04538318031570
-0.12293558972818
0.16855996789653
0.37157547722889
0.11390232665116
-0.46709352980833
-0.85744933482559
-0.71361539132435
-0.22783643367186
0.08594235253127
-0.04864179515068
-0.37641381275582
-0.40211101227448
0.05254303373551
0.63639610306789
0.83514760594253
0.51839839333948
0.07180477503917
-0.02876667746120
0.26450336353163
0.52649893360244
0.33580191368056
-0.24911206005370
-0.73602163000071
-0.71915098741874
-0.30739396812280
0.00529721039537
-0.11544420294430
-0.48010389902662
-0.58905764746874
-0.19016088329764
0.43015941223969
0.74205009266346
0.53339565348848
0.12626170173385
0.01405383049509
0.31693840288365
0.65089844285562
0.55338499999515
0.00000000000003
-0.55338499999515
-0.65089844285562
-0.31693840288365
-0.01405383049509
-0.12626170173385
-0.53339565348846
-0.74205009266345
-0.43015941223970
0.19016088329763
0.58905764746873
0.48010389902662
0.11544420294431
-0.00529721039537
0.30739396812279
0.71915098741874
0.73602163000074
0.24911206005376
-0.33580191368052
-0.52649893360243
-0.26450336353167
0.02876667746120
-0.07180477503913
-0.51839839333947
-0.83514760594253
-0.63639610306791
-0.05254303373558
0.40211101227446
0.37641381275582
0.04864179515069
-0.08594235253127
0.22783643367180
0.71361539132434
0.85744933482561
0.46709352980839
-0.11390232665115
-0.37157547722889
-0.16855996789653
0.12293558972818
0.04538318031570
-0.42797543233282
-0.85073088804934
-0.78245706611843
-0.26715447206561
0.21118627898706
0.24780254226583
-0.05473605590518
-0.21539111618015
0.08222759571749
0.62769207091218
0.90000000000000
0.62769207091225
0.08222759571751
-0.21539111618015
-0.05473605590516
0.24780254226582
0.21118627898705
-0.26715447206558
-0.78245706611841
-0.85073088804935
-0.42797543233285
0.04538318031570
0.12293558972818
-0.16855996789657
-0.37157547722888
-0.11390232665117
0.46709352980837
0.85744933482560
0.71361539132432
0.22783643367183
-0.08594235253128
0.04864179515068
0.37641381275579
0.40211101227450
-0.05254303373556
-0.63639610306787
-0.83514760594252
-0.51839839333944
-0.07180477503914
0.02876667746121
-0.26450336353160
-0.52649893360243
-0.33580191368057
0.24911206005372
0.73602163000071
0.71915098741871
0.30739396812281
-0.00529721039537
0.11544420294428
0.48010389902662
0.58905764746873
0.19016088329767
-0.43015941223972
-0.74205009266345
-0.53339565348850
-0.12626170173390
-0.01405383049509
-0.31693840288364
-0.65089844285564
-0.55338499999513
0.00000000000000
0.55338499999514
0.65089844285565
0.31693840288368
0.01405383049510
0.12626170173387
0.53339565348846
0.74205009266346
0.43015941223973
-0.19016088329762
-0.58905764746873
-0.48010389902664
-0.11544420294428
0.00529721039538
-0.30739396812282
-0.71915098741869
-0.73602163000075
-0.24911206005383
0.33580191368051
0.52649893360243
0.26450336353164
-0.02876667746121
0.07180477503915
0.51839839333945
0.83514760594251
0.63639610306791
0.05254303373561
-0.40211101227448
-0.37641381275582
-0.04864179515067
0.08594235253128
-0.22783643367179
-0.71361539132433
-0.85744933482561
-0.46709352980836
0.11390232665114
0.37157547722887
0.16855996789654
-0.12293558972817
-0.04538318031570
0.42797543233281
0.85073088804935
0.78245706611844
0.26715447206557
-0.21118627898704
-0.24780254226582
0.05473605590518
0.21539111618014
-0.08222759571743
-0.62769207091217
-0.90000000000000
-0.62769207091222
-0.08222759571753
0.21539111618015
0.05473605590517
-0.24780254226581
-0.21118627898708
0.26715447206562
0.78245706611843
0.85073088804936
0.42797543233287
-0.04538318031570
-0.12293558972819
0.16855996789650
0.37157547722888
0.11390232665115
-0.46709352980834
-0.85744933482559
-0.71361539132433
-0.22783643367184
0.08594235253127
-0.04864179515062
-0.37641381275582
-0.40211101227448
0.05254303373553
0.63639610306791
0.83514760594253
0.51839839333951
0.07180477503919
-0.02876667746120
0.26450336353164
0.52649893360243
0.33580191368059
-0.24911206005372
-0.73602163000070
-0.71915098741876
-0.30739396812278
0.00529721039537
-0.11544420294427
-0.48010389902659
-0.58905764746873
-0.19016088329768
0.43015941223966
0.74205009266346
0.53339565348847
0.12626170173388
0.01405383049508
0.31693840288366
0.65089844285562
0.55338499999517
0.00000000000007
-0.55338499999515
-0.65089844285564
-0.31693840288368
-0.01405383049510
-0.12626170173386
-0.53339565348844
-0.74205009266346
-0.43015941223968
0.19016088329765
0.58905764746873
0.48010389902665
0.11544420294429
-0.00529721039538
0.30739396812271
0.71915098741875
0.73602163000073
0.24911206005380
-0.33580191368050
-0.52649893360243
-0.26450336353166
0.02876667746119
-0.07180477503914
-0.51839839333949
-0.83514760594252
-0.63639610306793
-0.05254303373556
0.40211101227448
0.37641381275580
0.04864179515067
-0.08594235253127
0.22783643367182
0.71361539132432
0.85744933482562
0.46709352980837
-0.11390232665116
-0.37157547722887
-0.16855996789652
0.12293558972818
0.04538318031571
-0.42797543233279
-0.85073088804935
-0.78245706611842
-0.26715447206560
0.21118627898702
0.24780254226584
-0.05473605590515
-0.21539111618015
0.08222759571747
0.62769207091220
0.90000000000000
0.62769207091223
0.08222759571749
-0.21539111618015
-0.05473605590518
0.24780254226582
0.21118627898705
-0.26715447206560
-0.78245706611842
-0.85073088804934
-0.42797543233283
0.04538318031570
0.12293558972819
-0.16855996789659
-0.37157547722888
-0.11390232665116
0.46709352980832
0.85744933482560
0.71361539132435
0.22783643367186
-0.08594235253127
0.04864179515069
0.37641381275581
0.40211101227448
-0.05254303373557
-0.63639610306788
-0.83514760594253
-0.51839839333953
-0.07180477503913
0.02876667746119
-0.26450336353164
-0.52649893360242
-0.33580191368057
0.24911206005370
0.73602163000069
0.71915098741870
0.30739396812280
-0.00529721039537
0.11544420294426
0.48010389902662
0.58905764746873
0.19016088329771
-0.43015941223974
-0.74205009266346
-0.53339565348846
-0.12626170173389
-0.01405383049509
-0.31693840288366
-0.65089844285561
-0.55338499999520
0.00000000000003
0.55338499999515
0.65089844285565
0.31693840288366
0.01405383049509
0.12626170173385
0.53339565348843
0.74205009266346
0.43015941223971
-0.19016088329765
-0.58905764746872
-0.48010389902661
-0.11544420294430
0.00529721039538
-0.30739396812284
-0.71915098741870
-0.73602163000075
-0.24911206005381
0.33580191368053
0.52649893360244
0.26450336353166
-0.02876667746117
0.07180477503916
0.51839839333947
0.83514760594252
0.63639610306789
0.05254303373558
-0.40211101227446
-0.37641381275582
-0.04864179515066
0.08594235253127
-0.22783643367181
-0.71361539132434
-0.85744933482561
-0.46709352980838
0.11390232665109
0.37157547722888
0.16855996789653
-0.12293558972816
-0.04538318031573
0.42797543233282
0.85073088804934
0.78245706611846
0.26715447206555
-0.21118627898705
-0.24780254226582
0.05473605590514
0.21539111618016
-0.08222759571746
-0.62769207091213
-0.90000000000000
-0.62769207091220
-0.08222759571752
0.21539111618015
0.05473605590517
-0.24780254226582
-0.21118627898707
0.26715447206552
0.78245706611845
0.85073088804935
0.42797543233285
-0.04538318031567
-0.12293558972819
0.16855996789652
0.37157547722889
0.11390232665112
-0.46709352980837
-0.85744933482560
-0.71361539132436
-0.22783643367183
0.08594235253128
-0.04864179515065
-0.37641381275576
-0.40211101227447
0.05254303373555
0.63639610306787
0.83514760594252
0.51839839333949
0.07180477503917
-0.02876667746122
0.26450336353165
0.52649893360241
0.33580191368056
-0.24911206005366
-0.73602163000072
-0.71915098741875
-0.30739396812286
0.00529721039538
-0.11544420294429
-0.48010389902660
-0.58905764746874
-0.19016088329768
0.43015941223968
0.74205009266345
0.53339565348849
0.12626170173387
0.01405383049509
0.31693840288364
0.65089844285563
0.55338499999514
0.00000000000006
-0.55338499999514
-0.65089844285563
-0.31693840288367
-0.01405383049509
-0.12626170173384
-0.53339565348845
-0.74205009266345
-0.43015941223972
0.19016088329768
0.58905764746872
0.48010389902665
0.11544420294430
-0.00529721039537
0.30739396812283
0.71915098741869
0.73602163000076
0.24911206005378
-0.33580191368052
-0.52649893360244
-0.26450336353163
0.02876667746122
-0.07180477503915
-0.51839839333946
-0.83514760594253
-0.63639610306791
-0.05254303373560
0.40211101227445
0.37641381275578
0.04864179515065
-0.08594235253127
0.22783643367184
0.71361539132429
0.85744933482561
0.46709352980847
-0.11390232665119
-0.37157547722888
-0.16855996789655
0.12293558972815
0.04538318031572
-0.42797543233281
-0.85073088804931
-0.78245706611840
-0.26715447206562
0.21118627898703
0.24780254226587
-0.05473605590513
-0.21539111618013
0.08222759571742
0.62769207091216
0.90000000000000
0.62769207091217
0.08222759571754
-0.21539111618014
-0.05473605590514
0.24780254226588
0.21118627898709
-0.26715447206562
-0.78245706611846
-0.85073088804936
-0.42797543233282
0.04538318031571
0.12293558972813
-0.16855996789656
-0.37157547722886
-0.11390232665119
0.46709352980826
0.85744933482559
0.71361539132437
0.22783643367184
-0.08594235253126
0.04864179515059
0.37641381275579
0.40211101227452
-0.05254303373549
-0.63639610306787
-0.83514760594252
-0.51839839333956
-0.07180477503918
0.02876667746122
-0.26450336353156
-0.52649893360241
-0.33580191368054
0.24911206005379
0.73602163000070
0.71915098741871
0.30739396812278
-0.00529721039537
0.11544420294428
0.48010389902657
0.58905764746874
0.19016088329767
-0.43015941223968
-0.74205009266346
-0.53339565348851
-0.12626170173388
-0.01405383049507
-0.31693840288373
-0.65089844285562
-0.55338499999515
-0.00000000000006
