0.57582841013978
0.57368159077382
0.15826527506411
0.00000000000000
0.37406424399971
0.78867601203948
0.63514032072935
0.00000000000000
-0.43564311057942
-0.27811529493745
0.07976158142522
0.00000000000000
-0.53732700150088
-0.89290323118303
-0.60524866076756
-0.00000000000000
0.23427303077214
-0.05651146757638
-0.30658616083697
-0.00000000000000
0.62512377845701
0.87172484501577
0.49035162506472
0.00000000000000
0.00000000000000
0.38320136240857
0.49035162506472
0.00000000000000
-0.62512377845701
-0.72811529493745
-0.30658616083697
0.00000000000000
-0.23427303077214
-0.65607176467927
-0.60524866076756
-0.00000000000000
0.53732700150088
0.48224411548110
0.07976158142522
-0.00000000000000
0.43564311057942
0.83679883729943
0.63514032072935
0.00000000000000
-0.37406424399971
-0.16864318312715
0.15826527506411
0.00000000000000
-0.57582841013978
-0.90000000000000
-0.57582841013979
0.00000000000000
0.15826527506411
-0.16864318312715
-0.37406424399971
-0.00000000000000
0.63514032072934
0.83679883729943
0.43564311057942
0.00000000000000
0.07976158142522
0.48224411548109
0.53732700150088
0.00000000000000
-0.60524866076756
-0.65607176467927
-0.23427303077214
-0.00000000000000
-0.30658616083697
-0.72811529493745
-0.62512377845701
-0.00000000000000
0.49035162506472
0.38320136240857
0.00000000000000
-0.00000000000000
0.49035162506472
0.87172484501577
0.62512377845702
0.00000000000000
-0.30658616083697
-0.05651146757638
0.23427303077214
-0.00000000000000
-0.60524866076756
-0.89290323118303
-0.53732700150088
-0.00000000000000
0.07976158142522
-0.27811529493746
-0.43564311057942
-0.00000000000001
0.63514032072934
0.78867601203948
0.37406424399970
0.00000000000000
0.15826527506410
0.57368159077382
0.57582841013978
-0.00000000000000
-0.57582841013978
-0.57368159077382
-0.15826527506412
-0.00000000000000
-0.37406424399970
-0.78867601203948
-0.63514032072935
-0.00000000000001
0.43564311057942
0.27811529493745
-0.07976158142523
-0.00000000000000
0.53732700150088
0.89290323118303
0.60524866076756
-0.00000000000000
-0.23427303077214
0.05651146757638
0.30658616083697
0.00000000000001
-0.62512377845702
-0.87172484501577
-0.49035162506472
-0.00000000000001
0.00000000000000
-0.38320136240857
-0.49035162506472
-0.00000000000000
0.62512377845701
0.72811529493746
0.30658616083696
0.00000000000000
0.23427303077214
0.65607176467927
0.60524866076757
-0.00000000000000
-0.53732700150088
-0.48224411548110
-0.07976158142522
0.00000000000001
-0.43564311057942
-0.83679883729942
-0.63514032072935
-0.00000000000000
0.37406424399971
0.16864318312715
-0.15826527506410
-0.00000000000000
0.57582841013978
0.90000000000000
0.57582841013979
0.00000000000000
-0.15826527506411
0.16864318312716
0.37406424399971
0.00000000000000
-0.63514032072935
-0.83679883729943
-0.43564311057942
-0.00000000000000
-0.07976158142522
-0.48224411548110
-0.53732700150089
-0.00000000000001
0.60524866076755
0.65607176467927
0.23427303077213
0.00000000000000
0.30658616083697
0.72811529493745
0.62512377845702
0.00000000000000
-0.49035162506471
-0.38320136240857
-0.00000000000001
0.00000000000001
-0.49035162506472
-0.87172484501577
-0.62512377845701
0.00000000000001
0.30658616083697
0.05651146757638
-0.23427303077213
-0.00000000000001
0.60524866076756
0.89290323118303
0.53732700150087
-0.00000000000000
-0.07976158142522
0.27811529493746
0.43564311057942
0.00000000000000
-0.63514032072934
-0.78867601203948
-0.37406424399971
-0.00000000000000
-0.15826527506410
-0.57368159077383
-0.57582841013978
0.00000000000001
0.57582841013978
0.57368159077382
0.15826527506410
-0.00000000000000
0.37406424399971
0.78867601203947
0.63514032072936
-0.00000000000001
-0.43564311057942
-0.27811529493746
0.07976158142522
-0.00000000000001
-0.53732700150087
-0.89290323118303
-0.60524866076758
-0.00000000000001
0.23427303077215
-0.05651146757637
-0.30658616083698
0.00000000000000
0.62512377845700
0.87172484501576
0.49035162506471
0.00000000000001
-0.00000000000002
0.38320136240857
0.49035162506472
0.00000000000003
-0.62512377845701
-0.72811529493744
-0.30658616083697
0.00000000000000
-0.23427303077213
-0.65607176467927
-0.60524866076756
-0.00000000000002
0.53732700150087
0.48224411548111
0.07976158142522
-0.00000000000001
0.43564311057941
0.83679883729944
0.63514032072935
0.00000000000001
-0.37406424399970
-0.16864318312714
0.15826527506410
0.00000000000002
-0.57582841013978
-0.90000000000000
-0.57582841013979
0.00000000000001
0.15826527506412
-0.16864318312715
-0.37406424399971
-0.00000000000001
0.63514032072935
0.83679883729942
0.43564311057943
0.00000000000001
0.07976158142521
0.48224411548111
0.53732700150088
0.00000000000001
-0.60524866076757
-0.65607176467927
-0.23427303077215
0.00000000000000
-0.30658616083697
-0.72811529493744
-0.62512377845703
0.00000000000001
0.49035162506472
0.38320136240857
-0.00000000000000
-0.00000000000000
0.49035162506471
0.87172484501577
0.62512377845702
0.00000000000003
-0.30658616083697
-0.05651146757639
0.23427303077214
0.00000000000001
-0.60524866076758
-0.89290323118303
-0.53732700150090
-0.00000000000000
0.07976158142522
-0.27811529493744
-0.43564311057942
-0.00000000000000
0.63514032072934
0.78867601203948
0.37406424399971
0.00000000000000
0.15826527506410
0.57368159077383
0.57582841013979
0.00000000000001
-0.57582841013978
-0.57368159077383
-0.15826527506413
0.00000000000000
-0.37406424399972
-0.78867601203947
-0.63514032072936
0.00000000000001
0.43564311057942
0.27811529493747
-0.07976158142522
-0.00000000000000
0.53732700150086
0.89290323118303
0.60524866076756
0.00000000000001
-0.23427303077214
0.05651146757639
0.30658616083697
0.00000000000001
-0.62512377845701
-0.87172484501577
-0.49035162506475
-0.00000000000000
0.00000000000000
-0.38320136240854
-0.49035162506472
-0.00000000000002
0.62512377845701
0.72811529493748
0.30658616083698
0.00000000000000
0.23427303077213
0.65607176467928
0.60524866076757
-0.00000000000000
-0.53732700150087
-0.48224411548110
-0.07976158142523
0.00000000000000
-0.43564311057940
-0.83679883729942
-0.63514032072936
-0.00000000000000
0.37406424399970
0.16864318312718
-0.15826527506410
-0.00000000000002
0.57582841013978
0.90000000000000
0.57582841013980
0.00000000000002
-0.15826527506412
0.16864318312716
0.37406424399971
-0.00000000000001
-0.63514032072934
-0.83679883729943
-0.43564311057944
0.00000000000000
-0.07976158142520
-0.48224411548108
-0.53732700150088
-0.00000000000000
0.60524866076757
0.65607176467929
0.23427303077214
-0.00000000000000
0.30658616083696
0.72811529493745
0.62512377845701
0.00000000000004
-0.49035162506472
-0.38320136240856
0.00000000000000
-0.00000000000000
-0.49035162506470
-0.87172484501577
-0.62512377845703
0.00000000000001
0.30658616083697
0.05651146757641
-0.23427303077214
-0.00000000000001
0.60524866076756
0.89290323118303
0.53732700150086
0.00000000000001
-0.07976158142523
0.27811529493746
0.43564311057943
0.00000000000004
-0.63514032072935
-0.78867601203948
-0.37406424399972
0.00000000000000
-0.15826527506410
-0.57368159077381
-0.57582841013979
0.00000000000001
0.57582841013978
0.57368159077383
0.15826527506412
-0.00000000000000
0.37406424399969
0.78867601203948
0.63514032072933
0.00000000000003
-0.43564311057943
-0.27811529493745
0.07976158142522
0.00000000000002
-0.53732700150088
-0.89290323118303
-0.60524866076757
0.00000000000002
0.23427303077215
-0.05651146757639
-0.30658616083696
-0.00000000000002
0.62512377845700
0.87172484501577
0.49035162506476
-0.00000000000001
-0.00000000000002
0.38320136240856
0.49035162506471
0.00000000000000
-0.62512377845703
-0.72811529493747
-0.30658616083699
-0.00000000000000
-0.23427303077214
-0.65607176467924
-0.60524866076755
-0.00000000000003
0.53732700150087
0.48224411548106
0.07976158142526
0.00000000000000
0.43564311057944
0.83679883729942
0.63514032072937
-0.00000000000003
-0.37406424399971
-0.16864318312714
0.15826527506412
0.00000000000002
-0.57582841013982
-0.90000000000000
-0.57582841013978
0.00000000000000
0.15826527506413
-0.16864318312713
-0.37406424399971
-0.00000000000006
0.63514032072935
0.83679883729942
0.43564311057945
-0.00000000000001
0.07976158142522
0.48224411548110
0.53732700150088
-0.00000000000001
-0.60524866076755
-0.65607176467928
-0.23427303077215
0.00000000000000
-0.30658616083693
-0.72811529493747
-0.62512377845702
-0.00000000000003
0.49035162506472
0.38320136240860
-0.00000000000000
-0.00000000000002
0.49035162506469
0.87172484501577
0.62512377845702
0.00000000000005
-0.30658616083697
-0.05651146757641
0.23427303077213
-0.00000000000002
-0.60524866076751
-0.89290323118303
-0.53732700150087
-0.00000000000002
0.07976158142523
-0.27811529493745
-0.43564311057942
-0.00000000000000
0.63514032072936
0.78867601203949
0.37406424399967
0.00000000000001
0.15826527506411
0.57368159077384
0.57582841013979
0.00000000000002
-0.57582841013978
-0.57368159077383
-0.15826527506410
-0.00000000000000
-0.37406424399968
-0.78867601203946
-0.63514032072936
-0.00000000000000
0.43564311057941
0.27811529493744
-0.07976158142521
-0.00000000000001
0.53732700150092
0.89290323118303
0.60524866076756
-0.00000000000001
-0.23427303077215
0.05651146757636
0.30658616083698
0.00000000000005
-0.62512377845701
-0.87172484501578
-0.49035162506474
0.00000000000002
0.00000000000003
-0.38320136240856
-0.49035162506473
-0.00000000000003
0.62512377845699
0.72811529493744
0.30658616083702
-0.00000000000000
0.23427303077216
0.65607176467925
0.60524866076755
0.00000000000001
-0.53732700150087
-0.48224411548109
-0.07976158142521
0.00000000000001
-0.43564311057940
-0.83679883729940
-0.63514032072936
0.00000000000001
0.37406424399971
0.16864318312714
-0.15826527506410
-0.00000000000001
0.57582841013978
0.90000000000000
0.57582841013982
0.00000000000001
-0.15826527506411
0.16864318312715
0.37406424399971
-0.00000000000001
-0.63514032072932
-0.83679883729943
-0.43564311057938
-0.00000000000002
-0.07976158142523
-0.48224411548111
-0.53732700150089
-0.00000000000002
0.60524866076755
0.65607176467927
0.23427303077213
-0.00000000000000
0.30658616083695
0.72811529493747
0.62512377845705
0.00000000000001
-0.49035162506470
-0.38320136240860
-0.00000000000001
0.00000000000001
-0.49035162506471
-0.87172484501577
-0.62512377845701
-0.00000000000003
0.30658616083696
0.05651146757640
-0.23427303077215
-0.00000000000001
0.60524866076757
0.89290323118303
0.53732700150090
0.00000000000000
-0.07976158142521
0.27811529493746
0.43564311057943
0.00000000000003
-0.63514032072933
-0.78867601203948
-0.37406424399976
-0.00000000000000
-0.15826527506409
-0.57368159077380
-0.57582841013976
-0.00000000000001
0.57582841013978
0.57368159077381
0.15826527506414
-0.00000000000001
0.37406424399974
0.78867601203945
0.63514032072935
0.00000000000000
-0.43564311057942
-0.27811529493743
0.07976158142518
0.00000000000000
-0.53732700150088
-0.89290323118303
-0.60524866076759
0.00000000000002
0.23427303077217
-0.05651146757638
-0.30658616083697
-0.00000000000004
0.62512377845703
0.87172484501577
0.49035162506473
0.00000000000000
0.00000000000001
0.38320136240854
0.49035162506472
0.00000000000003
-0.62512377845701
-0.72811529493745
-0.30658616083696
-0.00000000000000
-0.23427303077212
-0.65607176467926
-0.60524866076756
-0.00000000000001
0.53732700150086
0.48224411548112
0.07976158142524
-0.00000000000001
0.43564311057942
0.83679883729943
0.63514032072938
0.00000000000004
-0.37406424399971
-0.16864318312721
0.15826527506410
0.00000000000001
-0.57582841013975
-0.90000000000000
-0.57582841013975
-0.00000000000005
0.15826527506408
-0.16864318312717
-0.37406424399971
-0.00000000000004
0.63514032072934
0.83679883729943
0.43564311057942
0.00000000000003
0.07976158142523
0.48224411548108
0.53732700150090
-0.00000000000000
-0.60524866076756
-0.65607176467929
-0.23427303077216
-0.00000000000000
-0.30658616083696
-0.72811529493746
-0.62512377845704
0.00000000000001
0.49035162506471
0.38320136240857
0.00000000000002
-0.00000000000000
0.49035162506472
0.87172484501577
0.62512377845699
0.00000000000002
-0.30658616083698
-0.05651146757642
0.23427303077213
0.00000000000003
-0.60524866076753
-0.89290323118303
-0.53732700150089
-0.00000000000000
0.07976158142524
-0.27811529493748
-0.43564311057943
-0.00000000000007
0.63514032072930
0.78867601203948
0.37406424399974
0.00000000000001
0.15826527506413
0.57368159077381
0.57582841013979
0.00000000000005
-0.57582841013979
-0.57368159077384
-0.15826527506416
0.00000000000001
-0.37406424399971
-0.78867601203945
-0.63514032072939
0.00000000000003
0.43564311057942
0.27811529493746
-0.07976158142520
0.00000000000001
0.53732700150085
0.89290323118303
0.60524866076757
-0.00000000000000
-0.23427303077214
0.05651146757634
0.30658616083698
-0.00000000000003
-0.62512377845695
-0.87172484501578
-0.49035162506466
-0.00000000000002
0.00000000000001
-0.38320136240854
-0.49035162506472
-0.00000000000000
0.62512377845698
0.72811529493745
0.30658616083695
0.00000000000000
0.23427303077209
0.65607176467926
0.60524866076758
0.00000000000005
-0.53732700150089
-0.48224411548111
-0.07976158142522
0.00000000000000
-0.43564311057943
-0.83679883729943
-0.63514032072938
-0.00000000000008
0.37406424399972
0.16864318312715
-0.15826527506409
0.00000000000002
0.57582841013976
0.90000000000000
0.57582841013983
-0.00000000000001
-0.15826527506413
0.16864318312714
0.37406424399972
0.00000000000002
-0.63514032072935
-0.83679883729944
-0.43564311057941
0.00000000000001
-0.07976158142520
-0.48224411548107
-0.53732700150088
-0.00000000000004
0.60524866076754
0.65607176467927
0.23427303077215
-0.00000000000000
0.30658616083697
0.72811529493747
0.62512377845700
0.00000000000008
-0.49035162506472
-0.38320136240852
-0.00000000000002
0.00000000000002
-0.49035162506469
-0.87172484501576
-0.62512377845703
-0.00000000000002
0.30658616083699
0.05651146757635
-0.23427303077213
-0.00000000000006
0.60524866076755
0.89290323118303
0.53732700150093
0.00000000000002
-0.07976158142521
0.27811529493744
0.43564311057944
-0.00000000000005
-0.63514032072936
-0.78867601203948
-0.37406424399978
-0.00000000000000
-0.15826527506411
-0.57368159077378
-0.57582841013983
0.00000000000003
0.57582841013977
0.57368159077388
0.15826527506407
-0.00000000000001
0.37406424399967
0.78867601203947
0.63514032072936
0.00000000000001
-0.43564311057943
-0.27811529493749
0.07976158142524
-0.00000000000001
-0.53732700150081
-0.89290323118303
-0.60524866076756
-0.00000000000004
0.23427303077215
-0.05651146757635
-0.30658616083697
-0.00000000000002
0.62512377845693
0.87172484501577
0.49035162506475
0.00000000000003
-0.00000000000001
0.38320136240856
0.49035162506474
0.00000000000006
-0.62512377845704
-0.72811529493747
-0.30658616083698
0.00000000000000
-0.23427303077215
-0.65607176467924
-0.60524866076760
0.00000000000004
0.53732700150087
0.48224411548115
0.07976158142524
-0.00000000000001
0.43564311057940
0.83679883729942
0.63514032072935
0.00000000000000
-0.37406424399969
-0.16864318312723
0.15826527506413
-0.00000000000003
-0.57582841013973
-0.90000000000000
-0.57582841013972
-0.00000000000003
0.15826527506412
-0.16864318312713
-0.37406424399971
-0.00000000000000
0.63514032072927
0.83679883729942
0.43564311057949
0.00000000000002
0.07976158142519
0.48224411548106
0.53732700150090
0.00000000000005
-0.60524866076757
-0.65607176467928
-0.23427303077214
0.00000000000001
-0.30658616083699
-0.72811529493746
-0.62512377845707
-0.00000000000007
0.49035162506473
0.38320136240859
0.00000000000001
0.00000000000003
0.49035162506470
0.87172484501574
0.62512377845702
-0.00000000000001
-0.30658616083698
-0.05651146757636
0.23427303077215
0.00000000000003
-0.60524866076761
-0.89290323118303
-0.53732700150091
0.00000000000004
0.07976158142523
-0.27811529493736
-0.43564311057944
0.00000000000001
0.63514032072929
0.78867601203946
0.37406424399967
0.00000000000001
0.15826527506417
0.57368159077387
0.57582841013977
0.00000000000014
-0.57582841013978
-0.57368159077383
-0.15826527506418
-0.00000000000000
-0.37406424399964
-0.78867601203944
-0.63514032072932
-0.00000000000005
0.43564311057943
0.27811529493748
-0.07976158142520
-0.00000000000008
0.53732700150088
0.89290323118303
0.60524866076764
-0.00000000000000
-0.23427303077212
0.05651146757631
0.30658616083696
-0.00000000000004
-0.62512377845698
-0.87172484501577
-0.49035162506473
-0.00000000000001
0.00000000000000
-0.38320136240858
-0.49035162506474
0.00000000000002
0.62512377845696
0.72811529493749
0.30658616083692
0.00000000000000
0.23427303077212
0.65607176467927
0.60524866076755
0.00000000000002
-0.53732700150088
-0.48224411548116
-0.07976158142520
-0.00000000000001
-0.43564311057936
-0.83679883729940
-0.63514032072930
-0.00000000000006
0.37406424399970
0.16864318312717
-0.15826527506409
-0.00000000000008
0.57582841013969
0.90000000000000
0.57582841013986
0.00000000000005
-0.15826527506408
0.16864318312709
0.37406424399970
0.00000000000006
-0.63514032072934
-0.83679883729943
-0.43564311057943
-0.00000000000004
-0.07976158142516
-0.48224411548112
-0.53732700150091
-0.00000000000006
0.60524866076757
0.65607176467930
0.23427303077226
0.00000000000000
0.30658616083696
0.72811529493740
0.62512377845693
0.00000000000000
-0.49035162506469
-0.38320136240853
0.00000000000002
0.00000000000003
-0.49035162506477
-0.87172484501576
-0.62512377845703
-0.00000000000004
0.30658616083696
0.05651146757639
-0.23427303077213
-0.00000000000001
0.60524866076748
0.89290323118303
0.53732700150084
0.00000000000004
-0.07976158142529
0.27811529493753
0.43564311057942
0.00000000000014
-0.63514032072935
-0.78867601203948
-0.37406424399980
-0.00000000000000
-0.15826527506414
-0.57368159077377
-0.57582841013981
-0.00000000000005
