0.50800181967944
0.72270321789479
0.56605046293743
0.22524010948214
0.00000000000000
0.06630212368010
0.33993908038897
0.54560361518401
0.43753118761456
0.00000000000000
-0.52874569417730
-0.82905959426863
-0.73675288226808
-0.36213002402794
-0.00000000000000
0.09912597594180
-0.08055209215721
-0.31509652917510
-0.32423195444693
-0.00000000000000
0.49773225614121
0.85426184115760
0.83533679622316
0.46357212871365
-0.00000000000000
-0.25485093438723
-0.18671989609433
0.05374559948392
0.17919463852117
0.00000000000000
-0.41799731696947
-0.79584298704183
-0.85215212443023
-0.51963656354392
-0.00000000000000
0.38562930772397
0.43571443996215
0.21286632395236
-0.01661650285449
-0.00000000000000
0.29734588805420
0.65952147639026
0.78555286540509
0.52483535101368
0.00000000000000
-0.47865959758331
-0.64205821864546
-0.45864140847329
-0.14758817188556
0.00000000000000
-0.14758817188556
-0.45864140847329
-0.64205821864546
-0.47865959758332
0.00000000000000
0.52483535101368
0.78555286540509
0.65952147639026
0.29734588805420
0.00000000000000
-0.01661650285449
0.21286632395236
0.43571443996215
0.38562930772397
0.00000000000000
-0.51963656354392
-0.85215212443023
-0.79584298704183
-0.41799731696947
-0.00000000000000
0.17919463852117
0.05374559948392
-0.18671989609434
-0.25485093438723
-0.00000000000000
0.46357212871364
0.83533679622316
0.85426184115760
0.49773225614121
0.00000000000000
-0.32423195444692
-0.31509652917510
-0.08055209215721
0.09912597594180
0.00000000000000
-0.36213002402793
-0.73675288226808
-0.82905959426863
-0.52874569417730
-0.00000000000000
0.43753118761456
0.54560361518401
0.33993908038898
0.06630212368010
-0.00000000000000
0.22524010948214
0.56605046293742
0.72270321789480
0.50800181967944
-0.00000000000000
-0.50800181967944
-0.72270321789479
-0.56605046293743
-0.22524010948213
0.00000000000000
-0.06630212368011
-0.33993908038897
-0.54560361518401
-0.43753118761456
0.00000000000000
0.52874569417730
0.82905959426863
0.73675288226808
0.36213002402795
-0.00000000000000
-0.09912597594180
0.08055209215721
0.31509652917510
0.32423195444693
0.00000000000001
-0.49773225614120
-0.85426184115760
-0.83533679622316
-0.46357212871365
-0.00000000000001
0.25485093438723
0.18671989609434
-0.05374559948391
-0.17919463852116
-0.00000000000001
0.41799731696947
0.79584298704183
0.85215212443023
0.51963656354392
0.00000000000001
-0.38562930772397
-0.43571443996215
-0.21286632395236
0.01661650285449
0.00000000000000
-0.29734588805419
-0.65952147639027
-0.78555286540509
-0.52483535101368
-0.00000000000000
0.47865959758331
0.64205821864546
0.45864140847330
0.14758817188557
0.00000000000000
0.14758817188556
0.45864140847328
0.64205821864546
0.47865959758332
0.00000000000000
-0.52483535101368
-0.78555286540509
-0.65952147639027
-0.29734588805420
-0.00000000000000
0.01661650285449
-0.21286632395235
-0.43571443996215
-0.38562930772398
-0.00000000000001
0.51963656354391
0.85215212443023
0.79584298704183
0.41799731696947
0.00000000000000
-0.17919463852117
-0.05374559948393
0.18671989609433
0.25485093438724
0.00000000000000
-0.46357212871363
-0.83533679622316
-0.85426184115760
-0.49773225614120
-0.00000000000001
0.32423195444692
0.31509652917511
0.08055209215721
-0.09912597594180
-0.00000000000001
0.36213002402793
0.73675288226808
0.82905959426863
0.52874569417729
0.00000000000000
-0.43753118761456
-0.54560361518401
-0.33993908038897
-0.06630212368011
0.00000000000000
-0.22524010948213
-0.56605046293742
-0.72270321789480
-0.50800181967944
0.00000000000000
0.50800181967944
0.72270321789479
0.56605046293742
0.22524010948214
0.00000000000000
0.06630212368010
0.33993908038898
0.54560361518402
0.43753118761456
-0.00000000000000
-0.52874569417730
-0.82905959426863
-0.73675288226808
-0.36213002402794
-0.00000000000000
0.09912597594179
-0.08055209215721
-0.31509652917510
-0.32423195444693
0.00000000000001
0.49773225614122
0.85426184115760
0.83533679622316
0.46357212871364
0.00000000000000
-0.25485093438723
-0.18671989609435
0.05374559948391
0.17919463852117
-0.00000000000000
-0.41799731696948
-0.79584298704182
-0.85215212443023
-0.51963656354393
-0.00000000000001
0.38562930772396
0.43571443996216
0.21286632395237
-0.01661650285449
-0.00000000000001
0.29734588805419
0.65952147639026
0.78555286540509
0.52483535101369
0.00000000000001
-0.47865959758330
-0.64205821864546
-0.45864140847329
-0.14758817188557
0.00000000000000
-0.14758817188556
-0.45864140847328
-0.64205821864545
-0.47865959758331
-0.00000000000001
0.52483535101368
0.78555286540509
0.65952147639027
0.29734588805420
0.00000000000001
-0.01661650285450
0.21286632395235
0.43571443996215
0.38562930772397
0.00000000000000
-0.51963656354391
-0.85215212443023
-0.79584298704183
-0.41799731696948
-0.00000000000001
0.17919463852117
0.05374559948392
-0.18671989609434
-0.25485093438723
-0.00000000000000
0.46357212871365
0.83533679622316
0.85426184115760
0.49773225614121
0.00000000000001
-0.32423195444692
-0.31509652917511
-0.08055209215721
0.09912597594180
-0.00000000000000
-0.36213002402793
-0.73675288226808
-0.82905959426863
-0.52874569417732
-0.00000000000001
0.43753118761455
0.54560361518401
0.33993908038898
0.06630212368010
-0.00000000000000
0.22524010948212
0.56605046293742
0.72270321789479
0.50800181967944
0.00000000000001
-0.50800181967944
-0.72270321789479
-0.56605046293742
-0.22524010948216
-0.00000000000000
-0.06630212368010
-0.33993908038896
-0.54560361518401
-0.43753118761456
-0.00000000000000
0.52874569417729
0.82905959426863
0.73675288226810
0.36213002402795
0.00000000000000
-0.09912597594180
0.08055209215721
0.31509652917510
0.32423195444693
0.00000000000001
-0.49773225614121
-0.85426184115760
-0.83533679622317
-0.46357212871367
-0.00000000000001
0.25485093438723
0.18671989609434
-0.05374559948391
-0.17919463852117
-0.00000000000001
0.41799731696947
0.79584298704182
0.85215212443024
0.51963656354392
0.00000000000002
-0.38562930772397
-0.43571443996215
-0.21286632395236
0.01661650285449
0.00000000000000
-0.29734588805417
-0.65952147639025
-0.78555286540509
-0.52483535101370
-0.00000000000000
0.47865959758330
0.64205821864546
0.45864140847329
0.14758817188556
0.00000000000000
0.14758817188555
0.45864140847327
0.64205821864545
0.47865959758331
0.00000000000001
-0.52483535101369
-0.78555286540509
-0.65952147639026
-0.29734588805420
-0.00000000000000
0.01661650285450
-0.21286632395235
-0.43571443996215
-0.38562930772397
0.00000000000001
0.51963656354391
0.85215212443023
0.79584298704183
0.41799731696945
0.00000000000002
-0.17919463852117
-0.05374559948393
0.18671989609433
0.25485093438723
0.00000000000001
-0.46357212871366
-0.83533679622316
-0.85426184115759
-0.49773225614123
-0.00000000000001
0.32423195444691
0.31509652917511
0.08055209215721
-0.09912597594180
0.00000000000000
0.36213002402794
0.73675288226809
0.82905959426863
0.52874569417730
0.00000000000003
-0.43753118761455
-0.54560361518401
-0.33993908038897
-0.06630212368011
-0.00000000000000
-0.22524010948215
-0.56605046293744
-0.72270321789479
-0.50800181967945
0.00000000000000
0.50800181967944
0.72270321789479
0.56605046293743
0.22524010948213
0.00000000000000
0.06630212368011
0.33993908038897
0.54560361518401
0.43753118761455
0.00000000000001
-0.52874569417731
-0.82905959426863
-0.73675288226807
-0.36213002402794
0.00000000000001
0.09912597594179
-0.08055209215719
-0.31509652917510
-0.32423195444692
0.00000000000000
0.49773225614120
0.85426184115760
0.83533679622316
0.46357212871363
-0.00000000000000
-0.25485093438723
-0.18671989609434
0.05374559948392
0.17919463852116
0.00000000000000
-0.41799731696948
-0.79584298704183
-0.85215212443022
-0.51963656354392
0.00000000000000
0.38562930772396
0.43571443996215
0.21286632395234
-0.01661650285449
0.00000000000000
0.29734588805420
0.65952147639028
0.78555286540510
0.52483535101367
0.00000000000002
-0.47865959758331
-0.64205821864547
-0.45864140847329
-0.14758817188555
0.00000000000000
-0.14758817188558
-0.45864140847328
-0.64205821864546
-0.47865959758334
-0.00000000000000
0.52483535101364
0.78555286540510
0.65952147639028
0.29734588805421
-0.00000000000000
-0.01661650285450
0.21286632395239
0.43571443996213
0.38562930772398
0.00000000000003
-0.51963656354389
-0.85215212443022
-0.79584298704184
-0.41799731696949
-0.00000000000001
0.17919463852117
0.05374559948394
-0.18671989609432
-0.25485093438724
-0.00000000000001
0.46357212871361
0.83533679622315
0.85426184115761
0.49773225614122
0.00000000000003
-0.32423195444692
-0.31509652917511
-0.08055209215724
0.09912597594180
0.00000000000001
-0.36213002402793
-0.73675288226806
-0.82905959426863
-0.52874569417731
-0.00000000000002
0.43753118761456
0.54560361518402
0.33993908038899
0.06630212368012
-0.00000000000000
0.22524010948212
0.56605046293742
0.72270321789480
0.50800181967944
0.00000000000004
-0.50800181967943
-0.72270321789480
-0.56605046293744
-0.22524010948214
-0.00000000000000
-0.06630212368010
-0.33993908038896
-0.54560361518401
-0.43753118761457
-0.00000000000002
0.52874569417727
0.82905959426863
0.73675288226808
0.36213002402795
0.00000000000000
-0.09912597594180
0.08055209215721
0.31509652917509
0.32423195444693
0.00000000000003
-0.49773225614119
-0.85426184115759
-0.83533679622317
-0.46357212871364
-0.00000000000001
0.25485093438723
0.18671989609433
-0.05374559948392
-0.17919463852116
-0.00000000000000
0.41799731696944
0.79584298704182
0.85215212443024
0.51963656354392
-0.00000000000001
-0.38562930772398
-0.43571443996214
-0.21286632395238
0.01661650285449
0.00000000000001
-0.29734588805419
-0.65952147639024
-0.78555286540510
-0.52483535101367
-0.00000000000001
0.47865959758333
0.64205821864546
0.45864140847330
0.14758817188557
0.00000000000000
0.14758817188555
0.45864140847328
0.64205821864546
0.47865959758332
-0.00000000000001
-0.52483535101368
-0.78555286540509
-0.65952147639028
-0.29734588805420
-0.00000000000001
0.01661650285449
-0.21286632395235
-0.43571443996216
-0.38562930772398
-0.00000000000002
0.51963656354391
0.85215212443023
0.79584298704181
0.41799731696948
-0.00000000000000
-0.17919463852117
-0.05374559948394
0.18671989609435
0.25485093438723
0.00000000000003
-0.46357212871363
-0.83533679622316
-0.85426184115761
-0.49773225614123
-0.00000000000001
0.32423195444692
0.31509652917512
0.08055209215721
-0.09912597594181
0.00000000000000
0.36213002402791
0.73675288226807
0.82905959426862
0.52874569417734
0.00000000000002
-0.43753118761453
-0.54560361518403
-0.33993908038899
-0.06630212368011
0.00000000000001
-0.22524010948211
-0.56605046293742
-0.72270321789480
-0.50800181967942
-0.00000000000003
0.50800181967944
0.72270321789479
0.56605046293741
0.22524010948215
-0.00000000000000
0.06630212368011
0.33993908038900
0.54560361518399
0.43753118761458
0.00000000000003
-0.52874569417728
-0.82905959426863
-0.73675288226811
-0.36213002402797
-0.00000000000001
0.09912597594180
-0.08055209215717
-0.31509652917508
-0.32423195444692
-0.00000000000000
0.49773225614123
0.85426184115759
0.83533679622316
0.46357212871363
-0.00000000000002
-0.25485093438723
-0.18671989609438
0.05374559948390
0.17919463852116
0.00000000000000
-0.41799731696943
-0.79584298704181
-0.85215212443023
-0.51963656354391
-0.00000000000003
0.38562930772396
0.43571443996214
0.21286632395234
-0.01661650285448
-0.00000000000000
0.29734588805420
0.65952147639028
0.78555286540510
0.52483535101369
0.00000000000004
-0.47865959758329
-0.64205821864547
-0.45864140847333
-0.14758817188559
0.00000000000000
-0.14758817188556
-0.45864140847326
-0.64205821864547
-0.47865959758333
-0.00000000000000
0.52483535101364
0.78555286540510
0.65952147639027
0.29734588805419
0.00000000000001
-0.01661650285447
0.21286632395237
0.43571443996217
0.38562930772397
0.00000000000001
-0.51963656354387
-0.85215212443022
-0.79584298704184
-0.41799731696947
-0.00000000000003
0.17919463852117
0.05374559948392
-0.18671989609435
-0.25485093438724
0.00000000000003
0.46357212871364
0.83533679622317
0.85426184115761
0.49773225614116
0.00000000000000
-0.32423195444692
-0.31509652917514
-0.08055209215721
0.09912597594179
0.00000000000002
-0.36213002402793
-0.73675288226808
-0.82905959426864
-0.52874569417732
-0.00000000000001
0.43753118761456
0.54560361518401
0.33993908038898
0.06630212368011
0.00000000000000
0.22524010948213
0.56605046293747
0.72270321789479
0.50800181967943
0.00000000000002
-0.50800181967947
-0.72270321789480
-0.56605046293744
-0.22524010948219
0.00000000000000
-0.06630212368008
-0.33993908038897
-0.54560361518400
-0.43753118761456
-0.00000000000002
0.52874569417724
0.82905959426863
0.73675288226806
0.36213002402795
-0.00000000000003
-0.09912597594180
0.08055209215724
0.31509652917510
0.32423195444692
0.00000000000002
-0.49773225614119
-0.85426184115758
-0.83533679622315
-0.46357212871367
-0.00000000000005
0.25485093438724
0.18671989609432
-0.05374559948390
-0.17919463852116
0.00000000000001
0.41799731696949
0.79584298704182
0.85215212443024
0.51963656354389
0.00000000000002
-0.38562930772396
-0.43571443996211
-0.21286632395234
0.01661650285446
0.00000000000002
-0.29734588805421
-0.65952147639025
-0.78555286540510
-0.52483535101373
-0.00000000000001
0.47865959758331
0.64205821864547
0.45864140847328
0.14758817188558
0.00000000000000
0.14758817188553
0.45864140847330
0.64205821864545
0.47865959758332
0.00000000000006
-0.52483535101370
-0.78555286540510
-0.65952147639030
-0.29734588805423
-0.00000000000001
0.01661650285453
-0.21286632395234
-0.43571443996215
-0.38562930772397
-0.00000000000005
0.51963656354388
0.85215212443022
0.79584298704183
0.41799731696951
-0.00000000000001
-0.17919463852117
-0.05374559948391
0.18671989609430
0.25485093438724
0.00000000000001
-0.46357212871360
-0.83533679622312
-0.85426184115760
-0.49773225614126
-0.00000000000004
0.32423195444694
0.31509652917509
0.08055209215724
-0.09912597594180
-0.00000000000001
0.36213002402794
0.73675288226806
0.82905959426864
0.52874569417730
-0.00000000000000
-0.43753118761453
-0.54560361518399
-0.33993908038898
-0.06630212368008
0.00000000000001
-0.22524010948213
-0.56605046293739
-0.72270321789478
-0.50800181967951
0.00000000000001
0.50800181967942
0.72270321789481
0.56605046293743
0.22524010948213
0.00000000000000
0.06630212368010
0.33993908038897
0.54560361518402
0.43753118761456
0.00000000000001
-0.52874569417729
-0.82905959426863
-0.73675288226813
-0.36213002402794
-0.00000000000002
0.09912597594180
-0.08055209215715
-0.31509652917510
-0.32423195444693
-0.00000000000002
0.49773225614115
0.85426184115761
0.83533679622318
0.46357212871366
-0.00000000000001
-0.25485093438723
-0.18671989609434
0.05374559948394
0.17919463852116
-0.00000000000002
-0.41799731696945
-0.79584298704186
-0.85215212443024
-0.51963656354393
-0.00000000000008
0.38562930772399
0.43571443996217
0.21286632395238
-0.01661650285448
0.00000000000000
0.29734588805418
0.65952147639026
0.78555286540509
0.52483535101367
0.00000000000003
-0.47865959758332
-0.64205821864544
-0.45864140847326
-0.14758817188557
0.00000000000000
-0.14758817188554
-0.45864140847328
-0.64205821864544
-0.47865959758330
-0.00000000000002
0.52483535101367
0.78555286540508
0.65952147639025
0.29734588805421
0.00000000000000
-0.01661650285451
0.21286632395238
0.43571443996216
0.38562930772400
-0.00000000000003
-0.51963656354395
-0.85215212443022
-0.79584298704182
-0.41799731696944
0.00000000000000
0.17919463852116
0.05374559948394
-0.18671989609432
-0.25485093438724
-0.00000000000004
0.46357212871367
0.83533679622316
0.85426184115760
0.49773225614125
-0.00000000000003
-0.32423195444692
-0.31509652917510
-0.08055209215720
0.09912597594181
0.00000000000000
-0.36213002402795
-0.73675288226810
-0.82905959426863
-0.52874569417733
-0.00000000000004
0.43753118761453
0.54560361518401
0.33993908038900
0.06630212368015
0.00000000000000
0.22524010948214
0.56605046293740
0.72270321789480
0.50800181967943
0.00000000000001
-0.50800181967942
-0.72270321789479
-0.56605046293742
-0.22524010948216
-0.00000000000001
-0.06630212368013
-0.33993908038893
-0.54560361518398
-0.43753118761456
-0.00000000000000
0.52874569417728
0.82905959426861
0.73675288226809
0.36213002402798
0.00000000000002
-0.09912597594181
0.08055209215722
0.31509652917507
0.32423195444693
-0.00000000000002
-0.49773225614121
-0.85426184115758
-0.83533679622317
-0.46357212871360
0.00000000000001
0.25485093438724
0.18671989609437
-0.05374559948388
-0.17919463852117
-0.00000000000004
0.41799731696947
0.79584298704181
0.85215212443024
0.51963656354398
-0.00000000000002
-0.38562930772395
-0.43571443996216
-0.21286632395240
0.01661650285450
0.00000000000001
-0.29734588805419
-0.65952147639026
-0.78555286540509
-0.52483535101376
-0.00000000000007
0.47865959758329
0.64205821864548
0.45864140847333
0.14758817188560
0.00000000000000
0.14758817188555
0.45864140847325
0.64205821864547
0.47865959758332
0.00000000000001
-0.52483535101361
-0.78555286540509
-0.65952147639027
-0.29734588805420
-0.00000000000002
0.01661650285447
-0.21286632395235
-0.43571443996213
-0.38562930772398
-0.00000000000003
0.51963656354387
0.85215212443022
0.79584298704184
0.41799731696948
0.00000000000004
-0.17919463852118
-0.05374559948393
0.18671989609435
0.25485093438724
-0.00000000000002
-0.46357212871363
-0.83533679622316
-0.85426184115761
-0.49773225614117
-0.00000000000003
0.32423195444691
0.31509652917513
0.08055209215724
-0.09912597594179
-0.00000000000003
0.36213002402792
0.73675288226807
0.82905959426864
0.52874569417734
0.00000000000003
-0.43753118761456
-0.54560361518400
-0.33993908038895
-0.06630212368011
-0.00000000000000
-0.22524010948212
-0.56605046293746
-0.72270321789479
-0.50800181967945
-0.00000000000007
