0.56542164566817
0.61487667772655
0.23490184804139
-0.00708276496481
0.24016402838502
0.68117880140665
0.72972249795027
0.22205600381204
-0.37319907056662
-0.50311529493745
-0.17764371551540
0.06208169635200
-0.18622502283898
-0.68757367333206
-0.84541268915258
-0.41995664689210
0.17685320478341
0.36608227223155
0.08319725672432
-0.16347206880121
0.07459591902791
0.62746310371217
0.89778083623597
0.57282822231781
-0.00000000000000
-0.22679873744543
0.02821389940817
0.29526172438552
0.08461246130025
-0.50311529493745
-0.88013504262601
-0.66590118113850
-0.13718140741395
0.10782654016825
-0.13390021561469
-0.43634752157984
-0.27402179979511
0.32544364930412
0.79473229844150
0.69247879586443
0.22070931507691
-0.02805219694180
0.21200398361605
0.56352011259488
0.47134844515287
-0.11257732535177
-0.65246498311707
-0.65477715691701
-0.24467979524375
0.00000000000000
-0.24467979524375
-0.65477715691702
-0.65246498311707
-0.11257732535177
0.47134844515287
0.56352011259488
0.21200398361605
-0.02805219694180
0.22070931507691
0.69247879586443
0.79473229844150
0.32544364930413
-0.27402179979511
-0.43634752157985
-0.13390021561470
0.10782654016825
-0.13718140741395
-0.66590118113849
-0.88013504262601
-0.50311529493746
0.08461246130025
0.29526172438553
0.02821389940817
-0.22679873744543
-0.00000000000000
0.57282822231781
0.89778083623597
0.62746310371217
0.07459591902791
-0.16347206880121
0.08319725672432
0.36608227223155
0.17685320478340
-0.41995664689210
-0.84541268915258
-0.68757367333206
-0.18622502283898
0.06208169635200
-0.17764371551540
-0.50311529493745
-0.37319907056662
0.22205600381204
0.72972249795026
0.68117880140665
0.24016402838502
-0.00708276496481
0.23490184804139
0.61487667772655
0.56542164566817
-0.00000000000000
-0.56542164566817
-0.61487667772655
-0.23490184804140
0.00708276496481
-0.24016402838501
-0.68117880140665
-0.72972249795027
-0.22205600381205
0.37319907056661
0.50311529493745
0.17764371551539
-0.06208169635200
0.18622502283898
0.68757367333206
0.84541268915258
0.41995664689210
-0.17685320478341
-0.36608227223154
-0.08319725672432
0.16347206880121
-0.07459591902791
-0.62746310371216
-0.89778083623597
-0.57282822231783
0.00000000000000
0.22679873744543
-0.02821389940817
-0.29526172438552
-0.08461246130026
0.50311529493744
0.88013504262601
0.66590118113850
0.13718140741396
-0.10782654016825
0.13390021561468
0.43634752157984
0.27402179979511
-0.32544364930413
-0.79473229844150
-0.69247879586444
-0.22070931507693
0.02805219694180
-0.21200398361605
-0.56352011259487
-0.47134844515288
0.11257732535176
0.65246498311707
0.65477715691702
0.24467979524376
0.00000000000000
0.24467979524375
0.65477715691701
0.65246498311707
0.11257732535176
-0.47134844515287
-0.56352011259488
-0.21200398361606
0.02805219694180
-0.22070931507691
-0.69247879586443
-0.79473229844150
-0.32544364930413
0.27402179979510
0.43634752157985
0.13390021561471
-0.10782654016825
0.13718140741396
0.66590118113850
0.88013504262601
0.50311529493745
-0.08461246130025
-0.29526172438552
-0.02821389940818
0.22679873744543
0.00000000000001
-0.57282822231780
-0.89778083623597
-0.62746310371216
-0.07459591902790
0.16347206880121
-0.08319725672432
-0.36608227223154
-0.17685320478341
0.41995664689209
0.84541268915258
0.68757367333208
0.18622502283897
-0.06208169635200
0.17764371551539
0.50311529493745
0.37319907056662
-0.22205600381204
-0.72972249795027
-0.68117880140665
-0.24016402838501
0.00708276496481
-0.23490184804139
-0.61487667772654
-0.56542164566817
0.00000000000000
0.56542164566817
0.61487667772655
0.23490184804140
-0.00708276496481
0.24016402838500
0.68117880140664
0.72972249795027
0.22205600381203
-0.37319907056662
-0.50311529493745
-0.17764371551539
0.06208169635200
-0.18622502283897
-0.68757367333205
-0.84541268915258
-0.41995664689211
0.17685320478340
0.36608227223155
0.08319725672432
-0.16347206880121
0.07459591902790
0.62746310371217
0.89778083623597
0.57282822231782
0.00000000000001
-0.22679873744542
0.02821389940816
0.29526172438553
0.08461246130027
-0.50311529493744
-0.88013504262601
-0.66590118113851
-0.13718140741395
0.10782654016825
-0.13390021561468
-0.43634752157986
-0.27402179979513
0.32544364930412
0.79473229844149
0.69247879586444
0.22070931507690
-0.02805219694180
0.21200398361605
0.56352011259487
0.47134844515288
-0.11257732535174
-0.65246498311707
-0.65477715691703
-0.24467979524376
0.00000000000000
-0.24467979524376
-0.65477715691701
-0.65246498311707
-0.11257732535178
0.47134844515288
0.56352011259489
0.21200398361605
-0.02805219694180
0.22070931507690
0.69247879586442
0.79473229844150
0.32544364930412
-0.27402179979512
-0.43634752157985
-0.13390021561469
0.10782654016824
-0.13718140741395
-0.66590118113849
-0.88013504262601
-0.50311529493747
0.08461246130025
0.29526172438553
0.02821389940816
-0.22679873744543
0.00000000000000
0.57282822231781
0.89778083623596
0.62746310371218
0.07459591902790
-0.16347206880121
0.08319725672432
0.36608227223153
0.17685320478340
-0.41995664689210
-0.84541268915258
-0.68757367333207
-0.18622502283896
0.06208169635201
-0.17764371551541
-0.50311529493744
-0.37319907056662
0.22205600381203
0.72972249795026
0.68117880140665
0.24016402838502
-0.00708276496481
0.23490184804141
0.61487667772654
0.56542164566817
0.00000000000000
-0.56542164566817
-0.61487667772655
-0.23490184804141
0.00708276496481
-0.24016402838501
-0.68117880140664
-0.72972249795027
-0.22205600381204
0.37319907056661
0.50311529493745
0.17764371551540
-0.06208169635200
0.18622502283898
0.68757367333204
0.84541268915258
0.41995664689208
-0.17685320478340
-0.36608227223154
-0.08319725672435
0.16347206880121
-0.07459591902790
-0.62746310371215
-0.89778083623597
-0.57282822231782
-0.00000000000001
0.22679873744543
-0.02821389940816
-0.29526172438552
-0.08461246130025
0.50311529493742
0.88013504262601
0.66590118113847
0.13718140741398
-0.10782654016824
0.13390021561466
0.43634752157985
0.27402179979513
-0.32544364930412
-0.79473229844149
-0.69247879586442
-0.22070931507693
0.02805219694180
-0.21200398361605
-0.56352011259488
-0.47134844515287
0.11257732535174
0.65246498311708
0.65477715691703
0.24467979524376
0.00000000000000
0.24467979524373
0.65477715691700
0.65246498311707
0.11257732535177
-0.47134844515286
-0.56352011259488
-0.21200398361608
0.02805219694180
-0.22070931507688
-0.69247879586444
-0.79473229844150
-0.32544364930413
0.27402179979512
0.43634752157985
0.13390021561469
-0.10782654016825
0.13718140741395
0.66590118113849
0.88013504262601
0.50311529493747
-0.08461246130025
-0.29526172438552
-0.02821389940819
0.22679873744543
0.00000000000002
-0.57282822231782
-0.89778083623596
-0.62746310371218
-0.07459591902792
0.16347206880121
-0.08319725672431
-0.36608227223154
-0.17685320478344
0.41995664689210
0.84541268915258
0.68757367333207
0.18622502283896
-0.06208169635201
0.17764371551540
0.50311529493746
0.37319907056663
-0.22205600381202
-0.72972249795026
-0.68117880140666
-0.24016402838502
0.00708276496481
-0.23490184804139
-0.61487667772655
-0.56542164566818
0.00000000000000
0.56542164566816
0.61487667772655
0.23490184804141
-0.00708276496481
0.24016402838499
0.68117880140664
0.72972249795026
0.22205600381207
-0.37319907056662
-0.50311529493746
-0.17764371551539
0.06208169635200
-0.18622502283898
-0.68757367333206
-0.84541268915258
-0.41995664689208
0.17685320478340
0.36608227223155
0.08319725672433
-0.16347206880121
0.07459591902790
0.62746310371217
0.89778083623597
0.57282822231782
0.00000000000002
-0.22679873744543
0.02821389940817
0.29526172438552
0.08461246130023
-0.50311529493742
-0.88013504262601
-0.66590118113851
-0.13718140741395
0.10782654016825
-0.13390021561470
-0.43634752157983
-0.27402179979511
0.32544364930412
0.79473229844149
0.69247879586442
0.22070931507691
-0.02805219694181
0.21200398361606
0.56352011259489
0.47134844515288
-0.11257732535177
-0.65246498311706
-0.65477715691702
-0.24467979524374
0.00000000000000
-0.24467979524375
-0.65477715691704
-0.65246498311706
-0.11257732535181
0.47134844515288
0.56352011259486
0.21200398361608
-0.02805219694180
0.22070931507692
0.69247879586442
0.79473229844151
0.32544364930411
-0.27402179979510
-0.43634752157986
-0.13390021561471
0.10782654016826
-0.13718140741392
-0.66590118113849
-0.88013504262602
-0.50311529493747
0.08461246130029
0.29526172438550
0.02821389940818
-0.22679873744543
0.00000000000002
0.57282822231781
0.89778083623596
0.62746310371218
0.07459591902791
-0.16347206880120
0.08319725672432
0.36608227223156
0.17685320478342
-0.41995664689209
-0.84541268915257
-0.68757367333207
-0.18622502283901
0.06208169635200
-0.17764371551535
-0.50311529493745
-0.37319907056659
0.22205600381200
0.72972249795027
0.68117880140664
0.24016402838499
-0.00708276496481
0.23490184804141
0.61487667772654
0.56542164566817
-0.00000000000003
-0.56542164566817
-0.61487667772654
-0.23490184804141
0.00708276496481
-0.24016402838499
-0.68117880140664
-0.72972249795026
-0.22205600381206
0.37319907056658
0.50311529493744
0.17764371551540
-0.06208169635199
0.18622502283900
0.68757367333206
0.84541268915258
0.41995664689215
-0.17685320478342
-0.36608227223156
-0.08319725672432
0.16347206880120
-0.07459591902790
-0.62746310371213
-0.89778083623596
-0.57282822231781
-0.00000000000003
0.22679873744542
-0.02821389940819
-0.29526172438551
-0.08461246130026
0.50311529493747
0.88013504262600
0.66590118113853
0.13718140741398
-0.10782654016825
0.13390021561465
0.43634752157983
0.27402179979511
-0.32544364930409
-0.79473229844149
-0.69247879586446
-0.22070931507693
0.02805219694180
-0.21200398361603
-0.56352011259487
-0.47134844515287
0.11257732535181
0.65246498311707
0.65477715691704
0.24467979524375
0.00000000000000
0.24467979524373
0.65477715691701
0.65246498311709
0.11257732535178
-0.47134844515287
-0.56352011259489
-0.21200398361605
0.02805219694180
-0.22070931507690
-0.69247879586440
-0.79473229844150
-0.32544364930413
0.27402179979508
0.43634752157987
0.13390021561468
-0.10782654016826
0.13718140741390
0.66590118113851
0.88013504262601
0.50311529493744
-0.08461246130023
-0.29526172438552
-0.02821389940819
0.22679873744544
0.00000000000001
-0.57282822231779
-0.89778083623596
-0.62746310371216
-0.07459591902793
0.16347206880122
-0.08319725672435
-0.36608227223155
-0.17685320478345
0.41995664689207
0.84541268915257
0.68757367333209
0.18622502283899
-0.06208169635200
0.17764371551539
0.50311529493746
0.37319907056665
-0.22205600381203
-0.72972249795025
-0.68117880140663
-0.24016402838506
0.00708276496481
-0.23490184804139
-0.61487667772655
-0.56542164566817
-0.00000000000000
0.56542164566818
0.61487667772655
0.23490184804139
-0.00708276496481
0.24016402838501
0.68117880140662
0.72972249795027
0.22205600381210
-0.37319907056660
-0.50311529493746
-0.17764371551543
0.06208169635200
-0.18622502283898
-0.68757367333204
-0.84541268915259
-0.41995664689208
0.17685320478340
0.36608227223157
0.08319725672430
-0.16347206880121
0.07459591902792
0.62746310371215
0.89778083623596
0.57282822231784
0.00000000000001
-0.22679873744542
0.02821389940815
0.29526172438551
0.08461246130023
-0.50311529493744
-0.88013504262601
-0.66590118113847
-0.13718140741395
0.10782654016826
-0.13390021561468
-0.43634752157986
-0.27402179979513
0.32544364930407
0.79473229844149
0.69247879586444
0.22070931507691
-0.02805219694180
0.21200398361605
0.56352011259486
0.47134844515285
-0.11257732535171
-0.65246498311707
-0.65477715691701
-0.24467979524374
0.00000000000000
-0.24467979524371
-0.65477715691700
-0.65246498311707
-0.11257732535181
0.47134844515286
0.56352011259489
0.21200398361609
-0.02805219694180
0.22070931507688
0.69247879586438
0.79473229844150
0.32544364930416
-0.27402179979507
-0.43634752157982
-0.13390021561466
0.10782654016825
-0.13718140741388
-0.66590118113853
-0.88013504262601
-0.50311529493753
0.08461246130021
0.29526172438551
0.02821389940818
-0.22679873744543
0.00000000000003
0.57282822231781
0.89778083623597
0.62746310371218
0.07459591902790
-0.16347206880119
0.08319725672432
0.36608227223155
0.17685320478342
-0.41995664689209
-0.84541268915257
-0.68757367333207
-0.18622502283896
0.06208169635200
-0.17764371551536
-0.50311529493747
-0.37319907056662
0.22205600381199
0.72972249795025
0.68117880140665
0.24016402838504
-0.00708276496481
0.23490184804140
0.61487667772653
0.56542164566820
0.00000000000003
-0.56542164566817
-0.61487667772657
-0.23490184804141
0.00708276496481
-0.24016402838499
-0.68117880140664
-0.72972249795029
-0.22205600381205
0.37319907056661
0.50311529493747
0.17764371551545
-0.06208169635200
0.18622502283896
0.68757367333202
0.84541268915257
0.41995664689205
-0.17685320478338
-0.36608227223158
-0.08319725672427
0.16347206880121
-0.07459591902789
-0.62746310371212
-0.89778083623596
-0.57282822231782
0.00000000000000
0.22679873744543
-0.02821389940818
-0.29526172438551
-0.08461246130026
0.50311529493747
0.88013504262601
0.66590118113849
0.13718140741398
-0.10782654016826
0.13390021561471
0.43634752157985
0.27402179979511
-0.32544364930415
-0.79473229844149
-0.69247879586446
-0.22070931507693
0.02805219694180
-0.21200398361603
-0.56352011259486
-0.47134844515285
0.11257732535175
0.65246498311704
0.65477715691700
0.24467979524376
0.00000000000000
0.24467979524373
0.65477715691701
0.65246498311708
0.11257732535179
-0.47134844515283
-0.56352011259488
-0.21200398361611
0.02805219694180
-0.22070931507695
-0.69247879586440
-0.79473229844149
-0.32544364930420
0.27402179979511
0.43634752157986
0.13390021561473
-0.10782654016824
0.13718140741399
0.66590118113851
0.88013504262602
0.50311529493741
-0.08461246130027
-0.29526172438552
-0.02821389940827
0.22679873744545
0.00000000000001
-0.57282822231779
-0.89778083623596
-0.62746310371216
-0.07459591902793
0.16347206880119
-0.08319725672433
-0.36608227223156
-0.17685320478341
0.41995664689206
0.84541268915258
0.68757367333209
0.18622502283899
-0.06208169635201
0.17764371551537
0.50311529493746
0.37319907056665
-0.22205600381203
-0.72972249795028
-0.68117880140665
-0.24016402838506
0.00708276496481
-0.23490184804139
-0.61487667772651
-0.56542164566821
0.00000000000000
0.56542164566816
0.61487667772660
0.23490184804139
-0.00708276496481
0.24016402838497
0.68117880140663
0.72972249795027
0.22205600381209
-0.37319907056661
-0.50311529493748
-0.17764371551542
0.06208169635200
-0.18622502283894
-0.68757367333208
-0.84541268915257
-0.41995664689215
0.17685320478336
0.36608227223156
0.08319725672430
-0.16347206880120
0.07459591902784
0.62746310371220
0.89778083623597
0.57282822231784
-0.00000000000003
-0.22679873744542
0.02821389940817
0.29526172438555
0.08461246130022
-0.50311529493744
-0.88013504262600
-0.66590118113847
-0.13718140741396
0.10782654016826
-0.13390021561471
-0.43634752157984
-0.27402179979512
0.32544364930413
0.79473229844148
0.69247879586444
0.22070931507691
-0.02805219694180
0.21200398361604
0.56352011259489
0.47134844515289
-0.11257732535172
-0.65246498311705
-0.65477715691702
-0.24467979524378
0.00000000000000
-0.24467979524376
-0.65477715691701
-0.65246498311709
-0.11257732535174
0.47134844515286
0.56352011259490
0.21200398361607
-0.02805219694180
0.22070931507688
0.69247879586438
0.79473229844152
0.32544364930410
-0.27402179979506
-0.43634752157984
-0.13390021561468
0.10782654016824
-0.13718140741393
-0.66590118113844
-0.88013504262601
-0.50311529493742
0.08461246130023
0.29526172438555
0.02821389940814
-0.22679873744544
-0.00000000000003
0.57282822231781
0.89778083623597
0.62746310371218
0.07459591902795
-0.16347206880120
0.08319725672438
0.36608227223155
0.17685320478345
-0.41995664689206
-0.84541268915258
-0.68757367333207
-0.18622502283901
0.06208169635199
-0.17764371551540
-0.50311529493745
-0.37319907056661
0.22205600381205
0.72972249795025
0.68117880140668
0.24016402838500
-0.00708276496481
0.23490184804136
0.61487667772657
0.56542164566816
0.00000000000005
-0.56542164566814
-0.61487667772654
-0.23490184804141
0.00708276496482
-0.24016402838504
-0.68117880140663
-0.72972249795028
-0.22205600381212
0.37319907056662
0.50311529493741
0.17764371551536
-0.06208169635202
0.18622502283896
0.68757367333202
0.84541268915260
0.41995664689222
-0.17685320478344
-0.36608227223154
-0.08319725672432
0.16347206880121
-0.07459591902786
-0.62746310371208
-0.89778083623597
-0.57282822231777
0.00000000000001
0.22679873744543
-0.02821389940814
-0.29526172438549
-0.08461246130033
0.50311529493742
0.88013504262602
0.66590118113849
0.13718140741398
-0.10782654016825
0.13390021561469
0.43634752157985
0.27402179979514
-0.32544364930403
-0.79473229844150
-0.69247879586446
-0.22070931507697
0.02805219694180
-0.21200398361612
-0.56352011259493
-0.47134844515293
0.11257732535174
0.65246498311706
0.65477715691706
0.24467979524376
0.00000000000000
0.24467979524378
0.65477715691702
0.65246498311708
0.11257732535182
-0.47134844515287
-0.56352011259486
-0.21200398361601
0.02805219694181
-0.22070931507690
-0.69247879586441
-0.79473229844152
-0.32544364930413
0.27402179979507
0.43634752157982
0.13390021561468
-0.10782654016824
0.13718140741390
0.66590118113851
0.88013504262601
0.50311529493751
-0.08461246130028
-0.29526172438551
-0.02821389940819
0.22679873744541
-0.00000000000000
-0.57282822231778
-0.89778083623596
-0.62746310371225
-0.07459591902792
0.16347206880120
-0.08319725672435
-0.36608227223159
-0.17685320478342
0.41995664689201
0.84541268915255
0.68757367333209
0.18622502283895
-0.06208169635199
0.17764371551539
0.50311529493749
0.37319907056660
-0.22205600381190
-0.72972249795026
-0.68117880140662
-0.24016402838502
0.00708276496481
-0.23490184804144
-0.61487667772655
-0.56542164566819
0.00000000000005
