0.58456422266501
0.52796285312746
0.08974357275613
0.03485708921820
0.51485526253592
0.84078962161125
0.47630689018129
-0.18107491054100
-0.35805141683840
-0.00000000000000
0.17396977802074
-0.26803711725172
-0.82649645502421
-0.77448749793115
-0.19665721100197
0.13398306516000
-0.13636780979232
-0.44665515243790
-0.15026217642619
0.52900672706323
0.79558260445295
0.40760668871970
0.00884034119895
0.19038302026394
0.63639610306789
0.58593868722402
-0.05581571763511
-0.56102247701691
-0.40536958414384
-0.00000000000000
-0.07656240298556
-0.61476807650083
-0.86099246562918
-0.41235747390321
0.19665721100197
0.25164624256397
-0.13090417845922
-0.19474036476734
0.34143491398390
0.85595086466564
0.70271547219804
0.13155862326280
-0.07543960022409
0.27318910844970
0.51485526253592
0.10727908964071
-0.56661861842138
-0.72667852572501
-0.29785034831175
0.00000000000000
-0.29785034831174
-0.72667852572501
-0.56661861842138
0.10727908964070
0.51485526253592
0.27318910844971
-0.07543960022409
0.13155862326280
0.70271547219804
0.85595086466564
0.34143491398390
-0.19474036476733
-0.13090417845922
0.25164624256397
0.19665721100197
-0.41235747390321
-0.86099246562918
-0.61476807650083
-0.07656240298556
0.00000000000000
-0.40536958414384
-0.56102247701691
-0.05581571763512
0.58593868722402
0.63639610306789
0.19038302026394
0.00884034119895
0.40760668871969
0.79558260445295
0.52900672706323
-0.15026217642618
-0.44665515243790
-0.13636780979232
0.13398306516000
-0.19665721100197
-0.77448749793115
-0.82649645502421
-0.26803711725173
0.17396977802074
0.00000000000000
-0.35805141683839
-0.18107491054101
0.47630689018128
0.84078962161125
0.51485526253592
0.03485708921820
0.08974357275613
0.52796285312746
0.58456422266501
0.00000000000001
-0.58456422266501
-0.52796285312747
-0.08974357275614
-0.03485708921820
-0.51485526253591
-0.84078962161125
-0.47630689018129
0.18107491054100
0.35805141683840
-0.00000000000001
-0.17396977802074
0.26803711725172
0.82649645502421
0.77448749793115
0.19665721100196
-0.13398306516000
0.13636780979232
0.44665515243791
0.15026217642619
-0.52900672706322
-0.79558260445295
-0.40760668871969
-0.00884034119895
-0.19038302026394
-0.63639610306789
-0.58593868722402
0.05581571763512
0.56102247701691
0.40536958414384
0.00000000000000
0.07656240298557
0.61476807650082
0.86099246562918
0.41235747390323
-0.19665721100197
-0.25164624256398
0.13090417845921
0.19474036476733
-0.34143491398390
-0.85595086466564
-0.70271547219804
-0.13155862326280
0.07543960022408
-0.27318910844971
-0.51485526253592
-0.10727908964072
0.56661861842138
0.72667852572501
0.29785034831175
0.00000000000000
0.29785034831174
0.72667852572501
0.56661861842137
-0.10727908964070
-0.51485526253591
-0.27318910844971
0.07543960022408
-0.13155862326280
-0.70271547219804
-0.85595086466564
-0.34143491398391
0.19474036476733
0.13090417845923
-0.25164624256398
-0.19665721100197
0.41235747390322
0.86099246562918
0.61476807650083
0.07656240298556
-0.00000000000000
0.40536958414384
0.56102247701691
0.05581571763513
-0.58593868722401
-0.63639610306790
-0.19038302026395
-0.00884034119895
-0.40760668871970
-0.79558260445295
-0.52900672706323
0.15026217642618
0.44665515243791
0.13636780979233
-0.13398306516000
0.19665721100196
0.77448749793114
0.82649645502421
0.26803711725172
-0.17396977802074
-0.00000000000000
0.35805141683839
0.18107491054101
-0.47630689018128
-0.84078962161125
-0.51485526253592
-0.03485708921820
-0.08974357275613
-0.52796285312746
-0.58456422266501
-0.00000000000001
0.58456422266501
0.52796285312745
0.08974357275613
0.03485708921819
0.51485526253589
0.84078962161125
0.47630689018133
-0.18107491054100
-0.35805141683840
-0.00000000000001
0.17396977802074
-0.26803711725170
-0.82649645502421
-0.77448749793115
-0.19665721100197
0.13398306516000
-0.13636780979232
-0.44665515243790
-0.15026217642618
0.52900672706324
0.79558260445295
0.40760668871968
0.00884034119895
0.19038302026394
0.63639610306790
0.58593868722403
-0.05581571763511
-0.56102247701690
-0.40536958414384
0.00000000000001
-0.07656240298557
-0.61476807650083
-0.86099246562918
-0.41235747390321
0.19665721100197
0.25164624256397
-0.13090417845923
-0.19474036476734
0.34143491398389
0.85595086466563
0.70271547219803
0.13155862326280
-0.07543960022408
0.27318910844971
0.51485526253592
0.10727908964071
-0.56661861842137
-0.72667852572501
-0.29785034831175
0.00000000000000
-0.29785034831176
-0.72667852572501
-0.56661861842136
0.10727908964071
0.51485526253592
0.27318910844971
-0.07543960022408
0.13155862326280
0.70271547219803
0.85595086466564
0.34143491398394
-0.19474036476734
-0.13090417845924
0.25164624256396
0.19665721100198
-0.41235747390319
-0.86099246562918
-0.61476807650086
-0.07656240298558
0.00000000000001
-0.40536958414383
-0.56102247701691
-0.05581571763513
0.58593868722401
0.63639610306791
0.19038302026394
0.00884034119895
0.40760668871969
0.79558260445295
0.52900672706324
-0.15026217642617
-0.44665515243791
-0.13636780979231
0.13398306516000
-0.19665721100197
-0.77448749793115
-0.82649645502421
-0.26803711725173
0.17396977802074
0.00000000000001
-0.35805141683839
-0.18107491054101
0.47630689018128
0.84078962161125
0.51485526253591
0.03485708921820
0.08974357275613
0.52796285312746
0.58456422266501
0.00000000000001
-0.58456422266500
-0.52796285312747
-0.08974357275614
-0.03485708921819
-0.51485526253592
-0.84078962161125
-0.47630689018130
0.18107491054100
0.35805141683840
0.00000000000000
-0.17396977802074
0.26803711725171
0.82649645502420
0.77448749793116
0.19665721100197
-0.13398306516000
0.13636780979232
0.44665515243791
0.15026217642619
-0.52900672706322
-0.79558260445295
-0.40760668871970
-0.00884034119895
-0.19038302026393
-0.63639610306788
-0.58593868722404
0.05581571763511
0.56102247701690
0.40536958414384
0.00000000000000
0.07656240298556
0.61476807650084
0.86099246562918
0.41235747390320
-0.19665721100197
-0.25164624256397
0.13090417845921
0.19474036476733
-0.34143491398387
-0.85595086466564
-0.70271547219807
-0.13155862326281
0.07543960022409
-0.27318910844970
-0.51485526253592
-0.10727908964073
0.56661861842138
0.72667852572502
0.29785034831175
0.00000000000000
0.29785034831174
0.72667852572500
0.56661861842138
-0.10727908964072
-0.51485526253592
-0.27318910844970
0.07543960022408
-0.13155862326280
-0.70271547219801
-0.85595086466564
-0.34143491398394
0.19474036476733
0.13090417845922
-0.25164624256396
-0.19665721100196
0.41235747390319
0.86099246562918
0.61476807650085
0.07656240298556
-0.00000000000002
0.40536958414383
0.56102247701692
0.05581571763512
-0.58593868722403
-0.63639610306790
-0.19038302026393
-0.00884034119894
-0.40760668871970
-0.79558260445295
-0.52900672706323
0.15026217642615
0.44665515243791
0.13636780979235
-0.13398306516000
0.19665721100198
0.77448749793114
0.82649645502421
0.26803711725175
-0.17396977802074
0.00000000000001
0.35805141683840
0.18107491054101
-0.47630689018128
-0.84078962161125
-0.51485526253591
-0.03485708921820
-0.08974357275614
-0.52796285312744
-0.58456422266501
-0.00000000000002
0.58456422266500
0.52796285312744
0.08974357275616
0.03485708921821
0.51485526253588
0.84078962161125
0.47630689018129
-0.18107491054096
-0.35805141683840
-0.00000000000004
0.17396977802073
-0.26803711725166
-0.82649645502421
-0.77448749793120
-0.19665721100198
0.13398306516001
-0.13636780979230
-0.44665515243789
-0.15026217642620
0.52900672706320
0.79558260445296
0.40760668871972
0.00884034119896
0.19038302026390
0.63639610306786
0.58593868722402
-0.05581571763513
-0.56102247701690
-0.40536958414385
0.00000000000000
-0.07656240298556
-0.61476807650082
-0.86099246562918
-0.41235747390323
0.19665721100197
0.25164624256398
-0.13090417845921
-0.19474036476733
0.34143491398388
0.85595086466565
0.70271547219806
0.13155862326279
-0.07543960022409
0.27318910844973
0.51485526253591
0.10727908964070
-0.56661861842134
-0.72667852572501
-0.29785034831175
0.00000000000000
-0.29785034831174
-0.72667852572501
-0.56661861842137
0.10727908964069
0.51485526253592
0.27318910844971
-0.07543960022408
0.13155862326278
0.70271547219802
0.85595086466563
0.34143491398393
-0.19474036476734
-0.13090417845925
0.25164624256399
0.19665721100199
-0.41235747390321
-0.86099246562917
-0.61476807650082
-0.07656240298559
-0.00000000000000
-0.40536958414383
-0.56102247701692
-0.05581571763512
0.58593868722401
0.63639610306790
0.19038302026395
0.00884034119895
0.40760668871968
0.79558260445295
0.52900672706326
-0.15026217642616
-0.44665515243790
-0.13636780979230
0.13398306516001
-0.19665721100198
-0.77448749793116
-0.82649645502421
-0.26803711725172
0.17396977802074
-0.00000000000002
-0.35805141683839
-0.18107491054101
0.47630689018129
0.84078962161125
0.51485526253587
0.03485708921821
0.08974357275616
0.52796285312745
0.58456422266500
0.00000000000002
-0.58456422266502
-0.52796285312744
-0.08974357275611
-0.03485708921821
-0.51485526253593
-0.84078962161125
-0.47630689018128
0.18107491054101
0.35805141683838
0.00000000000000
-0.17396977802075
0.26803711725172
0.82649645502423
0.77448749793115
0.19665721100193
-0.13398306516000
0.13636780979236
0.44665515243789
0.15026217642617
-0.52900672706320
-0.79558260445294
-0.40760668871977
-0.00884034119895
-0.19038302026395
-0.63639610306788
-0.58593868722404
0.05581571763507
0.56102247701691
0.40536958414388
0.00000000000003
0.07656240298553
0.61476807650078
0.86099246562919
0.41235747390327
-0.19665721100197
-0.25164624256402
0.13090417845922
0.19474036476736
-0.34143491398388
-0.85595086466563
-0.70271547219806
-0.13155862326282
0.07543960022409
-0.27318910844968
-0.51485526253592
-0.10727908964073
0.56661861842135
0.72667852572503
0.29785034831178
0.00000000000000
0.29785034831171
0.72667852572501
0.56661861842142
-0.10727908964070
-0.51485526253591
-0.27318910844972
0.07543960022408
-0.13155862326279
-0.70271547219802
-0.85595086466565
-0.34143491398393
0.19474036476732
0.13090417845924
-0.25164624256396
-0.19665721100199
0.41235747390323
0.86099246562917
0.61476807650082
0.07656240298559
0.00000000000000
0.40536958414380
0.56102247701691
0.05581571763518
-0.58593868722402
-0.63639610306792
-0.19038302026394
-0.00884034119895
-0.40760668871968
-0.79558260445295
-0.52900672706324
0.15026217642617
0.44665515243791
0.13636780979233
-0.13398306516000
0.19665721100194
0.77448749793113
0.82649645502423
0.26803711725171
-0.17396977802073
0.00000000000001
0.35805141683838
0.18107491054100
-0.47630689018124
-0.84078962161126
-0.51485526253597
-0.03485708921821
-0.08974357275613
-0.52796285312745
-0.58456422266500
-0.00000000000002
0.58456422266500
0.52796285312747
0.08974357275615
0.03485708921819
0.51485526253589
0.84078962161125
0.47630689018133
-0.18107491054096
-0.35805141683839
0.00000000000001
0.17396977802074
-0.26803711725173
-0.82649645502421
-0.77448749793115
-0.19665721100197
0.13398306516000
-0.13636780979231
-0.44665515243790
-0.15026217642615
0.52900672706321
0.79558260445295
0.40760668871971
0.00884034119894
0.19038302026392
0.63639610306791
0.58593868722405
-0.05581571763513
-0.56102247701690
-0.40536958414383
0.00000000000001
-0.07656240298557
-0.61476807650083
-0.86099246562918
-0.41235747390321
0.19665721100197
0.25164624256397
-0.13090417845923
-0.19474036476734
0.34143491398389
0.85595086466563
0.70271547219801
0.13155862326282
-0.07543960022407
0.27318910844969
0.51485526253592
0.10727908964074
-0.56661861842139
-0.72667852572502
-0.29785034831173
0.00000000000000
-0.29785034831176
-0.72667852572500
-0.56661861842133
0.10727908964070
0.51485526253591
0.27318910844970
-0.07543960022410
0.13155862326280
0.70271547219803
0.85595086466565
0.34143491398387
-0.19474036476732
-0.13090417845923
0.25164624256399
0.19665721100196
-0.41235747390322
-0.86099246562917
-0.61476807650081
-0.07656240298555
-0.00000000000001
-0.40536958414376
-0.56102247701691
-0.05581571763511
0.58593868722398
0.63639610306786
0.19038302026389
0.00884034119894
0.40760668871964
0.79558260445295
0.52900672706324
-0.15026217642613
-0.44665515243791
-0.13636780979234
0.13398306516001
-0.19665721100190
-0.77448749793113
-0.82649645502423
-0.26803711725176
0.17396977802073
-0.00000000000002
-0.35805141683838
-0.18107491054104
0.47630689018120
0.84078962161126
0.51485526253596
0.03485708921823
0.08974357275613
0.52796285312745
0.58456422266503
0.00000000000006
-0.58456422266500
-0.52796285312747
-0.08974357275618
-0.03485708921817
-0.51485526253589
-0.84078962161125
-0.47630689018138
0.18107491054102
0.35805141683841
0.00000000000003
-0.17396977802075
0.26803711725173
0.82649645502419
0.77448749793118
0.19665721100196
-0.13398306516001
0.13636780979227
0.44665515243788
0.15026217642619
-0.52900672706322
-0.79558260445295
-0.40760668871976
-0.00884034119895
-0.19038302026392
-0.63639610306789
-0.58593868722400
0.05581571763509
0.56102247701691
0.40536958414386
-0.00000000000001
0.07656240298554
0.61476807650079
0.86099246562919
0.41235747390320
-0.19665721100197
-0.25164624256400
0.13090417845922
0.19474036476733
-0.34143491398389
-0.85595086466562
-0.70271547219805
-0.13155862326281
0.07543960022408
-0.27318910844966
-0.51485526253591
-0.10727908964073
0.56661861842135
0.72667852572500
0.29785034831173
0.00000000000000
0.29785034831171
0.72667852572501
0.56661861842137
-0.10727908964066
-0.51485526253590
-0.27318910844970
0.07543960022408
-0.13155862326276
-0.70271547219808
-0.85595086466564
-0.34143491398391
0.19474036476730
0.13090417845918
-0.25164624256396
-0.19665721100198
0.41235747390313
0.86099246562918
0.61476807650085
0.07656240298558
0.00000000000002
0.40536958414385
0.56102247701692
0.05581571763515
-0.58593868722402
-0.63639610306788
-0.19038302026398
-0.00884034119894
-0.40760668871969
-0.79558260445296
-0.52900672706325
0.15026217642624
0.44665515243789
0.13636780979233
-0.13398306516001
0.19665721100200
0.77448749793113
0.82649645502423
0.26803711725175
-0.17396977802074
0.00000000000003
0.35805141683839
0.18107491054099
-0.47630689018131
-0.84078962161124
-0.51485526253601
-0.03485708921822
-0.08974357275614
-0.52796285312741
-0.58456422266506
-0.00000000000005
0.58456422266500
0.52796285312752
0.08974357275614
0.03485708921821
0.51485526253590
0.84078962161125
0.47630689018131
-0.18107491054101
-0.35805141683842
-0.00000000000008
0.17396977802075
-0.26803711725174
-0.82649645502419
-0.77448749793114
-0.19665721100192
0.13398306516000
-0.13636780979228
-0.44665515243789
-0.15026217642615
0.52900672706313
0.79558260445297
0.40760668871971
0.00884034119894
0.19038302026384
0.63639610306791
0.58593868722403
-0.05581571763513
-0.56102247701687
-0.40536958414383
-0.00000000000002
-0.07656240298557
-0.61476807650080
-0.86099246562918
-0.41235747390324
0.19665721100195
0.25164624256402
-0.13090417845923
-0.19474036476734
0.34143491398389
0.85595086466562
0.70271547219804
0.13155862326285
-0.07543960022405
0.27318910844965
0.51485526253593
0.10727908964077
-0.56661861842142
-0.72667852572505
-0.29785034831177
0.00000000000000
-0.29785034831182
-0.72667852572503
-0.56661861842140
0.10727908964073
0.51485526253591
0.27318910844969
-0.07543960022408
0.13155862326281
0.70271547219808
0.85595086466564
0.34143491398397
-0.19474036476733
-0.13090417845918
0.25164624256399
0.19665721100194
-0.41235747390320
-0.86099246562918
-0.61476807650085
-0.07656240298555
0.00000000000002
-0.40536958414388
-0.56102247701692
-0.05581571763509
0.58593868722400
0.63639610306787
0.19038302026388
0.00884034119895
0.40760668871965
0.79558260445296
0.52900672706318
-0.15026217642617
-0.44665515243793
-0.13636780979230
0.13398306516000
-0.19665721100196
-0.77448749793110
-0.82649645502417
-0.26803711725170
0.17396977802074
0.00000000000006
-0.35805141683846
-0.18107491054099
0.47630689018125
0.84078962161126
0.51485526253585
0.03485708921820
0.08974357275603
0.52796285312746
0.58456422266497
0.00000000000002
-0.58456422266499
-0.52796285312747
-0.08974357275617
-0.03485708921819
-0.51485526253586
-0.84078962161124
-0.47630689018135
0.18107491054098
0.35805141683844
0.00000000000002
-0.17396977802073
0.26803711725168
0.82649645502417
0.77448749793117
0.19665721100205
-0.13398306515999
0.13636780979223
0.44665515243788
0.15026217642627
-0.52900672706326
-0.79558260445295
-0.40760668871974
-0.00884034119897
-0.19038302026398
-0.63639610306788
-0.58593868722406
0.05581571763498
0.56102247701691
0.40536958414385
0.00000000000004
0.07656240298555
0.61476807650085
0.86099246562918
0.41235747390331
-0.19665721100197
-0.25164624256395
0.13090417845919
0.19474036476737
-0.34143491398386
-0.85595086466564
-0.70271547219808
-0.13155862326280
0.07543960022411
-0.27318910844973
-0.51485526253592
-0.10727908964072
0.56661861842134
0.72667852572501
0.29785034831181
0.00000000000000
0.29785034831168
0.72667852572501
0.56661861842136
-0.10727908964069
-0.51485526253593
-0.27318910844971
0.07543960022409
-0.13155862326277
-0.70271547219796
-0.85595086466566
-0.34143491398391
0.19474036476732
0.13090417845930
-0.25164624256401
-0.19665721100198
0.41235747390325
0.86099246562916
0.61476807650079
0.07656240298558
0.00000000000003
0.40536958414380
0.56102247701692
0.05581571763517
-0.58593868722402
-0.63639610306792
-0.19038302026392
-0.00884034119894
-0.40760668871970
-0.79558260445293
-0.52900672706324
0.15026217642614
0.44665515243791
0.13636780979239
-0.13398306516001
0.19665721100190
0.77448749793114
0.82649645502424
0.26803711725174
-0.17396977802072
0.00000000000009
0.35805141683835
0.18107491054105
-0.47630689018132
-0.84078962161124
-0.51485526253600
-0.03485708921822
-0.08974357275615
-0.52796285312751
-0.58456422266504
-0.00000000000004
