0.61084870934028
0.56915794008018
0.12580600663376
0.04193985418301
0.47134844515287
0.73329241097843
0.30426254850330
-0.40313091435304
-0.60125489551122
-0.22500000000000
0.01061540929214
-0.33011881360372
-0.75952017057533
-0.56915794008018
0.13390021561469
0.55393971205209
0.31815691513717
-0.02406141262997
0.17219470992755
0.69247879586443
0.76094632736311
0.16334494741609
-0.42502770128728
-0.38244520205388
-0.00000000000000
-0.02406141262997
-0.54794241079302
-0.85628420140243
-0.45002240350602
0.22500000000000
0.39791849656239
0.05113310463767
-0.09243312850233
0.35154083094431
0.84541268915258
0.68799376414382
0.02386888294579
-0.35154083094431
-0.11229930021360
0.16347206880121
-0.13439639211832
-0.73329241097843
-0.84512174011242
-0.29033100414517
0.24016402838502
0.16334494741609
-0.18511791722333
-0.07190136880800
0.53853557927544
0.90000000000000
0.53853557927545
-0.07190136880800
-0.18511791722333
0.16334494741609
0.24016402838501
-0.29033100414517
-0.84512174011242
-0.73329241097842
-0.13439639211832
0.16347206880121
-0.11229930021360
-0.35154083094431
0.02386888294579
0.68799376414382
0.84541268915258
0.35154083094431
-0.09243312850232
0.05113310463766
0.39791849656239
0.22500000000000
-0.45002240350603
-0.85628420140243
-0.54794241079303
-0.02406141262997
0.00000000000000
-0.38244520205387
-0.42502770128728
0.16334494741609
0.76094632736311
0.69247879586443
0.17219470992755
-0.02406141262997
0.31815691513717
0.55393971205210
0.13390021561469
-0.56915794008018
-0.75952017057533
-0.33011881360373
0.01061540929214
-0.22500000000000
-0.60125489551122
-0.40313091435305
0.30426254850329
0.73329241097842
0.47134844515287
0.04193985418301
0.12580600663375
0.56915794008018
0.61084870934027
0.00000000000001
-0.61084870934027
-0.56915794008019
-0.12580600663377
-0.04193985418301
-0.47134844515286
-0.73329241097842
-0.30426254850330
0.40313091435304
0.60125489551122
0.22499999999999
-0.01061540929214
0.33011881360373
0.75952017057533
0.56915794008019
-0.13390021561470
-0.55393971205209
-0.31815691513717
0.02406141262998
-0.17219470992754
-0.69247879586443
-0.76094632736311
-0.16334494741609
0.42502770128728
0.38244520205388
0.00000000000000
0.02406141262998
0.54794241079303
0.85628420140243
0.45002240350603
-0.22499999999999
-0.39791849656239
-0.05113310463768
0.09243312850233
-0.35154083094429
-0.84541268915258
-0.68799376414382
-0.02386888294580
0.35154083094431
0.11229930021360
-0.16347206880121
0.13439639211831
0.73329241097843
0.84512174011242
0.29033100414517
-0.24016402838501
-0.16334494741610
0.18511791722333
0.07190136880800
-0.53853557927544
-0.90000000000000
-0.53853557927545
0.07190136880799
0.18511791722333
-0.16334494741609
-0.24016402838502
0.29033100414516
0.84512174011241
0.73329241097842
0.13439639211832
-0.16347206880121
0.11229930021360
0.35154083094431
-0.02386888294578
-0.68799376414381
-0.84541268915258
-0.35154083094430
0.09243312850233
-0.05113310463767
-0.39791849656240
-0.22500000000000
0.45002240350601
0.85628420140243
0.54794241079303
0.02406141262998
-0.00000000000001
0.38244520205387
0.42502770128727
-0.16334494741609
-0.76094632736311
-0.69247879586443
-0.17219470992755
0.02406141262998
-0.31815691513716
-0.55393971205209
-0.13390021561471
0.56915794008017
0.75952017057533
0.33011881360372
-0.01061540929214
0.22500000000000
0.60125489551122
0.40313091435305
-0.30426254850330
-0.73329241097842
-0.47134844515287
-0.04193985418301
-0.12580600663375
-0.56915794008019
-0.61084870934028
-0.00000000000001
0.61084870934028
0.56915794008017
0.12580600663375
0.04193985418300
0.47134844515284
0.73329241097843
0.30426254850334
-0.40313091435304
-0.60125489551122
-0.22500000000001
0.01061540929214
-0.33011881360371
-0.75952017057533
-0.56915794008018
0.13390021561469
0.55393971205209
0.31815691513717
-0.02406141262997
0.17219470992756
0.69247879586444
0.76094632736310
0.16334494741609
-0.42502770128728
-0.38244520205388
0.00000000000000
-0.02406141262997
-0.54794241079302
-0.85628420140243
-0.45002240350604
0.22500000000001
0.39791849656239
0.05113310463765
-0.09243312850233
0.35154083094431
0.84541268915258
0.68799376414382
0.02386888294580
-0.35154083094431
-0.11229930021361
0.16347206880121
-0.13439639211833
-0.73329241097843
-0.84512174011241
-0.29033100414517
0.24016402838502
0.16334494741609
-0.18511791722332
-0.07190136880800
0.53853557927543
0.90000000000000
0.53853557927543
-0.07190136880800
-0.18511791722332
0.16334494741609
0.24016402838502
-0.29033100414516
-0.84512174011241
-0.73329241097843
-0.13439639211833
0.16347206880120
-0.11229930021357
-0.35154083094430
0.02386888294577
0.68799376414380
0.84541268915259
0.35154083094433
-0.09243312850232
0.05113310463764
0.39791849656237
0.22500000000001
-0.45002240350601
-0.85628420140243
-0.54794241079304
-0.02406141262998
0.00000000000002
-0.38244520205388
-0.42502770128728
0.16334494741608
0.76094632736310
0.69247879586444
0.17219470992756
-0.02406141262998
0.31815691513718
0.55393971205210
0.13390021561469
-0.56915794008018
-0.75952017057533
-0.33011881360373
0.01061540929214
-0.22500000000000
-0.60125489551122
-0.40313091435305
0.30426254850328
0.73329241097842
0.47134844515287
0.04193985418301
0.12580600663376
0.56915794008018
0.61084870934028
0.00000000000001
-0.61084870934027
-0.56915794008019
-0.12580600663377
-0.04193985418301
-0.47134844515287
-0.73329241097842
-0.30426254850331
0.40313091435304
0.60125489551122
0.22500000000000
-0.01061540929214
0.33011881360371
0.75952017057532
0.56915794008020
-0.13390021561469
-0.55393971205209
-0.31815691513717
0.02406141262997
-0.17219470992754
-0.69247879586443
-0.76094632736311
-0.16334494741611
0.42502770128727
0.38244520205389
0.00000000000001
0.02406141262996
0.54794241079302
0.85628420140243
0.45002240350603
-0.22499999999999
-0.39791849656240
-0.05113310463766
0.09243312850233
-0.35154083094432
-0.84541268915258
-0.68799376414382
-0.02386888294582
0.35154083094430
0.11229930021362
-0.16347206880120
0.13439639211829
0.73329241097842
0.84512174011242
0.29033100414519
-0.24016402838502
-0.16334494741611
0.18511791722333
0.07190136880801
-0.53853557927544
-0.90000000000000
-0.53853557927545
0.07190136880797
0.18511791722333
-0.16334494741609
-0.24016402838502
0.29033100414517
0.84512174011240
0.73329241097843
0.13439639211835
-0.16347206880121
0.11229930021358
0.35154083094430
-0.02386888294581
-0.68799376414381
-0.84541268915257
-0.35154083094433
0.09243312850232
-0.05113310463764
-0.39791849656239
-0.22500000000003
0.45002240350602
0.85628420140243
0.54794241079303
0.02406141262997
-0.00000000000001
0.38244520205389
0.42502770128728
-0.16334494741610
-0.76094632736310
-0.69247879586443
-0.17219470992757
0.02406141262998
-0.31815691513714
-0.55393971205210
-0.13390021561467
0.56915794008017
0.75952017057533
0.33011881360375
-0.01061540929214
0.22500000000000
0.60125489551121
0.40313091435305
-0.30426254850329
-0.73329241097843
-0.47134844515285
-0.04193985418301
-0.12580600663376
-0.56915794008017
-0.61084870934028
-0.00000000000002
0.61084870934026
0.56915794008017
0.12580600663378
0.04193985418302
0.47134844515283
0.73329241097843
0.30426254850330
-0.40313091435301
-0.60125489551122
-0.22500000000005
0.01061540929214
-0.33011881360367
-0.75952017057532
-0.56915794008023
0.13390021561468
0.55393971205211
0.31815691513719
-0.02406141262997
0.17219470992753
0.69247879586441
0.76094632736313
0.16334494741612
-0.42502770128727
-0.38244520205391
-0.00000000000003
-0.02406141262998
-0.54794241079303
-0.85628420140243
-0.45002240350602
0.22499999999999
0.39791849656240
0.05113310463767
-0.09243312850232
0.35154083094429
0.84541268915257
0.68799376414383
0.02386888294581
-0.35154083094430
-0.11229930021363
0.16347206880121
-0.13439639211828
-0.73329241097844
-0.84512174011243
-0.29033100414516
0.24016402838501
0.16334494741608
-0.18511791722331
-0.07190136880799
0.53853557927545
0.90000000000000
0.53853557927545
-0.07190136880799
-0.18511791722334
0.16334494741609
0.24016402838502
-0.29033100414516
-0.84512174011241
-0.73329241097844
-0.13439639211834
0.16347206880120
-0.11229930021358
-0.35154083094431
0.02386888294576
0.68799376414382
0.84541268915259
0.35154083094430
-0.09243312850232
0.05113310463767
0.39791849656237
0.22499999999999
-0.45002240350603
-0.85628420140243
-0.54794241079303
-0.02406141262998
0.00000000000000
-0.38244520205387
-0.42502770128728
0.16334494741606
0.76094632736311
0.69247879586445
0.17219470992757
-0.02406141262997
0.31815691513720
0.55393971205209
0.13390021561468
-0.56915794008019
-0.75952017057532
-0.33011881360372
0.01061540929214
-0.22500000000000
-0.60125489551122
-0.40313091435305
0.30426254850331
0.73329241097843
0.47134844515282
0.04193985418302
0.12580600663379
0.56915794008018
0.61084870934027
0.00000000000003
-0.61084870934028
-0.56915794008017
-0.12580600663374
-0.04193985418302
-0.47134844515289
-0.73329241097843
-0.30426254850329
0.40313091435305
0.60125489551121
0.22499999999999
-0.01061540929215
0.33011881360373
0.75952017057535
0.56915794008019
-0.13390021561473
-0.55393971205210
-0.31815691513714
0.02406141262998
-0.17219470992757
-0.69247879586442
-0.76094632736310
-0.16334494741618
0.42502770128728
0.38244520205387
0.00000000000002
0.02406141262995
0.54794241079299
0.85628420140243
0.45002240350608
-0.22499999999998
-0.39791849656242
-0.05113310463771
0.09243312850234
-0.35154083094425
-0.84541268915258
-0.68799376414386
-0.02386888294580
0.35154083094433
0.11229930021362
-0.16347206880120
0.13439639211830
0.73329241097840
0.84512174011243
0.29033100414519
-0.24016402838501
-0.16334494741612
0.18511791722330
0.07190136880801
-0.53853557927540
-0.90000000000000
-0.53853557927550
0.07190136880799
0.18511791722336
-0.16334494741609
-0.24016402838501
0.29033100414515
0.84512174011241
0.73329241097844
0.13439639211833
-0.16347206880120
0.11229930021358
0.35154083094431
-0.02386888294577
-0.68799376414379
-0.84541268915259
-0.35154083094429
0.09243312850232
-0.05113310463768
-0.39791849656238
-0.22499999999999
0.45002240350598
0.85628420140243
0.54794241079307
0.02406141262998
-0.00000000000004
0.38244520205387
0.42502770128728
-0.16334494741608
-0.76094632736310
-0.69247879586444
-0.17219470992756
0.02406141262998
-0.31815691513715
-0.55393971205209
-0.13390021561472
0.56915794008015
0.75952017057534
0.33011881360371
-0.01061540929214
0.22500000000001
0.60125489551120
0.40313091435303
-0.30426254850326
-0.73329241097843
-0.47134844515292
-0.04193985418302
-0.12580600663376
-0.56915794008017
-0.61084870934028
-0.00000000000002
0.61084870934028
0.56915794008019
0.12580600663377
0.04193985418300
0.47134844515284
0.73329241097843
0.30426254850334
-0.40313091435301
-0.60125489551122
-0.22499999999999
0.01061540929215
-0.33011881360373
-0.75952017057533
-0.56915794008019
0.13390021561469
0.55393971205210
0.31815691513717
-0.02406141262997
0.17219470992758
0.69247879586442
0.76094632736309
0.16334494741612
-0.42502770128728
-0.38244520205390
0.00000000000002
-0.02406141262996
-0.54794241079304
-0.85628420140243
-0.45002240350602
0.22500000000000
0.39791849656238
0.05113310463766
-0.09243312850232
0.35154083094431
0.84541268915258
0.68799376414381
0.02386888294581
-0.35154083094430
-0.11229930021361
0.16347206880121
-0.13439639211834
-0.73329241097841
-0.84512174011240
-0.29033100414520
0.24016402838501
0.16334494741611
-0.18511791722335
-0.07190136880802
0.53853557927546
0.90000000000000
0.53853557927543
-0.07190136880796
-0.18511791722330
0.16334494741611
0.24016402838503
-0.29033100414516
-0.84512174011244
-0.73329241097843
-0.13439639211832
0.16347206880119
-0.11229930021366
-0.35154083094429
0.02386888294576
0.68799376414385
0.84541268915256
0.35154083094429
-0.09243312850231
0.05113310463768
0.39791849656240
0.22500000000001
-0.45002240350593
-0.85628420140243
-0.54794241079302
-0.02406141263000
-0.00000000000004
-0.38244520205392
-0.42502770128731
0.16334494741602
0.76094632736311
0.69247879586445
0.17219470992760
-0.02406141263000
0.31815691513716
0.55393971205212
0.13390021561476
-0.56915794008017
-0.75952017057535
-0.33011881360375
0.01061540929214
-0.22500000000000
-0.60125489551120
-0.40313091435307
0.30426254850319
0.73329241097843
0.47134844515291
0.04193985418304
0.12580600663375
0.56915794008019
0.61084870934030
0.00000000000009
-0.61084870934027
-0.56915794008020
-0.12580600663381
-0.04193985418298
-0.47134844515284
-0.73329241097843
-0.30426254850339
0.40313091435307
0.60125489551123
0.22500000000003
-0.01061540929215
0.33011881360373
0.75952017057530
0.56915794008023
-0.13390021561471
-0.55393971205208
-0.31815691513722
0.02406141262997
-0.17219470992754
-0.69247879586442
-0.76094632736313
-0.16334494741617
0.42502770128726
0.38244520205391
0.00000000000001
0.02406141262999
0.54794241079300
0.85628420140243
0.45002240350607
-0.22500000000001
-0.39791849656242
-0.05113310463769
0.09243312850234
-0.35154083094431
-0.84541268915258
-0.68799376414385
-0.02386888294579
0.35154083094431
0.11229930021359
-0.16347206880120
0.13439639211831
0.73329241097842
0.84512174011242
0.29033100414526
-0.24016402838502
-0.16334494741609
0.18511791722330
0.07190136880798
-0.53853557927547
-0.90000000000000
-0.53853557927548
0.07190136880800
0.18511791722332
-0.16334494741605
-0.24016402838504
0.29033100414517
0.84512174011241
0.73329241097847
0.13439639211827
-0.16347206880120
0.11229930021360
0.35154083094432
-0.02386888294582
-0.68799376414381
-0.84541268915259
-0.35154083094438
0.09243312850232
-0.05113310463765
-0.39791849656241
-0.22499999999997
0.45002240350604
0.85628420140243
0.54794241079306
0.02406141262997
-0.00000000000000
0.38244520205385
0.42502770128730
-0.16334494741608
-0.76094632736310
-0.69247879586443
-0.17219470992751
0.02406141262998
-0.31815691513717
-0.55393971205211
-0.13390021561467
0.56915794008016
0.75952017057534
0.33011881360375
-0.01061540929214
0.22500000000003
0.60125489551122
0.40313091435302
-0.30426254850333
-0.73329241097842
-0.47134844515296
-0.04193985418303
-0.12580600663376
-0.56915794008014
-0.61084870934032
-0.00000000000005
0.61084870934026
0.56915794008023
0.12580600663376
0.04193985418303
0.47134844515285
0.73329241097844
0.30426254850332
-0.40313091435304
-0.60125489551122
-0.22500000000007
0.01061540929214
-0.33011881360374
-0.75952017057533
-0.56915794008018
0.13390021561475
0.55393971205212
0.31815691513720
-0.02406141262997
0.17219470992758
0.69247879586435
0.76094632736313
0.16334494741611
-0.42502770128729
-0.38244520205396
0.00000000000002
-0.02406141262997
-0.54794241079305
-0.85628420140243
-0.45002240350601
0.22499999999998
0.39791849656235
0.05113310463772
-0.09243312850232
0.35154083094427
0.84541268915258
0.68799376414386
0.02386888294580
-0.35154083094431
-0.11229930021360
0.16347206880119
-0.13439639211831
-0.73329241097838
-0.84512174011238
-0.29033100414523
0.24016402838500
0.16334494741614
-0.18511791722339
-0.07190136880804
0.53853557927542
0.90000000000000
0.53853557927537
-0.07190136880799
-0.18511791722333
0.16334494741612
0.24016402838499
-0.29033100414517
-0.84512174011240
-0.73329241097842
-0.13439639211828
0.16347206880119
-0.11229930021356
-0.35154083094430
0.02386888294582
0.68799376414380
0.84541268915256
0.35154083094432
-0.09243312850233
0.05113310463767
0.39791849656240
0.22500000000003
-0.45002240350603
-0.85628420140243
-0.54794241079301
-0.02406141262999
-0.00000000000003
-0.38244520205393
-0.42502770128730
0.16334494741605
0.76094632736310
0.69247879586440
0.17219470992755
-0.02406141262998
0.31815691513717
0.55393971205210
0.13390021561470
-0.56915794008012
-0.75952017057529
-0.33011881360369
0.01061540929215
-0.22499999999993
-0.60125489551127
-0.40313091435303
0.30426254850325
0.73329241097842
0.47134844515281
0.04193985418301
0.12580600663365
0.56915794008020
0.61084870934027
0.00000000000000
-0.61084870934026
-0.56915794008019
-0.12580600663380
-0.04193985418301
-0.47134844515283
-0.73329241097841
-0.30426254850338
0.40313091435302
0.60125489551126
0.22500000000002
-0.01061540929215
0.33011881360370
0.75952017057528
0.56915794008022
-0.13390021561460
-0.55393971205207
-0.31815691513728
0.02406141262996
-0.17219470992747
-0.69247879586447
-0.76094632736312
-0.16334494741616
0.42502770128724
0.38244520205385
0.00000000000000
0.02406141262994
0.54794241079291
0.85628420140244
0.45002240350604
-0.22499999999994
-0.39791849656242
-0.05113310463763
0.09243312850233
-0.35154083094422
-0.84541268915256
-0.68799376414381
-0.02386888294585
0.35154083094431
0.11229930021363
-0.16347206880120
0.13439639211827
0.73329241097843
0.84512174011244
0.29033100414519
-0.24016402838498
-0.16334494741611
0.18511791722328
0.07190136880802
-0.53853557927537
-0.90000000000000
-0.53853557927552
0.07190136880798
0.18511791722331
-0.16334494741606
-0.24016402838505
0.29033100414512
0.84512174011242
0.73329241097846
0.13439639211840
-0.16347206880119
0.11229930021361
0.35154083094432
-0.02386888294570
-0.68799376414385
-0.84541268915258
-0.35154083094427
0.09243312850229
-0.05113310463768
-0.39791849656239
-0.22499999999999
0.45002240350600
0.85628420140243
0.54794241079305
0.02406141262997
-0.00000000000003
0.38244520205390
0.42502770128729
-0.16334494741607
-0.76094632736309
-0.69247879586443
-0.17219470992758
0.02406141262998
-0.31815691513713
-0.55393971205211
-0.13390021561475
0.56915794008019
0.75952017057536
0.33011881360374
-0.01061540929214
0.22500000000009
0.60125489551117
0.40313091435307
-0.30426254850334
-0.73329241097841
-0.47134844515295
-0.04193985418303
-0.12580600663376
-0.56915794008023
-0.61084870934032
-0.00000000000006
