0.55090280920920
0.74643530098935
0.52156080465785
0.14106583012481
-0.04350681738305
0.09524011418263
0.35461463480532
0.39271207268879
0.04673953705617
-0.50311529493745
-0.87129470142706
-0.78876022207702
-0.32983751743022
0.15321594827919
0.33055742661666
0.16831040432812
-0.06174180718987
-0.04152441648815
0.29557081996100
0.69247879586443
0.78732793349829
0.43272273894483
-0.16458170920049
-0.60768531153601
-0.63639610306789
-0.33407782708614
-0.03678837060679
-0.02722460713380
-0.28345549781049
-0.50311529493745
-0.38104760503607
0.10487870412159
0.65316009496470
0.88231403809940
0.64875547815061
0.16315841313014
-0.19506536403793
-0.20251920382333
0.02738153908921
0.16347206880121
-0.03176415658271
-0.47470734937971
-0.81946607070640
-0.75390313285882
-0.27469123415090
0.29978014855144
0.59159460698282
0.47370224637602
0.16005206152434
0.00000000000000
0.16005206152433
0.47370224637602
0.59159460698282
0.29978014855144
-0.27469123415090
-0.75390313285881
-0.81946607070640
-0.47470734937971
-0.03176415658271
0.16347206880121
0.02738153908921
-0.20251920382333
-0.19506536403793
0.16315841313013
0.64875547815061
0.88231403809940
0.65316009496471
0.10487870412159
-0.38104760503607
-0.50311529493745
-0.28345549781049
-0.02722460713380
-0.03678837060679
-0.33407782708614
-0.63639610306790
-0.60768531153602
-0.16458170920050
0.43272273894482
0.78732793349829
0.69247879586443
0.29557081996101
-0.04152441648814
-0.06174180718987
0.16831040432812
0.33055742661666
0.15321594827919
-0.32983751743022
-0.78876022207701
-0.87129470142706
-0.50311529493745
0.04673953705617
0.39271207268879
0.35461463480532
0.09524011418263
-0.04350681738305
0.14106583012481
0.52156080465784
0.74643530098935
0.55090280920920
0.00000000000000
-0.55090280920920
-0.74643530098935
-0.52156080465785
-0.14106583012481
0.04350681738305
-0.09524011418263
-0.35461463480532
-0.39271207268879
-0.04673953705617
0.50311529493746
0.87129470142706
0.78876022207701
0.32983751743022
-0.15321594827919
-0.33055742661666
-0.16831040432812
0.06174180718987
0.04152441648815
-0.29557081996100
-0.69247879586443
-0.78732793349828
-0.43272273894483
0.16458170920049
0.60768531153601
0.63639610306789
0.33407782708614
0.03678837060679
0.02722460713380
0.28345549781048
0.50311529493745
0.38104760503607
-0.10487870412159
-0.65316009496471
-0.88231403809940
-0.64875547815061
-0.16315841313013
0.19506536403793
0.20251920382333
-0.02738153908921
-0.16347206880121
0.03176415658271
0.47470734937970
0.81946607070640
0.75390313285881
0.27469123415090
-0.29978014855144
-0.59159460698282
-0.47370224637602
-0.16005206152434
0.00000000000000
-0.16005206152433
-0.47370224637601
-0.59159460698282
-0.29978014855145
0.27469123415089
0.75390313285881
0.81946607070640
0.47470734937970
0.03176415658272
-0.16347206880121
-0.02738153908922
0.20251920382333
0.19506536403793
-0.16315841313013
-0.64875547815060
-0.88231403809940
-0.65316009496470
-0.10487870412159
0.38104760503607
0.50311529493745
0.28345549781047
0.02722460713380
0.03678837060679
0.33407782708613
0.63639610306789
0.60768531153602
0.16458170920048
-0.43272273894483
-0.78732793349828
-0.69247879586444
-0.29557081996101
0.04152441648814
0.06174180718986
-0.16831040432812
-0.33055742661666
-0.15321594827920
0.32983751743023
0.78876022207701
0.87129470142706
0.50311529493745
-0.04673953705618
-0.39271207268878
-0.35461463480532
-0.09524011418264
0.04350681738305
-0.14106583012480
-0.52156080465784
-0.74643530098935
-0.55090280920920
-0.00000000000000
0.55090280920921
0.74643530098935
0.52156080465784
0.14106583012482
-0.04350681738305
0.09524011418262
0.35461463480531
0.39271207268878
0.04673953705618
-0.50311529493746
-0.87129470142706
-0.78876022207701
-0.32983751743023
0.15321594827919
0.33055742661666
0.16831040432811
-0.06174180718987
-0.04152441648815
0.29557081996101
0.69247879586443
0.78732793349829
0.43272273894484
-0.16458170920049
-0.60768531153602
-0.63639610306790
-0.33407782708614
-0.03678837060679
-0.02722460713380
-0.28345549781047
-0.50311529493746
-0.38104760503607
0.10487870412158
0.65316009496470
0.88231403809940
0.64875547815062
0.16315841313014
-0.19506536403792
-0.20251920382334
0.02738153908920
0.16347206880121
-0.03176415658271
-0.47470734937970
-0.81946607070640
-0.75390313285881
-0.27469123415091
0.29978014855144
0.59159460698282
0.47370224637602
0.16005206152435
0.00000000000000
0.16005206152434
0.47370224637601
0.59159460698282
0.29978014855145
-0.27469123415090
-0.75390313285881
-0.81946607070640
-0.47470734937971
-0.03176415658272
0.16347206880120
0.02738153908921
-0.20251920382332
-0.19506536403793
0.16315841313013
0.64875547815061
0.88231403809940
0.65316009496470
0.10487870412160
-0.38104760503607
-0.50311529493745
-0.28345549781048
-0.02722460713380
-0.03678837060679
-0.33407782708614
-0.63639610306788
-0.60768531153602
-0.16458170920050
0.43272273894482
0.78732793349828
0.69247879586443
0.29557081996100
-0.04152441648814
-0.06174180718986
0.16831040432811
0.33055742661665
0.15321594827918
-0.32983751743021
-0.78876022207701
-0.87129470142707
-0.50311529493745
0.04673953705615
0.39271207268878
0.35461463480533
0.09524011418263
-0.04350681738305
0.14106583012481
0.52156080465785
0.74643530098934
0.55090280920920
-0.00000000000001
-0.55090280920919
-0.74643530098935
-0.52156080465785
-0.14106583012482
0.04350681738305
-0.09524011418263
-0.35461463480533
-0.39271207268878
-0.04673953705617
0.50311529493744
0.87129470142706
0.78876022207703
0.32983751743023
-0.15321594827918
-0.33055742661666
-0.16831040432811
0.06174180718986
0.04152441648815
-0.29557081996102
-0.69247879586443
-0.78732793349829
-0.43272273894486
0.16458170920049
0.60768531153601
0.63639610306790
0.33407782708615
0.03678837060679
0.02722460713380
0.28345549781048
0.50311529493745
0.38104760503607
-0.10487870412160
-0.65316009496471
-0.88231403809940
-0.64875547815062
-0.16315841313014
0.19506536403792
0.20251920382333
-0.02738153908920
-0.16347206880120
0.03176415658270
0.47470734937972
0.81946607070639
0.75390313285882
0.27469123415090
-0.29978014855144
-0.59159460698282
-0.47370224637604
-0.16005206152432
0.00000000000000
-0.16005206152432
-0.47370224637599
-0.59159460698282
-0.29978014855142
0.27469123415087
0.75390313285882
0.81946607070641
0.47470734937970
0.03176415658273
-0.16347206880121
-0.02738153908921
0.20251920382333
0.19506536403792
-0.16315841313012
-0.64875547815061
-0.88231403809940
-0.65316009496470
-0.10487870412160
0.38104760503607
0.50311529493745
0.28345549781052
0.02722460713381
0.03678837060679
0.33407782708614
0.63639610306789
0.60768531153602
0.16458170920050
-0.43272273894483
-0.78732793349829
-0.69247879586443
-0.29557081996103
0.04152441648815
0.06174180718989
-0.16831040432812
-0.33055742661665
-0.15321594827919
0.32983751743025
0.78876022207700
0.87129470142706
0.50311529493748
-0.04673953705618
-0.39271207268878
-0.35461463480532
-0.09524011418263
0.04350681738305
-0.14106583012481
-0.52156080465783
-0.74643530098935
-0.55090280920920
-0.00000000000001
0.55090280920919
0.74643530098936
0.52156080465785
0.14106583012483
-0.04350681738305
0.09524011418264
0.35461463480533
0.39271207268878
0.04673953705618
-0.50311529493744
-0.87129470142706
-0.78876022207703
-0.32983751743022
0.15321594827917
0.33055742661665
0.16831040432812
-0.06174180718986
-0.04152441648815
0.29557081996100
0.69247879586445
0.78732793349829
0.43272273894482
-0.16458170920047
-0.60768531153601
-0.63639610306792
-0.33407782708614
-0.03678837060678
-0.02722460713380
-0.28345549781049
-0.50311529493745
-0.38104760503606
0.10487870412159
0.65316009496470
0.88231403809940
0.64875547815062
0.16315841313014
-0.19506536403792
-0.20251920382333
0.02738153908921
0.16347206880120
-0.03176415658270
-0.47470734937970
-0.81946607070640
-0.75390313285882
-0.27469123415093
0.29978014855144
0.59159460698281
0.47370224637601
0.16005206152432
0.00000000000000
0.16005206152433
0.47370224637602
0.59159460698282
0.29978014855146
-0.27469123415090
-0.75390313285881
-0.81946607070639
-0.47470734937975
-0.03176415658272
0.16347206880120
0.02738153908923
-0.20251920382333
-0.19506536403793
0.16315841313013
0.64875547815057
0.88231403809940
0.65316009496471
0.10487870412159
-0.38104760503605
-0.50311529493747
-0.28345549781049
-0.02722460713379
-0.03678837060679
-0.33407782708613
-0.63639610306789
-0.60768531153602
-0.16458170920050
0.43272273894480
0.78732793349829
0.69247879586444
0.29557081996100
-0.04152441648814
-0.06174180718987
0.16831040432810
0.33055742661666
0.15321594827919
-0.32983751743019
-0.78876022207702
-0.87129470142707
-0.50311529493747
0.04673953705617
0.39271207268878
0.35461463480531
0.09524011418265
-0.04350681738305
0.14106583012480
0.52156080465785
0.74643530098934
0.55090280920921
0.00000000000002
-0.55090280920920
-0.74643530098935
-0.52156080465787
-0.14106583012481
0.04350681738304
-0.09524011418264
-0.35461463480531
-0.39271207268878
-0.04673953705618
0.50311529493745
0.87129470142705
0.78876022207702
0.32983751743021
-0.15321594827919
-0.33055742661667
-0.16831040432813
0.06174180718986
0.04152441648816
-0.29557081996100
-0.69247879586442
-0.78732793349828
-0.43272273894485
0.16458170920047
0.60768531153602
0.63639610306790
0.33407782708614
0.03678837060679
0.02722460713380
0.28345549781050
0.50311529493745
0.38104760503609
-0.10487870412160
-0.65316009496467
-0.88231403809939
-0.64875547815059
-0.16315841313016
0.19506536403792
0.20251920382335
-0.02738153908919
-0.16347206880121
0.03176415658274
0.47470734937970
0.81946607070640
0.75390313285881
0.27469123415090
-0.29978014855145
-0.59159460698283
-0.47370224637601
-0.16005206152436
0.00000000000000
-0.16005206152431
-0.47370224637604
-0.59159460698282
-0.29978014855146
0.27469123415094
0.75390313285880
0.81946607070640
0.47470734937977
0.03176415658272
-0.16347206880120
-0.02738153908921
0.20251920382334
0.19506536403793
-0.16315841313009
-0.64875547815062
-0.88231403809940
-0.65316009496473
-0.10487870412162
0.38104760503607
0.50311529493747
0.28345549781050
0.02722460713378
0.03678837060678
0.33407782708613
0.63639610306785
0.60768531153602
0.16458170920049
-0.43272273894479
-0.78732793349828
-0.69247879586442
-0.29557081996099
0.04152441648813
0.06174180718985
-0.16831040432809
-0.33055742661665
-0.15321594827921
0.32983751743020
0.78876022207700
0.87129470142707
0.50311529493742
-0.04673953705616
-0.39271207268879
-0.35461463480532
-0.09524011418263
0.04350681738304
-0.14106583012478
-0.52156080465786
-0.74643530098935
-0.55090280920922
0.00000000000001
0.55090280920922
0.74643530098935
0.52156080465786
0.14106583012483
-0.04350681738305
0.09524011418263
0.35461463480531
0.39271207268879
0.04673953705617
-0.50311529493745
-0.87129470142706
-0.78876022207701
-0.32983751743027
0.15321594827919
0.33055742661668
0.16831040432816
-0.06174180718985
-0.04152441648814
0.29557081996103
0.69247879586442
0.78732793349828
0.43272273894485
-0.16458170920048
-0.60768531153600
-0.63639610306789
-0.33407782708614
-0.03678837060679
-0.02722460713381
-0.28345549781050
-0.50311529493747
-0.38104760503609
0.10487870412160
0.65316009496468
0.88231403809940
0.64875547815063
0.16315841313015
-0.19506536403791
-0.20251920382330
0.02738153908920
0.16347206880121
-0.03176415658271
-0.47470734937970
-0.81946607070640
-0.75390313285885
-0.27469123415091
0.29978014855144
0.59159460698281
0.47370224637604
0.16005206152432
0.00000000000000
0.16005206152431
0.47370224637601
0.59159460698282
0.29978014855147
-0.27469123415087
-0.75390313285880
-0.81946607070641
-0.47470734937971
-0.03176415658272
0.16347206880120
0.02738153908919
-0.20251920382329
-0.19506536403794
0.16315841313015
0.64875547815057
0.88231403809940
0.65316009496474
0.10487870412156
-0.38104760503607
-0.50311529493745
-0.28345549781049
-0.02722460713380
-0.03678837060678
-0.33407782708613
-0.63639610306789
-0.60768531153602
-0.16458170920052
0.43272273894477
0.78732793349829
0.69247879586443
0.29557081996104
-0.04152441648813
-0.06174180718988
0.16831040432817
0.33055742661665
0.15321594827920
-0.32983751743026
-0.78876022207700
-0.87129470142708
-0.50311529493745
0.04673953705616
0.39271207268878
0.35461463480534
0.09524011418263
-0.04350681738306
0.14106583012478
0.52156080465790
0.74643530098936
0.55090280920923
0.00000000000006
-0.55090280920921
-0.74643530098936
-0.52156080465787
-0.14106583012486
0.04350681738304
-0.09524011418263
-0.35461463480528
-0.39271207268877
-0.04673953705618
0.50311529493740
0.87129470142706
0.78876022207701
0.32983751743021
-0.15321594827916
-0.33055742661667
-0.16831040432809
0.06174180718985
0.04152441648817
-0.29557081996103
-0.69247879586442
-0.78732793349830
-0.43272273894486
0.16458170920047
0.60768531153603
0.63639610306789
0.33407782708609
0.03678837060679
0.02722460713378
0.28345549781046
0.50311529493745
0.38104760503607
-0.10487870412159
-0.65316009496467
-0.88231403809939
-0.64875547815063
-0.16315841313015
0.19506536403793
0.20251920382335
-0.02738153908922
-0.16347206880122
0.03176415658272
0.47470734937966
0.81946607070640
0.75390313285885
0.27469123415089
-0.29978014855143
-0.59159460698283
-0.47370224637600
-0.16005206152436
0.00000000000000
-0.16005206152432
-0.47370224637600
-0.59159460698283
-0.29978014855146
0.27469123415082
0.75390313285881
0.81946607070640
0.47470734937976
0.03176415658271
-0.16347206880120
-0.02738153908920
0.20251920382333
0.19506536403793
-0.16315841313015
-0.64875547815058
-0.88231403809939
-0.65316009496469
-0.10487870412162
0.38104760503603
0.50311529493748
0.28345549781050
0.02722460713381
0.03678837060676
0.33407782708618
0.63639610306788
0.60768531153604
0.16458170920055
-0.43272273894483
-0.78732793349828
-0.69247879586445
-0.29557081996099
0.04152441648815
0.06174180718987
-0.16831040432806
-0.33055742661669
-0.15321594827921
0.32983751743015
0.78876022207701
0.87129470142706
0.50311529493747
-0.04673953705615
-0.39271207268879
-0.35461463480533
-0.09524011418266
0.04350681738304
-0.14106583012482
-0.52156080465781
-0.74643530098935
-0.55090280920924
-0.00000000000002
0.55090280920918
0.74643530098935
0.52156080465781
0.14106583012482
-0.04350681738305
0.09524011418264
0.35461463480531
0.39271207268880
0.04673953705619
-0.50311529493740
-0.87129470142707
-0.78876022207701
-0.32983751743028
0.15321594827920
0.33055742661668
0.16831040432815
-0.06174180718987
-0.04152441648815
0.29557081996103
0.69247879586442
0.78732793349829
0.43272273894484
-0.16458170920049
-0.60768531153598
-0.63639610306790
-0.33407782708614
-0.03678837060678
-0.02722460713378
-0.28345549781045
-0.50311529493747
-0.38104760503611
0.10487870412163
0.65316009496472
0.88231403809940
0.64875547815063
0.16315841313016
-0.19506536403792
-0.20251920382333
0.02738153908916
0.16347206880122
-0.03176415658271
-0.47470734937965
-0.81946607070640
-0.75390313285880
-0.27469123415095
0.29978014855141
0.59159460698281
0.47370224637599
0.16005206152436
0.00000000000000
0.16005206152436
0.47370224637601
0.59159460698282
0.29978014855143
-0.27469123415090
-0.75390313285881
-0.81946607070643
-0.47470734937971
-0.03176415658272
0.16347206880120
0.02738153908923
-0.20251920382333
-0.19506536403794
0.16315841313015
0.64875547815063
0.88231403809939
0.65316009496472
0.10487870412163
-0.38104760503609
-0.50311529493745
-0.28345549781049
-0.02722460713380
-0.03678837060679
-0.33407782708609
-0.63639610306791
-0.60768531153601
-0.16458170920051
0.43272273894485
0.78732793349827
0.69247879586442
0.29557081996104
-0.04152441648812
-0.06174180718988
0.16831040432810
0.33055742661667
0.15321594827922
-0.32983751743021
-0.78876022207701
-0.87129470142706
-0.50311529493751
0.04673953705617
0.39271207268878
0.35461463480529
0.09524011418265
-0.04350681738304
0.14106583012482
0.52156080465782
0.74643530098936
0.55090280920920
0.00000000000003
-0.55090280920916
-0.74643530098936
-0.52156080465786
-0.14106583012482
0.04350681738304
-0.09524011418266
-0.35461463480533
-0.39271207268879
-0.04673953705617
0.50311529493746
0.87129470142704
0.78876022207704
0.32983751743020
-0.15321594827919
-0.33055742661666
-0.16831040432816
0.06174180718987
0.04152441648815
-0.29557081996094
-0.69247879586446
-0.78732793349830
-0.43272273894489
0.16458170920043
0.60768531153603
0.63639610306789
0.33407782708618
0.03678837060681
0.02722460713382
0.28345549781045
0.50311529493742
0.38104760503605
-0.10487870412155
-0.65316009496468
-0.88231403809940
-0.64875547815062
-0.16315841313015
0.19506536403791
0.20251920382336
-0.02738153908922
-0.16347206880118
0.03176415658271
0.47470734937971
0.81946607070638
0.75390313285883
0.27469123415096
-0.29978014855146
-0.59159460698283
-0.47370224637603
-0.16005206152435
0.00000000000000
-0.16005206152432
-0.47370224637600
-0.59159460698282
-0.29978014855145
0.27469123415087
0.75390313285878
0.81946607070640
0.47470734937970
0.03176415658275
-0.16347206880119
-0.02738153908924
0.20251920382337
0.19506536403793
-0.16315841313011
-0.64875547815063
-0.88231403809940
-0.65316009496478
-0.10487870412159
0.38104760503606
0.50311529493746
0.28345549781049
0.02722460713381
0.03678837060679
0.33407782708609
0.63639610306789
0.60768531153602
0.16458170920054
-0.43272273894477
-0.78732793349829
-0.69247879586446
-0.29557081996103
0.04152441648814
0.06174180718984
-0.16831040432812
-0.33055742661664
-0.15321594827916
0.32983751743021
0.78876022207698
0.87129470142708
0.50311529493746
-0.04673953705618
-0.39271207268877
-0.35461463480533
-0.09524011418261
0.04350681738304
-0.14106583012475
-0.52156080465786
-0.74643530098934
-0.55090280920924
-0.00000000000004
