0.53428630635471
0.76389830484752
0.60211289681505
0.23232287444695
-0.04350681738305
-0.04119508695272
0.16789473871098
0.32354761137197
0.19432770894173
-0.22500000000000
-0.69210006290589
-0.89114129062063
-0.66977659781920
-0.15680046617697
0.33055742661666
0.51908262283389
0.37397263277228
0.10749721063283
-0.00177506809319
0.16347206880121
0.46309597905136
0.61000009985400
0.40146875373693
-0.10925609360417
-0.63639610306789
-0.86485103424123
-0.67884658925225
-0.24151612490160
0.13454181915898
0.22500000000000
0.05648358257849
-0.12994180590333
-0.08359278730338
0.24426174130360
0.64875547815061
0.82197682930382
0.59048750136717
0.05606585777539
-0.47035071705200
-0.69247879586443
-0.53976597626216
-0.20532955785097
0.01587072551676
-0.03868476158119
-0.27469123415090
-0.42259373980793
-0.26055751744741
0.19613574844372
0.68879775570163
0.90000000000000
0.68879775570163
0.19613574844372
-0.26055751744741
-0.42259373980793
-0.27469123415090
-0.03868476158120
0.01587072551676
-0.20532955785096
-0.53976597626215
-0.69247879586443
-0.47035071705200
0.05606585777538
0.59048750136717
0.82197682930382
0.64875547815061
0.24426174130360
-0.08359278730338
-0.12994180590333
0.05648358257849
0.22500000000000
0.13454181915898
-0.24151612490160
-0.67884658925225
-0.86485103424123
-0.63639610306790
-0.10925609360418
0.40146875373693
0.61000009985400
0.46309597905136
0.16347206880121
-0.00177506809319
0.10749721063283
0.37397263277228
0.51908262283389
0.33055742661666
-0.15680046617697
-0.66977659781919
-0.89114129062063
-0.69210006290589
-0.22500000000000
0.19432770894173
0.32354761137197
0.16789473871099
-0.04119508695273
-0.04350681738305
0.23232287444695
0.60211289681505
0.76389830484752
0.53428630635471
-0.00000000000000
-0.53428630635471
-0.76389830484752
-0.60211289681505
-0.23232287444694
0.04350681738305
0.04119508695272
-0.16789473871098
-0.32354761137197
-0.19432770894174
0.22500000000000
0.69210006290590
0.89114129062063
0.66977659781920
0.15680046617698
-0.33055742661666
-0.51908262283389
-0.37397263277229
-0.10749721063283
0.00177506809319
-0.16347206880120
-0.46309597905136
-0.61000009985400
-0.40146875373694
0.10925609360416
0.63639610306788
0.86485103424123
0.67884658925225
0.24151612490161
-0.13454181915898
-0.22500000000000
-0.05648358257849
0.12994180590334
0.08359278730338
-0.24426174130360
-0.64875547815060
-0.82197682930382
-0.59048750136717
-0.05606585777539
0.47035071705200
0.69247879586443
0.53976597626216
0.20532955785096
-0.01587072551676
0.03868476158119
0.27469123415090
0.42259373980793
0.26055751744741
-0.19613574844372
-0.68879775570162
-0.90000000000000
-0.68879775570164
-0.19613574844374
0.26055751744741
0.42259373980793
0.27469123415090
0.03868476158119
-0.01587072551676
0.20532955785096
0.53976597626215
0.69247879586443
0.47035071705200
-0.05606585777537
-0.59048750136715
-0.82197682930382
-0.64875547815061
-0.24426174130361
0.08359278730338
0.12994180590333
-0.05648358257849
-0.22500000000000
-0.13454181915899
0.24151612490159
0.67884658925224
0.86485103424123
0.63639610306790
0.10925609360419
-0.40146875373694
-0.61000009985400
-0.46309597905135
-0.16347206880121
0.00177506809319
-0.10749721063282
-0.37397263277228
-0.51908262283389
-0.33055742661667
0.15680046617696
0.66977659781920
0.89114129062063
0.69210006290589
0.22500000000000
-0.19432770894173
-0.32354761137197
-0.16789473871098
0.04119508695272
0.04350681738305
-0.23232287444694
-0.60211289681505
-0.76389830484752
-0.53428630635471
0.00000000000000
0.53428630635472
0.76389830484751
0.60211289681505
0.23232287444696
-0.04350681738304
-0.04119508695272
0.16789473871099
0.32354761137197
0.19432770894174
-0.22500000000000
-0.69210006290590
-0.89114129062063
-0.66977659781920
-0.15680046617698
0.33055742661666
0.51908262283389
0.37397263277228
0.10749721063283
-0.00177506809319
0.16347206880121
0.46309597905137
0.61000009985400
0.40146875373693
-0.10925609360417
-0.63639610306789
-0.86485103424123
-0.67884658925226
-0.24151612490162
0.13454181915897
0.22499999999999
0.05648358257848
-0.12994180590333
-0.08359278730338
0.24426174130359
0.64875547815060
0.82197682930382
0.59048750136718
0.05606585777540
-0.47035071705199
-0.69247879586443
-0.53976597626216
-0.20532955785097
0.01587072551676
-0.03868476158119
-0.27469123415090
-0.42259373980793
-0.26055751744742
0.19613574844371
0.68879775570162
0.90000000000000
0.68879775570163
0.19613574844373
-0.26055751744741
-0.42259373980793
-0.27469123415091
-0.03868476158120
0.01587072551676
-0.20532955785096
-0.53976597626216
-0.69247879586443
-0.47035071705201
0.05606585777539
0.59048750136716
0.82197682930382
0.64875547815061
0.24426174130361
-0.08359278730337
-0.12994180590333
0.05648358257848
0.22500000000000
0.13454181915899
-0.24151612490161
-0.67884658925225
-0.86485103424123
-0.63639610306790
-0.10925609360417
0.40146875373693
0.61000009985399
0.46309597905137
0.16347206880121
-0.00177506809319
0.10749721063282
0.37397263277228
0.51908262283390
0.33055742661666
-0.15680046617696
-0.66977659781920
-0.89114129062063
-0.69210006290591
-0.22500000000001
0.19432770894173
0.32354761137197
0.16789473871099
-0.04119508695273
-0.04350681738305
0.23232287444693
0.60211289681505
0.76389830484752
0.53428630635471
0.00000000000002
-0.53428630635471
-0.76389830484752
-0.60211289681505
-0.23232287444698
0.04350681738304
0.04119508695273
-0.16789473871097
-0.32354761137197
-0.19432770894174
0.22500000000000
0.69210006290589
0.89114129062063
0.66977659781922
0.15680046617699
-0.33055742661666
-0.51908262283390
-0.37397263277228
-0.10749721063284
0.00177506809319
-0.16347206880120
-0.46309597905137
-0.61000009985400
-0.40146875373695
0.10925609360414
0.63639610306789
0.86485103424123
0.67884658925225
0.24151612490162
-0.13454181915898
-0.22500000000000
-0.05648358257849
0.12994180590332
0.08359278730338
-0.24426174130359
-0.64875547815059
-0.82197682930382
-0.59048750136718
-0.05606585777539
0.47035071705198
0.69247879586444
0.53976597626219
0.20532955785098
-0.01587072551676
0.03868476158119
0.27469123415089
0.42259373980793
0.26055751744741
-0.19613574844372
-0.68879775570163
-0.90000000000000
-0.68879775570164
-0.19613574844376
0.26055751744740
0.42259373980794
0.27469123415091
0.03868476158119
-0.01587072551676
0.20532955785097
0.53976597626216
0.69247879586443
0.47035071705202
-0.05606585777538
-0.59048750136718
-0.82197682930382
-0.64875547815060
-0.24426174130361
0.08359278730337
0.12994180590333
-0.05648358257850
-0.22499999999999
-0.13454181915898
0.24151612490158
0.67884658925224
0.86485103424123
0.63639610306790
0.10925609360416
-0.40146875373693
-0.61000009985399
-0.46309597905138
-0.16347206880121
0.00177506809319
-0.10749721063282
-0.37397263277227
-0.51908262283390
-0.33055742661665
0.15680046617698
0.66977659781921
0.89114129062063
0.69210006290590
0.22500000000002
-0.19432770894174
-0.32354761137197
-0.16789473871098
0.04119508695272
0.04350681738305
-0.23232287444697
-0.60211289681506
-0.76389830484752
-0.53428630635472
0.00000000000000
0.53428630635470
0.76389830484752
0.60211289681506
0.23232287444695
-0.04350681738304
-0.04119508695271
0.16789473871098
0.32354761137196
0.19432770894173
-0.22499999999999
-0.69210006290590
-0.89114129062063
-0.66977659781919
-0.15680046617698
0.33055742661666
0.51908262283389
0.37397263277230
0.10749721063282
-0.00177506809319
0.16347206880121
0.46309597905136
0.61000009985400
0.40146875373694
-0.10925609360418
-0.63639610306790
-0.86485103424123
-0.67884658925224
-0.24151612490161
0.13454181915898
0.22499999999999
0.05648358257848
-0.12994180590334
-0.08359278730337
0.24426174130360
0.64875547815060
0.82197682930382
0.59048750136717
0.05606585777537
-0.47035071705200
-0.69247879586443
-0.53976597626214
-0.20532955785095
0.01587072551676
-0.03868476158122
-0.27469123415089
-0.42259373980793
-0.26055751744744
0.19613574844373
0.68879775570164
0.90000000000000
0.68879775570161
0.19613574844375
-0.26055751744743
-0.42259373980794
-0.27469123415090
-0.03868476158122
0.01587072551677
-0.20532955785094
-0.53976597626214
-0.69247879586444
-0.47035071705201
0.05606585777542
0.59048750136714
0.82197682930381
0.64875547815064
0.24426174130362
-0.08359278730337
-0.12994180590334
0.05648358257847
0.22499999999999
0.13454181915897
-0.24151612490157
-0.67884658925223
-0.86485103424123
-0.63639610306791
-0.10925609360420
0.40146875373693
0.61000009985400
0.46309597905137
0.16347206880122
-0.00177506809319
0.10749721063281
0.37397263277226
0.51908262283388
0.33055742661667
-0.15680046617696
-0.66977659781918
-0.89114129062063
-0.69210006290591
-0.22500000000000
0.19432770894173
0.32354761137198
0.16789473871101
-0.04119508695271
-0.04350681738305
0.23232287444693
0.60211289681505
0.76389830484752
0.53428630635471
0.00000000000005
-0.53428630635469
-0.76389830484753
-0.60211289681507
-0.23232287444696
0.04350681738304
0.04119508695272
-0.16789473871097
-0.32354761137197
-0.19432770894174
0.22499999999998
0.69210006290586
0.89114129062063
0.66977659781920
0.15680046617699
-0.33055742661666
-0.51908262283390
-0.37397263277228
-0.10749721063283
0.00177506809319
-0.16347206880119
-0.46309597905134
-0.61000009985399
-0.40146875373694
0.10925609360418
0.63639610306789
0.86485103424122
0.67884658925225
0.24151612490160
-0.13454181915896
-0.22500000000001
-0.05648358257851
0.12994180590333
0.08359278730339
-0.24426174130359
-0.64875547815062
-0.82197682930382
-0.59048750136716
-0.05606585777541
0.47035071705199
0.69247879586443
0.53976597626216
0.20532955785098
-0.01587072551676
0.03868476158120
0.27469123415090
0.42259373980794
0.26055751744742
-0.19613574844372
-0.68879775570161
-0.90000000000000
-0.68879775570165
-0.19613574844373
0.26055751744740
0.42259373980793
0.27469123415090
0.03868476158119
-0.01587072551676
0.20532955785095
0.53976597626215
0.69247879586444
0.47035071705199
-0.05606585777537
-0.59048750136717
-0.82197682930382
-0.64875547815062
-0.24426174130361
0.08359278730338
0.12994180590332
-0.05648358257849
-0.22499999999999
-0.13454181915899
0.24151612490158
0.67884658925224
0.86485103424123
0.63639610306792
0.10925609360418
-0.40146875373693
-0.61000009985401
-0.46309597905138
-0.16347206880121
0.00177506809319
-0.10749721063281
-0.37397263277227
-0.51908262283390
-0.33055742661666
0.15680046617694
0.66977659781919
0.89114129062063
0.69210006290592
0.22500000000001
-0.19432770894171
-0.32354761137200
-0.16789473871101
0.04119508695272
0.04350681738306
-0.23232287444692
-0.60211289681504
-0.76389830484752
-0.53428630635470
-0.00000000000003
0.53428630635471
0.76389830484751
0.60211289681503
0.23232287444697
-0.04350681738304
-0.04119508695271
0.16789473871101
0.32354761137195
0.19432770894175
-0.22499999999997
-0.69210006290588
-0.89114129062063
-0.66977659781923
-0.15680046617700
0.33055742661665
0.51908262283389
0.37397263277231
0.10749721063284
-0.00177506809319
0.16347206880122
0.46309597905138
0.61000009985400
0.40146875373694
-0.10925609360418
-0.63639610306791
-0.86485103424123
-0.67884658925228
-0.24151612490164
0.13454181915897
0.22499999999999
0.05648358257852
-0.12994180590332
-0.08359278730338
0.24426174130361
0.64875547815058
0.82197682930381
0.59048750136718
0.05606585777538
-0.47035071705198
-0.69247879586443
-0.53976597626215
-0.20532955785095
0.01587072551677
-0.03868476158120
-0.27469123415087
-0.42259373980793
-0.26055751744742
0.19613574844367
0.68879775570160
0.90000000000000
0.68879775570163
0.19613574844378
-0.26055751744743
-0.42259373980792
-0.27469123415089
-0.03868476158122
0.01587072551675
-0.20532955785096
-0.53976597626216
-0.69247879586444
-0.47035071705199
0.05606585777539
0.59048750136716
0.82197682930383
0.64875547815061
0.24426174130364
-0.08359278730335
-0.12994180590334
0.05648358257848
0.22500000000000
0.13454181915900
-0.24151612490159
-0.67884658925225
-0.86485103424123
-0.63639610306787
-0.10925609360417
0.40146875373692
0.61000009985399
0.46309597905133
0.16347206880121
-0.00177506809319
0.10749721063278
0.37397263277229
0.51908262283390
0.33055742661667
-0.15680046617696
-0.66977659781920
-0.89114129062063
-0.69210006290591
-0.22499999999999
0.19432770894173
0.32354761137198
0.16789473871097
-0.04119508695273
-0.04350681738305
0.23232287444693
0.60211289681509
0.76389830484753
0.53428630635471
0.00000000000004
-0.53428630635474
-0.76389830484753
-0.60211289681507
-0.23232287444700
0.04350681738305
0.04119508695273
-0.16789473871098
-0.32354761137195
-0.19432770894173
0.22499999999998
0.69210006290584
0.89114129062063
0.66977659781918
0.15680046617700
-0.33055742661670
-0.51908262283388
-0.37397263277225
-0.10749721063282
0.00177506809319
-0.16347206880118
-0.46309597905136
-0.61000009985399
-0.40146875373694
0.10925609360416
0.63639610306784
0.86485103424123
0.67884658925223
0.24151612490162
-0.13454181915895
-0.22500000000000
-0.05648358257847
0.12994180590334
0.08359278730339
-0.24426174130362
-0.64875547815059
-0.82197682930382
-0.59048750136712
-0.05606585777536
0.47035071705194
0.69247879586443
0.53976597626215
0.20532955785099
-0.01587072551675
0.03868476158118
0.27469123415087
0.42259373980795
0.26055751744743
-0.19613574844375
-0.68879775570162
-0.90000000000000
-0.68879775570167
-0.19613574844371
0.26055751744740
0.42259373980793
0.27469123415092
0.03868476158118
-0.01587072551677
0.20532955785093
0.53976597626212
0.69247879586443
0.47035071705203
-0.05606585777532
-0.59048750136715
-0.82197682930382
-0.64875547815065
-0.24426174130363
0.08359278730336
0.12994180590333
-0.05648358257848
-0.22500000000000
-0.13454181915899
0.24151612490161
0.67884658925222
0.86485103424123
0.63639610306789
0.10925609360422
-0.40146875373688
-0.61000009985399
-0.46309597905140
-0.16347206880122
0.00177506809320
-0.10749721063282
-0.37397263277226
-0.51908262283390
-0.33055742661668
0.15680046617697
0.66977659781917
0.89114129062063
0.69210006290590
0.22500000000000
-0.19432770894171
-0.32354761137196
-0.16789473871099
0.04119508695274
0.04350681738306
-0.23232287444694
-0.60211289681501
-0.76389830484751
-0.53428630635477
0.00000000000001
0.53428630635468
0.76389830484752
0.60211289681506
0.23232287444694
-0.04350681738304
-0.04119508695272
0.16789473871098
0.32354761137200
0.19432770894176
-0.22499999999998
-0.69210006290590
-0.89114129062064
-0.66977659781926
-0.15680046617698
0.33055742661664
0.51908262283391
0.37397263277233
0.10749721063283
-0.00177506809320
0.16347206880119
0.46309597905131
0.61000009985400
0.40146875373695
-0.10925609360413
-0.63639610306790
-0.86485103424123
-0.67884658925226
-0.24151612490161
0.13454181915898
0.22499999999998
0.05648358257847
-0.12994180590335
-0.08359278730338
0.24426174130358
0.64875547815056
0.82197682930383
0.59048750136719
0.05606585777541
-0.47035071705196
-0.69247879586442
-0.53976597626218
-0.20532955785097
0.01587072551676
-0.03868476158121
-0.27469123415090
-0.42259373980794
-0.26055751744741
0.19613574844375
0.68879775570162
0.90000000000000
0.68879775570165
0.19613574844375
-0.26055751744737
-0.42259373980791
-0.27469123415094
-0.03868476158120
0.01587072551677
-0.20532955785098
-0.53976597626215
-0.69247879586445
-0.47035071705204
0.05606585777542
0.59048750136715
0.82197682930381
0.64875547815059
0.24426174130357
-0.08359278730337
-0.12994180590331
0.05648358257851
0.22500000000001
0.13454181915900
-0.24151612490157
-0.67884658925223
-0.86485103424123
-0.63639610306794
-0.10925609360414
0.40146875373690
0.61000009985400
0.46309597905138
0.16347206880119
-0.00177506809319
0.10749721063285
0.37397263277226
0.51908262283391
0.33055742661666
-0.15680046617697
-0.66977659781922
-0.89114129062063
-0.69210006290593
-0.22500000000003
0.19432770894172
0.32354761137197
0.16789473871100
-0.04119508695269
-0.04350681738305
0.23232287444696
0.60211289681503
0.76389830484754
0.53428630635472
-0.00000000000001
-0.53428630635470
-0.76389830484751
-0.60211289681505
-0.23232287444698
0.04350681738302
0.04119508695270
-0.16789473871095
-0.32354761137194
-0.19432770894174
0.22500000000000
0.69210006290586
0.89114129062063
0.66977659781919
0.15680046617702
-0.33055742661664
-0.51908262283389
-0.37397263277230
-0.10749721063285
0.00177506809319
-0.16347206880124
-0.46309597905138
-0.61000009985400
-0.40146875373695
0.10925609360423
0.63639610306790
0.86485103424124
0.67884658925230
0.24151612490165
-0.13454181915898
-0.22500000000002
-0.05648358257850
0.12994180590332
0.08359278730339
-0.24426174130355
-0.64875547815061
-0.82197682930381
-0.59048750136720
-0.05606585777546
0.47035071705199
0.69247879586445
0.53976597626216
0.20532955785096
-0.01587072551676
0.03868476158116
0.27469123415087
0.42259373980791
0.26055751744741
-0.19613574844365
-0.68879775570159
-0.90000000000000
-0.68879775570165
-0.19613574844378
0.26055751744741
0.42259373980794
0.27469123415089
0.03868476158122
-0.01587072551676
0.20532955785095
0.53976597626216
0.69247879586445
0.47035071705199
-0.05606585777535
-0.59048750136713
-0.82197682930383
-0.64875547815063
-0.24426174130366
0.08359278730334
0.12994180590337
-0.05648358257848
-0.22499999999997
-0.13454181915898
0.24151612490159
0.67884658925224
0.86485103424123
0.63639610306787
0.10925609360419
-0.40146875373692
-0.61000009985398
-0.46309597905133
-0.16347206880121
0.00177506809319
-0.10749721063280
-0.37397263277228
-0.51908262283388
-0.33055742661669
0.15680046617697
0.66977659781919
0.89114129062063
0.69210006290593
0.22500000000003
-0.19432770894174
-0.32354761137198
-0.16789473871097
0.04119508695272
0.04350681738305
-0.23232287444692
-0.60211289681507
-0.76389830484752
-0.53428630635472
-0.00000000000009
