0.60524866076756
0.72811529493745
0.37406424399971
0.00000000000000
-0.00000000000000
0.27811529493745
0.37406424399971
0.00000000000000
-0.60524866076756
-0.90000000000000
-0.60524866076756
-0.00000000000000
0.37406424399971
0.27811529493745
-0.00000000000000
-0.00000000000000
0.37406424399971
0.72811529493745
0.60524866076756
0.00000000000000
-0.60524866076756
-0.72811529493745
-0.37406424399971
-0.00000000000000
-0.00000000000000
-0.27811529493745
-0.37406424399971
-0.00000000000000
0.60524866076756
0.90000000000000
0.60524866076756
0.00000000000000
-0.37406424399971
-0.27811529493745
-0.00000000000000
-0.00000000000000
-0.37406424399971
-0.72811529493745
-0.60524866076756
-0.00000000000000
0.60524866076756
0.72811529493745
0.37406424399971
0.00000000000000
-0.00000000000000
0.27811529493745
0.37406424399971
0.00000000000000
-0.60524866076756
-0.90000000000000
-0.60524866076756
0.00000000000000
0.37406424399971
0.27811529493745
-0.00000000000000
-0.00000000000000
0.37406424399971
0.72811529493745
0.60524866076756
0.00000000000000
-0.60524866076756
-0.72811529493745
-0.37406424399971
-0.00000000000000
0.00000000000000
-0.27811529493745
-0.37406424399971
0.00000000000000
0.60524866076756
0.90000000000000
0.60524866076756
-0.00000000000000
-0.37406424399971
-0.27811529493745
0.00000000000000
0.00000000000000
-0.37406424399970
-0.72811529493745
-0.60524866076756
-0.00000000000000
0.60524866076756
0.72811529493746
0.37406424399971
-0.00000000000000
0.00000000000000
0.27811529493745
0.37406424399971
0.00000000000001
-0.60524866076756
-0.90000000000000
-0.60524866076756
-0.00000000000000
0.37406424399971
0.27811529493745
0.00000000000000
-0.00000000000000
0.37406424399971
0.72811529493745
0.60524866076756
-0.00000000000000
-0.60524866076756
-0.72811529493746
-0.37406424399971
0.00000000000000
-0.00000000000000
-0.27811529493745
-0.37406424399971
-0.00000000000001
0.60524866076755
0.90000000000000
0.60524866076756
0.00000000000000
-0.37406424399971
-0.27811529493745
-0.00000000000000
-0.00000000000000
-0.37406424399970
-0.72811529493745
-0.60524866076757
-0.00000000000000
0.60524866076756
0.72811529493745
0.37406424399971
0.00000000000000
-0.00000000000000
0.27811529493745
0.37406424399971
0.00000000000000
-0.60524866076755
-0.90000000000000
-0.60524866076756
-0.00000000000000
0.37406424399971
0.27811529493745
-0.00000000000000
0.00000000000000
0.37406424399971
0.72811529493745
0.60524866076756
0.00000000000001
-0.60524866076756
-0.72811529493745
-0.37406424399971
0.00000000000000
0.00000000000000
-0.27811529493745
-0.37406424399971
-0.00000000000000
0.60524866076756
0.90000000000000
0.60524866076757
0.00000000000000
-0.37406424399971
-0.27811529493746
-0.00000000000001
0.00000000000000
-0.37406424399970
-0.72811529493745
-0.60524866076757
-0.00000000000000
0.60524866076756
0.72811529493746
0.37406424399972
0.00000000000001
-0.00000000000000
0.27811529493745
0.37406424399971
-0.00000000000001
-0.60524866076756
-0.90000000000000
-0.60524866076758
-0.00000000000001
0.37406424399971
0.27811529493746
0.00000000000001
-0.00000000000001
0.37406424399972
0.72811529493745
0.60524866076756
0.00000000000001
-0.60524866076756
-0.72811529493745
-0.37406424399971
-0.00000000000000
0.00000000000000
-0.27811529493745
-0.37406424399970
-0.00000000000000
0.60524866076757
0.90000000000000
0.60524866076756
0.00000000000000
-0.37406424399970
-0.27811529493746
0.00000000000001
0.00000000000001
-0.37406424399970
-0.72811529493745
-0.60524866076756
0.00000000000001
0.60524866076756
0.72811529493745
0.37406424399971
0.00000000000000
-0.00000000000001
0.27811529493745
0.37406424399971
-0.00000000000000
-0.60524866076757
-0.90000000000000
-0.60524866076756
-0.00000000000001
0.37406424399971
0.27811529493746
0.00000000000000
-0.00000000000001
0.37406424399970
0.72811529493745
0.60524866076756
-0.00000000000001
-0.60524866076756
-0.72811529493746
-0.37406424399972
-0.00000000000000
0.00000000000001
-0.27811529493745
-0.37406424399972
-0.00000000000001
0.60524866076755
0.90000000000000
0.60524866076756
-0.00000000000001
-0.37406424399971
-0.27811529493746
0.00000000000000
-0.00000000000000
-0.37406424399969
-0.72811529493745
-0.60524866076757
-0.00000000000001
0.60524866076756
0.72811529493746
0.37406424399971
0.00000000000000
-0.00000000000001
0.27811529493744
0.37406424399971
0.00000000000001
-0.60524866076754
-0.90000000000000
-0.60524866076755
-0.00000000000000
0.37406424399971
0.27811529493745
-0.00000000000001
-0.00000000000000
0.37406424399971
0.72811529493744
0.60524866076757
0.00000000000004
-0.60524866076754
-0.72811529493745
-0.37406424399972
-0.00000000000000
0.00000000000000
-0.27811529493745
-0.37406424399971
-0.00000000000001
0.60524866076756
0.90000000000000
0.60524866076756
-0.00000000000001
-0.37406424399970
-0.27811529493745
-0.00000000000001
0.00000000000001
-0.37406424399970
-0.72811529493745
-0.60524866076757
-0.00000000000001
0.60524866076755
0.72811529493745
0.37406424399971
-0.00000000000000
0.00000000000001
0.27811529493745
0.37406424399972
-0.00000000000000
-0.60524866076757
-0.90000000000000
-0.60524866076759
-0.00000000000002
0.37406424399970
0.27811529493746
0.00000000000000
-0.00000000000000
0.37406424399969
0.72811529493745
0.60524866076757
-0.00000000000000
-0.60524866076755
-0.72811529493746
-0.37406424399971
-0.00000000000000
-0.00000000000001
-0.27811529493746
-0.37406424399971
-0.00000000000002
0.60524866076754
0.90000000000000
0.60524866076757
0.00000000000002
-0.37406424399970
-0.27811529493747
-0.00000000000001
-0.00000000000000
-0.37406424399971
-0.72811529493746
-0.60524866076756
-0.00000000000001
0.60524866076755
0.72811529493745
0.37406424399970
0.00000000000001
-0.00000000000001
0.27811529493745
0.37406424399970
0.00000000000003
-0.60524866076756
-0.90000000000000
-0.60524866076757
0.00000000000002
0.37406424399970
0.27811529493745
0.00000000000000
0.00000000000001
0.37406424399970
0.72811529493745
0.60524866076758
-0.00000000000002
-0.60524866076753
-0.72811529493746
-0.37406424399970
-0.00000000000000
0.00000000000001
-0.27811529493743
-0.37406424399971
-0.00000000000002
0.60524866076755
0.90000000000000
0.60524866076756
0.00000000000003
-0.37406424399971
-0.27811529493744
0.00000000000000
-0.00000000000000
-0.37406424399967
-0.72811529493745
-0.60524866076758
-0.00000000000003
0.60524866076755
0.72811529493746
0.37406424399971
0.00000000000000
0.00000000000000
0.27811529493745
0.37406424399971
0.00000000000001
-0.60524866076756
-0.90000000000000
-0.60524866076754
-0.00000000000001
0.37406424399969
0.27811529493747
0.00000000000000
-0.00000000000000
0.37406424399969
0.72811529493745
0.60524866076757
0.00000000000000
-0.60524866076754
-0.72811529493744
-0.37406424399972
-0.00000000000000
-0.00000000000002
-0.27811529493746
-0.37406424399970
-0.00000000000001
0.60524866076758
0.90000000000000
0.60524866076758
0.00000000000003
-0.37406424399971
-0.27811529493747
-0.00000000000001
-0.00000000000001
-0.37406424399970
-0.72811529493746
-0.60524866076758
0.00000000000001
0.60524866076755
0.72811529493745
0.37406424399973
-0.00000000000001
0.00000000000000
0.27811529493746
0.37406424399972
0.00000000000001
-0.60524866076755
-0.90000000000000
-0.60524866076756
-0.00000000000002
0.37406424399971
0.27811529493747
-0.00000000000000
0.00000000000000
0.37406424399969
0.72811529493746
0.60524866076757
-0.00000000000000
-0.60524866076755
-0.72811529493744
-0.37406424399971
-0.00000000000001
0.00000000000002
-0.27811529493744
-0.37406424399970
-0.00000000000002
0.60524866076757
0.90000000000000
0.60524866076757
0.00000000000003
-0.37406424399970
-0.27811529493747
-0.00000000000001
0.00000000000001
-0.37406424399971
-0.72811529493746
-0.60524866076757
0.00000000000002
0.60524866076754
0.72811529493746
0.37406424399975
0.00000000000000
-0.00000000000001
0.27811529493744
0.37406424399971
0.00000000000001
-0.60524866076756
-0.90000000000000
-0.60524866076755
-0.00000000000001
0.37406424399971
0.27811529493744
-0.00000000000000
-0.00000000000001
0.37406424399973
0.72811529493744
0.60524866076758
0.00000000000000
-0.60524866076755
-0.72811529493745
-0.37406424399973
0.00000000000000
0.00000000000000
-0.27811529493743
-0.37406424399971
-0.00000000000001
0.60524866076752
0.90000000000000
0.60524866076754
-0.00000000000000
-0.37406424399971
-0.27811529493748
-0.00000000000000
0.00000000000001
-0.37406424399972
-0.72811529493746
-0.60524866076756
-0.00000000000001
0.60524866076758
0.72811529493748
0.37406424399976
0.00000000000001
-0.00000000000003
0.27811529493744
0.37406424399971
0.00000000000001
-0.60524866076754
-0.90000000000000
-0.60524866076757
-0.00000000000002
0.37406424399971
0.27811529493746
-0.00000000000001
-0.00000000000000
0.37406424399969
0.72811529493743
0.60524866076756
0.00000000000004
-0.60524866076756
-0.72811529493744
-0.37406424399969
-0.00000000000000
0.00000000000001
-0.27811529493746
-0.37406424399971
0.00000000000002
0.60524866076755
0.90000000000000
0.60524866076756
0.00000000000001
-0.37406424399970
-0.27811529493744
0.00000000000002
0.00000000000001
-0.37406424399970
-0.72811529493745
-0.60524866076758
-0.00000000000007
0.60524866076754
0.72811529493748
0.37406424399973
-0.00000000000001
0.00000000000000
0.27811529493743
0.37406424399972
0.00000000000001
-0.60524866076753
-0.90000000000000
-0.60524866076759
0.00000000000001
0.37406424399970
0.27811529493747
-0.00000000000000
-0.00000000000001
0.37406424399972
0.72811529493745
0.60524866076755
0.00000000000001
-0.60524866076756
-0.72811529493744
-0.37406424399971
0.00000000000001
-0.00000000000001
-0.27811529493750
-0.37406424399970
0.00000000000000
0.60524866076754
0.90000000000000
0.60524866076762
0.00000000000003
-0.37406424399970
-0.27811529493747
-0.00000000000002
-0.00000000000000
-0.37406424399969
-0.72811529493743
-0.60524866076758
-0.00000000000003
0.60524866076758
0.72811529493745
0.37406424399970
0.00000000000000
-0.00000000000001
0.27811529493746
0.37406424399971
-0.00000000000000
-0.60524866076756
-0.90000000000000
-0.60524866076756
-0.00000000000000
0.37406424399971
0.27811529493744
-0.00000000000000
0.00000000000000
0.37406424399975
0.72811529493747
0.60524866076756
0.00000000000003
-0.60524866076757
-0.72811529493748
-0.37406424399973
-0.00000000000002
0.00000000000000
-0.27811529493744
-0.37406424399970
-0.00000000000002
0.60524866076752
0.90000000000000
0.60524866076758
0.00000000000000
-0.37406424399969
-0.27811529493748
-0.00000000000003
0.00000000000000
-0.37406424399967
-0.72811529493745
-0.60524866076754
0.00000000000000
0.60524866076755
0.72811529493746
0.37406424399971
0.00000000000001
0.00000000000000
0.27811529493744
0.37406424399972
0.00000000000001
-0.60524866076754
-0.90000000000000
-0.60524866076756
0.00000000000002
0.37406424399970
0.27811529493743
0.00000000000002
-0.00000000000002
0.37406424399964
0.72811529493744
0.60524866076757
0.00000000000002
-0.60524866076756
-0.72811529493746
-0.37406424399975
-0.00000000000002
0.00000000000001
-0.27811529493742
-0.37406424399973
-0.00000000000003
0.60524866076757
0.90000000000000
0.60524866076760
-0.00000000000000
-0.37406424399969
-0.27811529493744
-0.00000000000000
0.00000000000000
-0.37406424399970
-0.72811529493743
-0.60524866076756
-0.00000000000002
0.60524866076758
0.72811529493744
0.37406424399968
0.00000000000000
0.00000000000003
0.27811529493748
0.37406424399970
0.00000000000005
-0.60524866076753
-0.90000000000000
-0.60524866076759
-0.00000000000006
0.37406424399970
0.27811529493749
0.00000000000003
-0.00000000000003
0.37406424399972
0.72811529493745
0.60524866076758
0.00000000000007
-0.60524866076755
-0.72811529493748
-0.37406424399976
0.00000000000002
0.00000000000000
-0.27811529493746
-0.37406424399973
-0.00000000000001
0.60524866076754
0.90000000000000
0.60524866076762
-0.00000000000003
-0.37406424399971
-0.27811529493746
0.00000000000001
0.00000000000000
-0.37406424399969
-0.72811529493744
-0.60524866076752
0.00000000000004
0.60524866076755
0.72811529493748
0.37406424399974
0.00000000000002
-0.00000000000004
0.27811529493747
0.37406424399972
0.00000000000003
-0.60524866076751
-0.90000000000000
-0.60524866076760
-0.00000000000005
0.37406424399970
0.27811529493745
0.00000000000001
-0.00000000000002
0.37406424399970
0.72811529493744
0.60524866076759
0.00000000000009
-0.60524866076757
-0.72811529493744
-0.37406424399972
-0.00000000000002
0.00000000000001
-0.27811529493742
-0.37406424399971
0.00000000000004
0.60524866076758
0.90000000000000
0.60524866076759
-0.00000000000001
-0.37406424399971
-0.27811529493752
0.00000000000003
0.00000000000001
-0.37406424399967
-0.72811529493743
-0.60524866076758
-0.00000000000006
0.60524866076751
0.72811529493747
0.37406424399971
0.00000000000001
-0.00000000000003
0.27811529493743
0.37406424399970
0.00000000000000
-0.60524866076753
-0.90000000000000
-0.60524866076757
-0.00000000000003
0.37406424399970
0.27811529493746
-0.00000000000002
-0.00000000000001
0.37406424399974
0.72811529493746
0.60524866076756
0.00000000000003
-0.60524866076758
-0.72811529493744
-0.37406424399969
-0.00000000000000
-0.00000000000001
-0.27811529493748
-0.37406424399974
-0.00000000000002
0.60524866076756
0.90000000000000
0.60524866076760
0.00000000000001
-0.37406424399970
-0.27811529493748
-0.00000000000003
-0.00000000000001
-0.37406424399970
-0.72811529493744
-0.60524866076754
-0.00000000000000
0.60524866076755
0.72811529493746
0.37406424399967
0.00000000000000
-0.00000000000000
0.27811529493744
0.37406424399971
0.00000000000002
-0.60524866076752
-0.90000000000000
-0.60524866076754
-0.00000000000000
0.37406424399969
0.27811529493745
0.00000000000001
-0.00000000000000
0.37406424399968
0.72811529493747
0.60524866076757
0.00000000000002
-0.60524866076757
-0.72811529493747
-0.37406424399976
-0.00000000000003
-0.00000000000000
-0.27811529493745
-0.37406424399972
-0.00000000000006
0.60524866076754
0.90000000000000
0.60524866076761
-0.00000000000004
-0.37406424399972
-0.27811529493745
-0.00000000000000
0.00000000000000
-0.37406424399969
-0.72811529493745
-0.60524866076760
0.00000000000003
0.60524866076756
0.72811529493746
0.37406424399969
0.00000000000000
-0.00000000000001
0.27811529493743
0.37406424399972
-0.00000000000003
-0.60524866076756
-0.90000000000000
-0.60524866076756
-0.00000000000002
0.37406424399969
0.27811529493739
-0.00000000000000
-0.00000000000001
0.37406424399966
0.72811529493743
0.60524866076758
0.00000000000007
-0.60524866076751
-0.72811529493745
-0.37406424399973
-0.00000000000002
0.00000000000002
-0.27811529493743
-0.37406424399972
-0.00000000000007
0.60524866076757
0.90000000000000
0.60524866076759
-0.00000000000000
-0.37406424399972
-0.27811529493748
-0.00000000000003
-0.00000000000001
-0.37406424399972
-0.72811529493745
-0.60524866076759
0.00000000000001
0.60524866076755
0.72811529493746
0.37406424399966
-0.00000000000001
0.00000000000002
0.27811529493747
0.37406424399972
0.00000000000005
-0.60524866076749
-0.90000000000000
-0.60524866076756
-0.00000000000002
0.37406424399971
0.27811529493748
0.00000000000003
-0.00000000000002
0.37406424399964
0.72811529493746
0.60524866076757
0.00000000000004
-0.60524866076752
-0.72811529493746
-0.37406424399974
-0.00000000000002
-0.00000000000002
-0.27811529493747
-0.37406424399973
-0.00000000000003
0.60524866076757
0.90000000000000
0.60524866076760
0.00000000000006
-0.37406424399971
-0.27811529493742
0.00000000000001
-0.00000000000001
-0.37406424399971
-0.72811529493745
-0.60524866076760
0.00000000000004
0.60524866076754
0.72811529493747
0.37406424399977
0.00000000000001
-0.00000000000005
0.27811529493738
0.37406424399969
0.00000000000000
-0.60524866076753
-0.90000000000000
-0.60524866076759
-0.00000000000005
0.37406424399971
0.27811529493747
-0.00000000000000
-0.00000000000001
0.37406424399967
0.72811529493745
0.60524866076758
0.00000000000006
-0.60524866076753
-0.72811529493745
-0.37406424399971
-0.00000000000001
0.00000000000001
-0.27811529493743
-0.37406424399973
-0.00000000000002
0.60524866076759
0.90000000000000
0.60524866076757
0.00000000000003
-0.37406424399971
-0.27811529493741
-0.00000000000001
0.00000000000002
-0.37406424399969
-0.72811529493744
-0.60524866076758
-0.00000000000001
0.60524866076757
0.72811529493745
0.37406424399974
0.00000000000000
-0.00000000000000
0.27811529493744
0.37406424399971
-0.00000000000002
-0.60524866076756
-0.90000000000000
-0.60524866076755
-0.00000000000005
0.37406424399970
0.27811529493753
-0.00000000000003
-0.00000000000001
0.37406424399970
0.72811529493743
0.60524866076759
0.00000000000003
-0.60524866076750
-0.72811529493742
-0.37406424399972
0.00000000000000
0.00000000000003
-0.27811529493742
-0.37406424399971
-0.00000000000006
0.60524866076752
0.90000000000000
0.60524866076754
0.00000000000005
-0.37406424399973
-0.27811529493745
0.00000000000005
0.00000000000001
-0.37406424399972
-0.72811529493749
-0.60524866076760
-0.00000000000003
0.60524866076759
0.72811529493741
0.37406424399971
0.00000000000002
-0.00000000000003
0.27811529493735
0.37406424399971
0.00000000000004
-0.60524866076754
-0.90000000000000
-0.60524866076760
-0.00000000000002
0.37406424399971
0.27811529493749
0.00000000000002
-0.00000000000000
0.37406424399964
0.72811529493745
0.60524866076755
0.00000000000007
-0.60524866076754
-0.72811529493747
-0.37406424399969
-0.00000000000002
-0.00000000000001
-0.27811529493746
-0.37406424399970
-0.00000000000003
0.60524866076746
0.90000000000000
0.60524866076760
0.00000000000002
-0.37406424399970
-0.27811529493748
0.00000000000000
0.00000000000003
-0.37406424399975
-0.72811529493744
-0.60524866076756
-0.00000000000007
