0.55986548045186
0.79992006997661
0.62317630405346
0.21118627898705
-0.12626170173387
-0.18897823487091
-0.02804676827477
0.11544420294429
0.02244341014464
-0.31094235253127
-0.65389045591822
-0.71361539132434
-0.36798584866375
0.22337923903230
0.71915098741871
0.83514760594253
0.54262421189626
0.07721685208182
-0.24548222728178
-0.26450336353161
-0.07874972716514
0.05434177118099
-0.05712584111604
-0.37157547722888
-0.63639610306789
-0.58550926306024
-0.15867312781956
0.43015941223972
0.83308509443939
0.81405764746873
0.41508777746992
-0.08222759571749
-0.36876703360433
-0.33065832867301
-0.11390232665115
0.01405383049509
-0.10690977193410
-0.39231338125691
-0.57648198330635
-0.42797543233282
0.05186366077241
0.60517970520927
0.89246263733920
0.73602163000073
0.24780254226584
-0.25528035855101
-0.48338509082589
-0.37641381275580
-0.12514476174093
0.00000000000000
-0.12514476174092
-0.37641381275580
-0.48338509082590
-0.25528035855101
0.24780254226584
0.73602163000073
0.89246263733920
0.60517970520928
0.05186366077242
-0.42797543233282
-0.57648198330635
-0.39231338125692
-0.10690977193411
0.01405383049509
-0.11390232665115
-0.33065832867301
-0.36876703360433
-0.08222759571749
0.41508777746992
0.81405764746873
0.83308509443939
0.43015941223972
-0.15867312781956
-0.58550926306024
-0.63639610306789
-0.37157547722889
-0.05712584111604
0.05434177118099
-0.07874972716514
-0.26450336353161
-0.24548222728178
0.07721685208181
0.54262421189625
0.83514760594253
0.71915098741871
0.22337923903231
-0.36798584866374
-0.71361539132433
-0.65389045591822
-0.31094235253128
0.02244341014464
0.11544420294429
-0.02804676827477
-0.18897823487091
-0.12626170173387
0.21118627898705
0.62317630405346
0.79992006997661
0.55986548045185
-0.00000000000000
-0.55986548045186
-0.79992006997661
-0.62317630405346
-0.21118627898704
0.12626170173387
0.18897823487090
0.02804676827477
-0.11544420294430
-0.02244341014464
0.31094235253128
0.65389045591823
0.71361539132434
0.36798584866375
-0.22337923903229
-0.71915098741872
-0.83514760594253
-0.54262421189626
-0.07721685208182
0.24548222728178
0.26450336353161
0.07874972716515
-0.05434177118099
0.05712584111603
0.37157547722888
0.63639610306789
0.58550926306024
0.15867312781956
-0.43015941223971
-0.83308509443939
-0.81405764746873
-0.41508777746992
0.08222759571749
0.36876703360433
0.33065832867301
0.11390232665115
-0.01405383049509
0.10690977193410
0.39231338125692
0.57648198330635
0.42797543233282
-0.05186366077241
-0.60517970520928
-0.89246263733920
-0.73602163000073
-0.24780254226585
0.25528035855101
0.48338509082589
0.37641381275580
0.12514476174093
0.00000000000000
0.12514476174092
0.37641381275579
0.48338509082589
0.25528035855101
-0.24780254226585
-0.73602163000073
-0.89246263733920
-0.60517970520928
-0.05186366077242
0.42797543233282
0.57648198330635
0.39231338125693
0.10690977193411
-0.01405383049509
0.11390232665115
0.33065832867300
0.36876703360433
0.08222759571749
-0.41508777746992
-0.81405764746873
-0.83308509443939
-0.43015941223973
0.15867312781956
0.58550926306024
0.63639610306789
0.37157547722889
0.05712584111604
-0.05434177118099
0.07874972716515
0.26450336353161
0.24548222728178
-0.07721685208181
-0.54262421189625
-0.83514760594253
-0.71915098741872
-0.22337923903231
0.36798584866375
0.71361539132433
0.65389045591822
0.31094235253128
-0.02244341014463
-0.11544420294429
0.02804676827478
0.18897823487090
0.12626170173387
-0.21118627898704
-0.62317630405346
-0.79992006997661
-0.55986548045186
0.00000000000000
0.55986548045186
0.79992006997661
0.62317630405346
0.21118627898705
-0.12626170173386
-0.18897823487091
-0.02804676827477
0.11544420294430
0.02244341014463
-0.31094235253128
-0.65389045591823
-0.71361539132434
-0.36798584866375
0.22337923903230
0.71915098741871
0.83514760594253
0.54262421189625
0.07721685208182
-0.24548222728178
-0.26450336353161
-0.07874972716513
0.05434177118099
-0.05712584111604
-0.37157547722888
-0.63639610306790
-0.58550926306024
-0.15867312781959
0.43015941223970
0.83308509443938
0.81405764746872
0.41508777746991
-0.08222759571749
-0.36876703360433
-0.33065832867302
-0.11390232665115
0.01405383049509
-0.10690977193410
-0.39231338125691
-0.57648198330635
-0.42797543233283
0.05186366077241
0.60517970520927
0.89246263733920
0.73602163000073
0.24780254226584
-0.25528035855100
-0.48338509082590
-0.37641381275580
-0.12514476174093
0.00000000000000
-0.12514476174092
-0.37641381275579
-0.48338509082590
-0.25528035855101
0.24780254226583
0.73602163000072
0.89246263733920
0.60517970520928
0.05186366077243
-0.42797543233281
-0.57648198330635
-0.39231338125692
-0.10690977193410
0.01405383049509
-0.11390232665114
-0.33065832867300
-0.36876703360434
-0.08222759571750
0.41508777746991
0.81405764746872
0.83308509443940
0.43015941223971
-0.15867312781956
-0.58550926306024
-0.63639610306789
-0.37157547722888
-0.05712584111604
0.05434177118099
-0.07874972716514
-0.26450336353161
-0.24548222728179
0.07721685208180
0.54262421189625
0.83514760594254
0.71915098741871
0.22337923903231
-0.36798584866374
-0.71361539132433
-0.65389045591824
-0.31094235253128
0.02244341014463
0.11544420294429
-0.02804676827477
-0.18897823487091
-0.12626170173386
0.21118627898703
0.62317630405346
0.79992006997660
0.55986548045186
0.00000000000001
-0.55986548045185
-0.79992006997661
-0.62317630405346
-0.21118627898708
0.12626170173386
0.18897823487091
0.02804676827479
-0.11544420294430
-0.02244341014465
0.31094235253128
0.65389045591822
0.71361539132434
0.36798584866378
-0.22337923903228
-0.71915098741871
-0.83514760594253
-0.54262421189625
-0.07721685208183
0.24548222728179
0.26450336353161
0.07874972716512
-0.05434177118099
0.05712584111603
0.37157547722886
0.63639610306789
0.58550926306026
0.15867312781957
-0.43015941223970
-0.83308509443939
-0.81405764746873
-0.41508777746992
0.08222759571749
0.36876703360433
0.33065832867301
0.11390232665116
-0.01405383049509
0.10690977193410
0.39231338125692
0.57648198330635
0.42797543233281
-0.05186366077237
-0.60517970520925
-0.89246263733920
-0.73602163000074
-0.24780254226584
0.25528035855100
0.48338509082590
0.37641381275580
0.12514476174092
0.00000000000000
0.12514476174092
0.37641381275578
0.48338509082589
0.25528035855101
-0.24780254226583
-0.73602163000073
-0.89246263733920
-0.60517970520927
-0.05186366077243
0.42797543233281
0.57648198330636
0.39231338125693
0.10690977193410
-0.01405383049509
0.11390232665115
0.33065832867301
0.36876703360434
0.08222759571750
-0.41508777746993
-0.81405764746871
-0.83308509443939
-0.43015941223974
0.15867312781954
0.58550926306025
0.63639610306789
0.37157547722887
0.05712584111604
-0.05434177118099
0.07874972716512
0.26450336353160
0.24548222728180
-0.07721685208181
-0.54262421189624
-0.83514760594253
-0.71915098741870
-0.22337923903231
0.36798584866377
0.71361539132434
0.65389045591823
0.31094235253129
-0.02244341014464
-0.11544420294430
0.02804676827478
0.18897823487091
0.12626170173387
-0.21118627898707
-0.62317630405347
-0.79992006997661
-0.55986548045188
0.00000000000000
0.55986548045185
0.79992006997661
0.62317630405347
0.21118627898704
-0.12626170173386
-0.18897823487089
-0.02804676827477
0.11544420294429
0.02244341014463
-0.31094235253127
-0.65389045591823
-0.71361539132434
-0.36798584866374
0.22337923903229
0.71915098741871
0.83514760594252
0.54262421189627
0.07721685208181
-0.24548222728178
-0.26450336353161
-0.07874972716514
0.05434177118099
-0.05712584111604
-0.37157547722890
-0.63639610306791
-0.58550926306024
-0.15867312781955
0.43015941223971
0.83308509443939
0.81405764746873
0.41508777746991
-0.08222759571749
-0.36876703360432
-0.33065832867300
-0.11390232665116
0.01405383049509
-0.10690977193411
-0.39231338125693
-0.57648198330635
-0.42797543233281
0.05186366077241
0.60517970520929
0.89246263733920
0.73602163000071
0.24780254226587
-0.25528035855100
-0.48338509082590
-0.37641381275579
-0.12514476174091
0.00000000000000
-0.12514476174094
-0.37641381275578
-0.48338509082590
-0.25528035855105
0.24780254226585
0.73602163000070
0.89246263733920
0.60517970520931
0.05186366077244
-0.42797543233284
-0.57648198330635
-0.39231338125689
-0.10690977193413
0.01405383049510
-0.11390232665113
-0.33065832867299
-0.36876703360434
-0.08222759571750
0.41508777746989
0.81405764746872
0.83308509443939
0.43015941223975
-0.15867312781955
-0.58550926306023
-0.63639610306790
-0.37157547722891
-0.05712584111604
0.05434177118099
-0.07874972716514
-0.26450336353161
-0.24548222728178
0.07721685208181
0.54262421189623
0.83514760594252
0.71915098741873
0.22337923903232
-0.36798584866372
-0.71361539132433
-0.65389045591823
-0.31094235253128
0.02244341014463
0.11544420294431
-0.02804676827476
-0.18897823487090
-0.12626170173387
0.21118627898703
0.62317630405346
0.79992006997661
0.55986548045186
0.00000000000004
-0.55986548045184
-0.79992006997661
-0.62317630405348
-0.21118627898705
0.12626170173386
0.18897823487091
0.02804676827479
-0.11544420294429
-0.02244341014465
0.31094235253125
0.65389045591820
0.71361539132434
0.36798584866375
-0.22337923903228
-0.71915098741872
-0.83514760594253
-0.54262421189625
-0.07721685208183
0.24548222728178
0.26450336353163
0.07874972716516
-0.05434177118098
0.05712584111603
0.37157547722888
0.63639610306789
0.58550926306025
0.15867312781958
-0.43015941223973
-0.83308509443938
-0.81405764746873
-0.41508777746995
0.08222759571749
0.36876703360432
0.33065832867301
0.11390232665114
-0.01405383049509
0.10690977193411
0.39231338125689
0.57648198330634
0.42797543233284
-0.05186366077241
-0.60517970520925
-0.89246263733920
-0.73602163000072
-0.24780254226584
0.25528035855101
0.48338509082591
0.37641381275581
0.12514476174094
0.00000000000000
0.12514476174092
0.37641381275580
0.48338509082591
0.25528035855101
-0.24780254226585
-0.73602163000073
-0.89246263733920
-0.60517970520929
-0.05186366077243
0.42797543233282
0.57648198330637
0.39231338125692
0.10690977193410
-0.01405383049510
0.11390232665114
0.33065832867300
0.36876703360434
0.08222759571749
-0.41508777746991
-0.81405764746873
-0.83308509443941
-0.43015941223973
0.15867312781955
0.58550926306023
0.63639610306790
0.37157547722889
0.05712584111604
-0.05434177118100
0.07874972716513
0.26450336353162
0.24548222728178
-0.07721685208179
-0.54262421189624
-0.83514760594253
-0.71915098741871
-0.22337923903234
0.36798584866375
0.71361539132433
0.65389045591824
0.31094235253129
-0.02244341014462
-0.11544420294431
0.02804676827477
0.18897823487090
0.12626170173388
-0.21118627898702
-0.62317630405345
-0.79992006997662
-0.55986548045184
-0.00000000000003
0.55986548045184
0.79992006997660
0.62317630405345
0.21118627898707
-0.12626170173387
-0.18897823487090
-0.02804676827474
0.11544420294427
0.02244341014465
-0.31094235253124
-0.65389045591820
-0.71361539132434
-0.36798584866379
0.22337923903228
0.71915098741871
0.83514760594252
0.54262421189629
0.07721685208185
-0.24548222728178
-0.26450336353162
-0.07874972716512
0.05434177118099
-0.05712584111604
-0.37157547722890
-0.63639610306792
-0.58550926306026
-0.15867312781963
0.43015941223968
0.83308509443939
0.81405764746873
0.41508777746996
-0.08222759571749
-0.36876703360431
-0.33065832867300
-0.11390232665117
0.01405383049509
-0.10690977193410
-0.39231338125692
-0.57648198330633
-0.42797543233283
0.05186366077243
0.60517970520928
0.89246263733920
0.73602163000074
0.24780254226588
-0.25528035855100
-0.48338509082591
-0.37641381275585
-0.12514476174095
0.00000000000000
-0.12514476174093
-0.37641381275578
-0.48338509082592
-0.25528035855101
0.24780254226584
0.73602163000070
0.89246263733919
0.60517970520928
0.05186366077242
-0.42797543233279
-0.57648198330633
-0.39231338125693
-0.10690977193410
0.01405383049510
-0.11390232665113
-0.33065832867299
-0.36876703360435
-0.08222759571751
0.41508777746991
0.81405764746870
0.83308509443940
0.43015941223972
-0.15867312781957
-0.58550926306023
-0.63639610306787
-0.37157547722888
-0.05712584111603
0.05434177118099
-0.07874972716516
-0.26450336353160
-0.24548222728180
0.07721685208175
0.54262421189625
0.83514760594252
0.71915098741874
0.22337923903232
-0.36798584866373
-0.71361539132434
-0.65389045591824
-0.31094235253128
0.02244341014464
0.11544420294430
-0.02804676827478
-0.18897823487091
-0.12626170173387
0.21118627898703
0.62317630405350
0.79992006997662
0.55986548045186
0.00000000000004
-0.55986548045188
-0.79992006997661
-0.62317630405348
-0.21118627898711
0.12626170173387
0.18897823487093
0.02804676827478
-0.11544420294428
-0.02244341014463
0.31094235253125
0.65389045591818
0.71361539132433
0.36798584866374
-0.22337923903228
-0.71915098741874
-0.83514760594252
-0.54262421189623
-0.07721685208183
0.24548222728178
0.26450336353163
0.07874972716514
-0.05434177118097
0.05712584111605
0.37157547722886
0.63639610306785
0.58550926306023
0.15867312781954
-0.43015941223970
-0.83308509443936
-0.81405764746872
-0.41508777746990
0.08222759571748
0.36876703360432
0.33065832867299
0.11390232665116
-0.01405383049510
0.10690977193415
0.39231338125695
0.57648198330631
0.42797543233284
-0.05186366077245
-0.60517970520926
-0.89246263733919
-0.73602163000076
-0.24780254226586
0.25528035855098
0.48338509082588
0.37641381275579
0.12514476174094
0.00000000000000
0.12514476174090
0.37641381275582
0.48338509082590
0.25528035855103
-0.24780254226579
-0.73602163000076
-0.89246263733920
-0.60517970520931
-0.05186366077243
0.42797543233282
0.57648198330638
0.39231338125694
0.10690977193412
-0.01405383049509
0.11390232665111
0.33065832867300
0.36876703360433
0.08222759571750
-0.41508777746988
-0.81405764746874
-0.83308509443940
-0.43015941223973
0.15867312781951
0.58550926306026
0.63639610306790
0.37157547722892
0.05712584111608
-0.05434177118100
0.07874972716512
0.26450336353162
0.24548222728179
-0.07721685208181
-0.54262421189622
-0.83514760594252
-0.71915098741871
-0.22337923903230
0.36798584866371
0.71361539132432
0.65389045591823
0.31094235253127
-0.02244341014463
-0.11544420294429
0.02804676827476
0.18897823487094
0.12626170173390
-0.21118627898704
-0.62317630405343
-0.79992006997662
-0.55986548045191
0.00000000000001
0.55986548045183
0.79992006997661
0.62317630405347
0.21118627898704
-0.12626170173385
-0.18897823487090
-0.02804676827477
0.11544420294429
0.02244341014464
-0.31094235253127
-0.65389045591823
-0.71361539132435
-0.36798584866382
0.22337923903229
0.71915098741868
0.83514760594254
0.54262421189632
0.07721685208181
-0.24548222728178
-0.26450336353162
-0.07874972716518
0.05434177118099
-0.05712584111602
-0.37157547722888
-0.63639610306788
-0.58550926306025
-0.15867312781960
0.43015941223969
0.83308509443939
0.81405764746871
0.41508777746995
-0.08222759571752
-0.36876703360435
-0.33065832867303
-0.11390232665120
0.01405383049509
-0.10690977193409
-0.39231338125691
-0.57648198330633
-0.42797543233281
0.05186366077239
0.60517970520926
0.89246263733920
0.73602163000071
0.24780254226587
-0.25528035855099
-0.48338509082588
-0.37641381275576
-0.12514476174092
0.00000000000000
-0.12514476174090
-0.37641381275578
-0.48338509082588
-0.25528035855099
0.24780254226582
0.73602163000072
0.89246263733921
0.60517970520926
0.05186366077243
-0.42797543233281
-0.57648198330635
-0.39231338125689
-0.10690977193411
0.01405383049508
-0.11390232665117
-0.33065832867305
-0.36876703360435
-0.08222759571749
0.41508777746996
0.81405764746872
0.83308509443940
0.43015941223976
-0.15867312781955
-0.58550926306021
-0.63639610306790
-0.37157547722886
-0.05712584111604
0.05434177118098
-0.07874972716513
-0.26450336353164
-0.24548222728179
0.07721685208181
0.54262421189622
0.83514760594255
0.71915098741871
0.22337923903229
-0.36798584866379
-0.71361539132434
-0.65389045591826
-0.31094235253130
0.02244341014462
0.11544420294427
-0.02804676827474
-0.18897823487087
-0.12626170173387
0.21118627898705
0.62317630405344
0.79992006997662
0.55986548045186
0.00000000000000
-0.55986548045182
-0.79992006997661
-0.62317630405346
-0.21118627898707
0.12626170173384
0.18897823487089
0.02804676827479
-0.11544420294428
-0.02244341014465
0.31094235253128
0.65389045591820
0.71361539132434
0.36798584866375
-0.22337923903226
-0.71915098741869
-0.83514760594255
-0.54262421189625
-0.07721685208185
0.24548222728179
0.26450336353160
0.07874972716515
-0.05434177118099
0.05712584111603
0.37157547722894
0.63639610306792
0.58550926306028
0.15867312781962
-0.43015941223968
-0.83308509443938
-0.81405764746876
-0.41508777746992
0.08222759571747
0.36876703360433
0.33065832867304
0.11390232665114
-0.01405383049508
0.10690977193409
0.39231338125688
0.57648198330637
0.42797543233285
-0.05186366077238
-0.60517970520927
-0.89246263733920
-0.73602163000078
-0.24780254226590
0.25528035855100
0.48338509082590
0.37641381275585
0.12514476174095
0.00000000000000
0.12514476174092
0.37641381275576
0.48338509082587
0.25528035855101
-0.24780254226582
-0.73602163000069
-0.89246263733920
-0.60517970520930
-0.05186366077244
0.42797543233277
0.57648198330634
0.39231338125693
0.10690977193414
-0.01405383049510
0.11390232665113
0.33065832867296
0.36876703360434
0.08222759571751
-0.41508777746991
-0.81405764746870
-0.83308509443937
-0.43015941223974
0.15867312781954
0.58550926306021
0.63639610306787
0.37157547722889
0.05712584111604
-0.05434177118098
0.07874972716516
0.26450336353160
0.24548222728179
-0.07721685208180
-0.54262421189624
-0.83514760594251
-0.71915098741876
-0.22337923903232
0.36798584866374
0.71361539132433
0.65389045591824
0.31094235253129
-0.02244341014463
-0.11544420294430
0.02804676827480
0.18897823487091
0.12626170173388
-0.21118627898702
-0.62317630405349
-0.79992006997661
-0.55986548045185
-0.00000000000009
