0.63642788343742
0.60517970520927
0.14686941387217
0.02080325872311
0.38859356080205
0.58550926306024
0.10832104151755
-0.61123432278072
-0.77313919430832
-0.31094235253127
0.04882501627981
-0.15259291430743
-0.45772942141988
-0.18897823487091
0.52249377641674
0.87000469516073
0.48680849426114
-0.05434177118099
-0.07151244926104
0.26450336353161
0.21910062114661
-0.39231338125691
-0.88362229614025
-0.64476458567859
-0.00000000000000
0.25528035855101
-0.02776894936034
-0.18460866426111
0.24852087177439
0.81405764746873
0.75652269145383
0.09884731482351
-0.37760737480328
-0.22337923903230
0.08275488435082
-0.11992923466491
-0.67352839035548
-0.79992006997661
-0.21843056646796
0.42797543233282
0.45723324491625
0.07721685208182
0.03147017171002
0.48437538743675
0.76265780480176
0.33065832867301
-0.40794549060181
-0.64445093000752
-0.27540693816711
0.00000000000000
-0.27540693816711
-0.64445093000752
-0.40794549060181
0.33065832867301
0.76265780480176
0.48437538743676
0.03147017171002
0.07721685208182
0.45723324491625
0.42797543233282
-0.21843056646795
-0.79992006997661
-0.67352839035548
-0.11992923466491
0.08275488435082
-0.22337923903230
-0.37760737480328
0.09884731482351
0.75652269145383
0.81405764746873
0.24852087177438
-0.18460866426111
-0.02776894936034
0.25528035855101
0.00000000000000
-0.64476458567859
-0.88362229614025
-0.39231338125692
0.21910062114661
0.26450336353161
-0.07151244926104
-0.05434177118099
0.48680849426115
0.87000469516073
0.52249377641674
-0.18897823487091
-0.45772942141988
-0.15259291430743
0.04882501627981
-0.31094235253127
-0.77313919430832
-0.61123432278072
0.10832104151754
0.58550926306024
0.38859356080205
0.02080325872311
0.14686941387216
0.60517970520927
0.63642788343742
0.00000000000001
-0.63642788343742
-0.60517970520928
-0.14686941387218
-0.02080325872311
-0.38859356080204
-0.58550926306024
-0.10832104151755
0.61123432278072
0.77313919430832
0.31094235253127
-0.04882501627981
0.15259291430743
0.45772942141988
0.18897823487091
-0.52249377641675
-0.87000469516073
-0.48680849426114
0.05434177118099
0.07151244926104
-0.26450336353161
-0.21910062114660
0.39231338125692
0.88362229614025
0.64476458567859
0.00000000000000
-0.25528035855101
0.02776894936034
0.18460866426111
-0.24852087177438
-0.81405764746872
-0.75652269145382
-0.09884731482352
0.37760737480328
0.22337923903231
-0.08275488435082
0.11992923466490
0.67352839035547
0.79992006997661
0.21843056646795
-0.42797543233282
-0.45723324491626
-0.07721685208181
-0.03147017171002
-0.48437538743675
-0.76265780480176
-0.33065832867302
0.40794549060181
0.64445093000752
0.27540693816711
0.00000000000000
0.27540693816711
0.64445093000752
0.40794549060181
-0.33065832867301
-0.76265780480176
-0.48437538743676
-0.03147017171002
-0.07721685208182
-0.45723324491626
-0.42797543233282
0.21843056646794
0.79992006997661
0.67352839035549
0.11992923466491
-0.08275488435082
0.22337923903230
0.37760737480329
-0.09884731482351
-0.75652269145383
-0.81405764746873
-0.24852087177439
0.18460866426111
0.02776894936035
-0.25528035855101
-0.00000000000002
0.64476458567857
0.88362229614025
0.39231338125691
-0.21910062114660
-0.26450336353161
0.07151244926104
0.05434177118099
-0.48680849426113
-0.87000469516073
-0.52249377641676
0.18897823487089
0.45772942141988
0.15259291430743
-0.04882501627981
0.31094235253127
0.77313919430832
0.61123432278072
-0.10832104151754
-0.58550926306024
-0.38859356080205
-0.02080325872311
-0.14686941387216
-0.60517970520927
-0.63642788343743
-0.00000000000001
0.63642788343742
0.60517970520927
0.14686941387216
0.02080325872310
0.38859356080203
0.58550926306024
0.10832104151758
-0.61123432278071
-0.77313919430833
-0.31094235253129
0.04882501627981
-0.15259291430741
-0.45772942141988
-0.18897823487091
0.52249377641674
0.87000469516073
0.48680849426115
-0.05434177118098
-0.07151244926103
0.26450336353162
0.21910062114660
-0.39231338125693
-0.88362229614025
-0.64476458567859
-0.00000000000000
0.25528035855101
-0.02776894936034
-0.18460866426111
0.24852087177437
0.81405764746873
0.75652269145382
0.09884731482350
-0.37760737480328
-0.22337923903230
0.08275488435082
-0.11992923466491
-0.67352839035548
-0.79992006997661
-0.21843056646797
0.42797543233281
0.45723324491625
0.07721685208181
0.03147017171002
0.48437538743676
0.76265780480176
0.33065832867301
-0.40794549060181
-0.64445093000752
-0.27540693816712
0.00000000000000
-0.27540693816712
-0.64445093000753
-0.40794549060181
0.33065832867301
0.76265780480175
0.48437538743676
0.03147017171002
0.07721685208181
0.45723324491626
0.42797543233283
-0.21843056646791
-0.79992006997662
-0.67352839035549
-0.11992923466492
0.08275488435083
-0.22337923903227
-0.37760737480328
0.09884731482347
0.75652269145380
0.81405764746873
0.24852087177440
-0.18460866426111
-0.02776894936035
0.25528035855100
0.00000000000002
-0.64476458567859
-0.88362229614025
-0.39231338125692
0.21910062114660
0.26450336353162
-0.07151244926104
-0.05434177118099
0.48680849426115
0.87000469516073
0.52249377641674
-0.18897823487091
-0.45772942141987
-0.15259291430743
0.04882501627981
-0.31094235253127
-0.77313919430831
-0.61123432278074
0.10832104151753
0.58550926306024
0.38859356080205
0.02080325872311
0.14686941387217
0.60517970520927
0.63642788343743
0.00000000000001
-0.63642788343741
-0.60517970520928
-0.14686941387218
-0.02080325872311
-0.38859356080206
-0.58550926306024
-0.10832104151754
0.61123432278071
0.77313919430832
0.31094235253128
-0.04882501627981
0.15259291430742
0.45772942141988
0.18897823487092
-0.52249377641675
-0.87000469516073
-0.48680849426114
0.05434177118098
0.07151244926105
-0.26450336353161
-0.21910062114662
0.39231338125690
0.88362229614024
0.64476458567861
0.00000000000002
-0.25528035855101
0.02776894936034
0.18460866426111
-0.24852087177438
-0.81405764746872
-0.75652269145383
-0.09884731482349
0.37760737480327
0.22337923903229
-0.08275488435083
0.11992923466491
0.67352839035546
0.79992006997660
0.21843056646799
-0.42797543233283
-0.45723324491627
-0.07721685208182
-0.03147017171001
-0.48437538743674
-0.76265780480176
-0.33065832867303
0.40794549060181
0.64445093000753
0.27540693816711
0.00000000000000
0.27540693816711
0.64445093000751
0.40794549060182
-0.33065832867302
-0.76265780480176
-0.48437538743675
-0.03147017171003
-0.07721685208182
-0.45723324491624
-0.42797543233283
0.21843056646792
0.79992006997661
0.67352839035547
0.11992923466492
-0.08275488435082
0.22337923903229
0.37760737480328
-0.09884731482348
-0.75652269145382
-0.81405764746874
-0.24852087177439
0.18460866426111
0.02776894936034
-0.25528035855101
-0.00000000000001
0.64476458567860
0.88362229614025
0.39231338125691
-0.21910062114660
-0.26450336353162
0.07151244926103
0.05434177118100
-0.48680849426111
-0.87000469516073
-0.52249377641673
0.18897823487089
0.45772942141989
0.15259291430745
-0.04882501627981
0.31094235253127
0.77313919430831
0.61123432278073
-0.10832104151754
-0.58550926306023
-0.38859356080204
-0.02080325872311
-0.14686941387217
-0.60517970520926
-0.63642788343744
-0.00000000000003
0.63642788343741
0.60517970520926
0.14686941387219
0.02080325872311
0.38859356080202
0.58550926306025
0.10832104151755
-0.61123432278069
-0.77313919430832
-0.31094235253132
0.04882501627981
-0.15259291430738
-0.45772942141988
-0.18897823487096
0.52249377641672
0.87000469516073
0.48680849426116
-0.05434177118098
-0.07151244926106
0.26450336353159
0.21910062114662
-0.39231338125688
-0.88362229614024
-0.64476458567863
-0.00000000000004
0.25528035855101
-0.02776894936034
-0.18460866426111
0.24852087177439
0.81405764746873
0.75652269145383
0.09884731482352
-0.37760737480328
-0.22337923903231
0.08275488435081
-0.11992923466490
-0.67352839035547
-0.79992006997660
-0.21843056646798
0.42797543233283
0.45723324491627
0.07721685208180
0.03147017171001
0.48437538743677
0.76265780480176
0.33065832867301
-0.40794549060177
-0.64445093000751
-0.27540693816711
0.00000000000000
-0.27540693816711
-0.64445093000752
-0.40794549060181
0.33065832867299
0.76265780480176
0.48437538743677
0.03147017171003
0.07721685208181
0.45723324491624
0.42797543233280
-0.21843056646792
-0.79992006997661
-0.67352839035550
-0.11992923466490
0.08275488435083
-0.22337923903231
-0.37760737480329
0.09884731482352
0.75652269145379
0.81405764746873
0.24852087177439
-0.18460866426111
-0.02776894936035
0.25528035855101
0.00000000000001
-0.64476458567858
-0.88362229614025
-0.39231338125694
0.21910062114659
0.26450336353162
-0.07151244926102
-0.05434177118098
0.48680849426116
0.87000469516073
0.52249377641673
-0.18897823487091
-0.45772942141986
-0.15259291430742
0.04882501627982
-0.31094235253128
-0.77313919430832
-0.61123432278072
0.10832104151754
0.58550926306024
0.38859356080201
0.02080325872311
0.14686941387220
0.60517970520926
0.63642788343741
0.00000000000003
-0.63642788343743
-0.60517970520926
-0.14686941387215
-0.02080325872312
-0.38859356080207
-0.58550926306025
-0.10832104151754
0.61123432278073
0.77313919430831
0.31094235253127
-0.04882501627981
0.15259291430743
0.45772942141990
0.18897823487092
-0.52249377641679
-0.87000469516073
-0.48680849426111
0.05434177118097
0.07151244926102
-0.26450336353160
-0.21910062114660
0.39231338125683
0.88362229614025
0.64476458567857
0.00000000000003
-0.25528035855102
0.02776894936032
0.18460866426111
-0.24852087177434
-0.81405764746870
-0.75652269145386
-0.09884731482355
0.37760737480327
0.22337923903235
-0.08275488435082
0.11992923466486
0.67352839035547
0.79992006997663
0.21843056646797
-0.42797543233280
-0.45723324491628
-0.07721685208183
-0.03147017171001
-0.48437538743672
-0.76265780480175
-0.33065832867305
0.40794549060179
0.64445093000754
0.27540693816715
0.00000000000000
0.27540693816708
0.64445093000753
0.40794549060186
-0.33065832867301
-0.76265780480175
-0.48437538743677
-0.03147017171002
-0.07721685208181
-0.45723324491625
-0.42797543233282
0.21843056646795
0.79992006997660
0.67352839035550
0.11992923466493
-0.08275488435082
0.22337923903232
0.37760737480328
-0.09884731482351
-0.75652269145380
-0.81405764746872
-0.24852087177443
0.18460866426111
0.02776894936039
-0.25528035855102
-0.00000000000006
0.64476458567858
0.88362229614025
0.39231338125693
-0.21910062114660
-0.26450336353161
0.07151244926102
0.05434177118100
-0.48680849426112
-0.87000469516073
-0.52249377641677
0.18897823487087
0.45772942141990
0.15259291430741
-0.04882501627982
0.31094235253128
0.77313919430829
0.61123432278073
-0.10832104151748
-0.58550926306024
-0.38859356080210
-0.02080325872312
-0.14686941387216
-0.60517970520927
-0.63642788343742
-0.00000000000002
0.63642788343741
0.60517970520928
0.14686941387219
0.02080325872310
0.38859356080202
0.58550926306024
0.10832104151759
-0.61123432278068
-0.77313919430831
-0.31094235253126
0.04882501627982
-0.15259291430743
-0.45772942141989
-0.18897823487090
0.52249377641674
0.87000469516073
0.48680849426115
-0.05434177118097
-0.07151244926101
0.26450336353159
0.21910062114659
-0.39231338125689
-0.88362229614026
-0.64476458567861
0.00000000000001
0.25528035855101
-0.02776894936038
-0.18460866426111
0.24852087177440
0.81405764746873
0.75652269145382
0.09884731482349
-0.37760737480326
-0.22337923903230
0.08275488435083
-0.11992923466490
-0.67352839035547
-0.79992006997661
-0.21843056646796
0.42797543233281
0.45723324491624
0.07721685208182
0.03147017171003
0.48437538743674
0.76265780480176
0.33065832867304
-0.40794549060184
-0.64445093000754
-0.27540693816710
0.00000000000000
-0.27540693816713
-0.64445093000752
-0.40794549060179
0.33065832867302
0.76265780480176
0.48437538743676
0.03147017171000
0.07721685208181
0.45723324491626
0.42797543233284
-0.21843056646799
-0.79992006997661
-0.67352839035550
-0.11992923466488
0.08275488435082
-0.22337923903234
-0.37760737480331
0.09884731482352
0.75652269145383
0.81405764746872
0.24852087177448
-0.18460866426111
-0.02776894936033
0.25528035855100
-0.00000000000004
-0.64476458567863
-0.88362229614026
-0.39231338125699
0.21910062114662
0.26450336353164
-0.07151244926101
-0.05434177118103
0.48680849426112
0.87000469516073
0.52249377641683
-0.18897823487088
-0.45772942141988
-0.15259291430746
0.04882501627981
-0.31094235253129
-0.77313919430830
-0.61123432278075
0.10832104151744
0.58550926306024
0.38859356080209
0.02080325872313
0.14686941387216
0.60517970520927
0.63642788343745
0.00000000000009
-0.63642788343741
-0.60517970520928
-0.14686941387222
-0.02080325872309
-0.38859356080202
-0.58550926306024
-0.10832104151763
0.61123432278074
0.77313919430834
0.31094235253131
-0.04882501627981
0.15259291430744
0.45772942141986
0.18897823487095
-0.52249377641675
-0.87000469516073
-0.48680849426120
0.05434177118095
0.07151244926105
-0.26450336353162
-0.21910062114663
0.39231338125685
0.88362229614025
0.64476458567861
0.00000000000002
-0.25528035855101
0.02776894936031
0.18460866426111
-0.24852087177434
-0.81405764746874
-0.75652269145385
-0.09884731482355
0.37760737480327
0.22337923903229
-0.08275488435083
0.11992923466487
0.67352839035548
0.79992006997662
0.21843056646795
-0.42797543233280
-0.45723324491628
-0.07721685208183
-0.03147017171001
-0.48437538743669
-0.76265780480176
-0.33065832867306
0.40794549060176
0.64445093000751
0.27540693816709
0.00000000000000
0.27540693816709
0.64445093000753
0.40794549060181
-0.33065832867295
-0.76265780480175
-0.48437538743676
-0.03147017171002
-0.07721685208177
-0.45723324491628
-0.42797543233281
0.21843056646794
0.79992006997658
0.67352839035545
0.11992923466493
-0.08275488435082
0.22337923903224
0.37760737480328
-0.09884731482348
-0.75652269145380
-0.81405764746872
-0.24852087177437
0.18460866426110
0.02776894936036
-0.25528035855100
0.00000000000001
0.64476458567855
0.88362229614026
0.39231338125691
-0.21910062114658
-0.26450336353159
0.07151244926109
0.05434177118099
-0.48680849426113
-0.87000469516073
-0.52249377641671
0.18897823487089
0.45772942141988
0.15259291430744
-0.04882501627982
0.31094235253129
0.77313919430830
0.61123432278069
-0.10832104151757
-0.58550926306022
-0.38859356080212
-0.02080325872313
-0.14686941387217
-0.60517970520925
-0.63642788343746
-0.00000000000005
0.63642788343742
0.60517970520932
0.14686941387218
0.02080325872313
0.38859356080204
0.58550926306025
0.10832104151757
-0.61123432278075
-0.77313919430834
-0.31094235253135
0.04882501627981
-0.15259291430746
-0.45772942141989
-0.18897823487091
0.52249377641678
0.87000469516075
0.48680849426119
-0.05434177118099
-0.07151244926100
0.26450336353154
0.21910062114664
-0.39231338125691
-0.88362229614026
-0.64476458567870
0.00000000000004
0.25528035855101
-0.02776894936038
-0.18460866426112
0.24852087177440
0.81405764746871
0.75652269145383
0.09884731482355
-0.37760737480329
-0.22337923903234
0.08275488435083
-0.11992923466488
-0.67352839035548
-0.79992006997663
-0.21843056646797
0.42797543233281
0.45723324491625
0.07721685208185
0.03147017171006
0.48437538743669
0.76265780480177
0.33065832867309
-0.40794549060186
-0.64445093000755
-0.27540693816713
0.00000000000000
-0.27540693816718
-0.64445093000753
-0.40794549060184
0.33065832867303
0.76265780480175
0.48437538743675
0.03147017171004
0.07721685208182
0.45723324491630
0.42797543233283
-0.21843056646788
-0.79992006997661
-0.67352839035544
-0.11992923466492
0.08275488435080
-0.22337923903230
-0.37760737480330
0.09884731482349
0.75652269145385
0.81405764746874
0.24852087177436
-0.18460866426110
-0.02776894936033
0.25528035855102
0.00000000000002
-0.64476458567865
-0.88362229614025
-0.39231338125697
0.21910062114659
0.26450336353157
-0.07151244926105
-0.05434177118102
0.48680849426113
0.87000469516074
0.52249377641675
-0.18897823487086
-0.45772942141985
-0.15259291430741
0.04882501627981
-0.31094235253120
-0.77313919430837
-0.61123432278073
0.10832104151751
0.58550926306024
0.38859356080199
0.02080325872310
0.14686941387206
0.60517970520928
0.63642788343741
0.00000000000001
-0.63642788343738
-0.60517970520929
-0.14686941387221
-0.02080325872311
-0.38859356080201
-0.58550926306023
-0.10832104151763
0.61123432278068
0.77313919430835
0.31094235253130
-0.04882501627981
0.15259291430741
0.45772942141983
0.18897823487094
-0.52249377641665
-0.87000469516073
-0.48680849426124
0.05434177118096
0.07151244926112
-0.26450336353163
-0.21910062114659
0.39231338125685
0.88362229614022
0.64476458567856
0.00000000000002
-0.25528035855102
0.02776894936024
0.18460866426111
-0.24852087177436
-0.81405764746868
-0.75652269145384
-0.09884731482349
0.37760737480327
0.22337923903237
-0.08275488435080
0.11992923466492
0.67352839035544
0.79992006997665
0.21843056646801
-0.42797543233280
-0.45723324491627
-0.07721685208181
-0.03147017171000
-0.48437538743675
-0.76265780480176
-0.33065832867301
0.40794549060177
0.64445093000752
0.27540693816717
0.00000000000000
0.27540693816704
0.64445093000752
0.40794549060177
-0.33065832867300
-0.76265780480176
-0.48437538743679
-0.03147017171002
-0.07721685208179
-0.45723324491620
-0.42797543233287
0.21843056646796
0.79992006997660
0.67352839035557
0.11992923466487
-0.08275488435082
0.22337923903235
0.37760737480329
-0.09884731482354
-0.75652269145381
-0.81405764746871
-0.24852087177439
0.18460866426110
0.02776894936035
-0.25528035855104
-0.00000000000003
0.64476458567860
0.88362229614026
0.39231338125693
-0.21910062114660
-0.26450336353161
0.07151244926101
0.05434177118098
-0.48680849426109
-0.87000469516073
-0.52249377641682
0.18897823487091
0.45772942141991
0.15259291430743
-0.04882501627982
0.31094235253135
0.77313919430828
0.61123432278075
-0.10832104151757
-0.58550926306022
-0.38859356080212
-0.02080325872312
-0.14686941387218
-0.60517970520932
-0.63642788343745
-0.00000000000006
