0.62769207091220
0.65089844285564
0.21539111618014
-0.01405383049509
0.24780254226584
0.53339565348846
0.26715447206560
-0.43015941223972
-0.85073088804934
-0.58905764746873
-0.04538318031571
0.11544420294429
-0.16855996789655
-0.30739396812279
0.11390232665115
0.73602163000073
0.85744933482560
0.33580191368054
-0.22783643367183
-0.26450336353161
0.04864179515066
0.07180477503916
-0.40211101227448
-0.83514760594253
-0.63639610306789
0.05254303373556
0.51839839333949
0.37641381275580
0.02876667746121
0.08594235253127
0.52649893360242
0.71361539132434
0.24911206005376
-0.46709352980836
-0.71915098741871
-0.37157547722888
-0.00529721039538
-0.12293558972818
-0.48010389902664
-0.42797543233282
0.19016088329764
0.78245706611844
0.74205009266346
0.21118627898705
-0.12626170173386
0.05473605590515
0.31693840288367
0.08222759571749
-0.55338499999514
-0.90000000000000
-0.55338499999515
0.08222759571749
0.31693840288367
0.05473605590515
-0.12626170173387
0.21118627898704
0.74205009266345
0.78245706611844
0.19016088329764
-0.42797543233282
-0.48010389902664
-0.12293558972818
-0.00529721039538
-0.37157547722888
-0.71915098741871
-0.46709352980836
0.24911206005375
0.71361539132434
0.52649893360242
0.08594235253128
0.02876667746121
0.37641381275580
0.51839839333949
0.05254303373556
-0.63639610306789
-0.83514760594253
-0.40211101227448
0.07180477503916
0.04864179515067
-0.26450336353161
-0.22783643367183
0.33580191368053
0.85744933482560
0.73602163000073
0.11390232665115
-0.30739396812279
-0.16855996789655
0.11544420294429
-0.04538318031571
-0.58905764746873
-0.85073088804934
-0.43015941223972
0.26715447206560
0.53339565348846
0.24780254226584
-0.01405383049509
0.21539111618014
0.65089844285563
0.62769207091219
-0.00000000000000
-0.62769207091220
-0.65089844285564
-0.21539111618015
0.01405383049509
-0.24780254226584
-0.53339565348847
-0.26715447206560
0.43015941223971
0.85073088804934
0.58905764746872
0.04538318031570
-0.11544420294430
0.16855996789655
0.30739396812279
-0.11390232665116
-0.73602163000073
-0.85744933482560
-0.33580191368054
0.22783643367182
0.26450336353162
-0.04864179515067
-0.07180477503916
0.40211101227448
0.83514760594252
0.63639610306790
-0.05254303373556
-0.51839839333949
-0.37641381275580
-0.02876667746121
-0.08594235253127
-0.52649893360243
-0.71361539132433
-0.24911206005375
0.46709352980836
0.71915098741871
0.37157547722888
0.00529721039538
0.12293558972817
0.48010389902664
0.42797543233282
-0.19016088329763
-0.78245706611843
-0.74205009266346
-0.21118627898705
0.12626170173386
-0.05473605590516
-0.31693840288367
-0.08222759571750
0.55338499999515
0.90000000000000
0.55338499999515
-0.08222759571749
-0.31693840288367
-0.05473605590514
0.12626170173386
-0.21118627898705
-0.74205009266345
-0.78245706611844
-0.19016088329764
0.42797543233282
0.48010389902664
0.12293558972818
0.00529721039537
0.37157547722888
0.71915098741870
0.46709352980836
-0.24911206005376
-0.71361539132434
-0.52649893360242
-0.08594235253128
-0.02876667746121
-0.37641381275580
-0.51839839333949
-0.05254303373557
0.63639610306788
0.83514760594253
0.40211101227447
-0.07180477503916
-0.04864179515066
0.26450336353162
0.22783643367183
-0.33580191368053
-0.85744933482560
-0.73602163000074
-0.11390232665115
0.30739396812279
0.16855996789654
-0.11544420294429
0.04538318031571
0.58905764746873
0.85073088804935
0.43015941223972
-0.26715447206559
-0.53339565348847
-0.24780254226584
0.01405383049509
-0.21539111618014
-0.65089844285564
-0.62769207091220
0.00000000000001
0.62769207091219
0.65089844285564
0.21539111618014
-0.01405383049509
0.24780254226584
0.53339565348846
0.26715447206562
-0.43015941223973
-0.85073088804935
-0.58905764746873
-0.04538318031571
0.11544420294429
-0.16855996789654
-0.30739396812279
0.11390232665113
0.73602163000072
0.85744933482561
0.33580191368055
-0.22783643367184
-0.26450336353161
0.04864179515065
0.07180477503915
-0.40211101227448
-0.83514760594252
-0.63639610306792
0.05254303373556
0.51839839333948
0.37641381275582
0.02876667746121
0.08594235253128
0.52649893360242
0.71361539132433
0.24911206005376
-0.46709352980836
-0.71915098741870
-0.37157547722889
-0.00529721039538
-0.12293558972817
-0.48010389902664
-0.42797543233284
0.19016088329762
0.78245706611845
0.74205009266345
0.21118627898706
-0.12626170173387
0.05473605590515
0.31693840288367
0.08222759571752
-0.55338499999515
-0.90000000000000
-0.55338499999515
0.08222759571750
0.31693840288367
0.05473605590515
-0.12626170173387
0.21118627898704
0.74205009266345
0.78245706611844
0.19016088329766
-0.42797543233281
-0.48010389902664
-0.12293558972817
-0.00529721039538
-0.37157547722887
-0.71915098741872
-0.46709352980836
0.24911206005374
0.71361539132433
0.52649893360242
0.08594235253128
0.02876667746120
0.37641381275580
0.51839839333950
0.05254303373556
-0.63639610306789
-0.83514760594253
-0.40211101227448
0.07180477503916
0.04864179515067
-0.26450336353159
-0.22783643367183
0.33580191368052
0.85744933482560
0.73602163000074
0.11390232665114
-0.30739396812279
-0.16855996789656
0.11544420294429
-0.04538318031571
-0.58905764746871
-0.85073088804935
-0.43015941223973
0.26715447206559
0.53339565348847
0.24780254226584
-0.01405383049509
0.21539111618014
0.65089844285564
0.62769207091221
0.00000000000001
-0.62769207091219
-0.65089844285564
-0.21539111618017
0.01405383049509
-0.24780254226586
-0.53339565348846
-0.26715447206561
0.43015941223973
0.85073088804934
0.58905764746874
0.04538318031571
-0.11544420294429
0.16855996789654
0.30739396812279
-0.11390232665115
-0.73602163000072
-0.85744933482561
-0.33580191368054
0.22783643367183
0.26450336353162
-0.04864179515067
-0.07180477503917
0.40211101227445
0.83514760594253
0.63639610306791
-0.05254303373551
-0.51839839333949
-0.37641381275581
-0.02876667746121
-0.08594235253125
-0.52649893360240
-0.71361539132433
-0.24911206005378
0.46709352980837
0.71915098741870
0.37157547722888
0.00529721039538
0.12293558972818
0.48010389902663
0.42797543233281
-0.19016088329760
-0.78245706611843
-0.74205009266346
-0.21118627898705
0.12626170173387
-0.05473605590512
-0.31693840288367
-0.08222759571751
0.55338499999514
0.90000000000000
0.55338499999516
-0.08222759571746
-0.31693840288368
-0.05473605590514
0.12626170173387
-0.21118627898705
-0.74205009266345
-0.78245706611844
-0.19016088329767
0.42797543233282
0.48010389902666
0.12293558972820
0.00529721039537
0.37157547722888
0.71915098741871
0.46709352980839
-0.24911206005375
-0.71361539132433
-0.52649893360242
-0.08594235253127
-0.02876667746122
-0.37641381275577
-0.51839839333950
-0.05254303373554
0.63639610306789
0.83514760594253
0.40211101227450
-0.07180477503916
-0.04864179515068
0.26450336353162
0.22783643367185
-0.33580191368051
-0.85744933482560
-0.73602163000073
-0.11390232665114
0.30739396812279
0.16855996789654
-0.11544420294428
0.04538318031570
0.58905764746873
0.85073088804934
0.43015941223976
-0.26715447206560
-0.53339565348846
-0.24780254226585
0.01405383049509
-0.21539111618013
-0.65089844285563
-0.62769207091222
0.00000000000001
0.62769207091218
0.65089844285565
0.21539111618016
-0.01405383049509
0.24780254226583
0.53339565348848
0.26715447206559
-0.43015941223970
-0.85073088804935
-0.58905764746873
-0.04538318031570
0.11544420294431
-0.16855996789655
-0.30739396812280
0.11390232665114
0.73602163000075
0.85744933482561
0.33580191368052
-0.22783643367182
-0.26450336353163
0.04864179515066
0.07180477503916
-0.40211101227444
-0.83514760594254
-0.63639610306792
0.05254303373554
0.51839839333950
0.37641381275579
0.02876667746121
0.08594235253126
0.52649893360240
0.71361539132434
0.24911206005376
-0.46709352980833
-0.71915098741871
-0.37157547722891
-0.00529721039538
-0.12293558972821
-0.48010389902660
-0.42797543233282
0.19016088329765
0.78245706611843
0.74205009266347
0.21118627898701
-0.12626170173386
0.05473605590517
0.31693840288369
0.08222759571751
-0.55338499999518
-0.90000000000000
-0.55338499999514
0.08222759571750
0.31693840288369
0.05473605590516
-0.12626170173386
0.21118627898700
0.74205009266346
0.78245706611844
0.19016088329767
-0.42797543233284
-0.48010389902664
-0.12293558972818
-0.00529721039537
-0.37157547722890
-0.71915098741870
-0.46709352980838
0.24911206005374
0.71361539132434
0.52649893360245
0.08594235253126
0.02876667746120
0.37641381275578
0.51839839333949
0.05254303373561
-0.63639610306790
-0.83514760594254
-0.40211101227450
0.07180477503915
0.04864179515066
-0.26450336353159
-0.22783643367182
0.33580191368051
0.85744933482559
0.73602163000070
0.11390232665121
-0.30739396812279
-0.16855996789652
0.11544420294428
-0.04538318031569
-0.58905764746872
-0.85073088804934
-0.43015941223971
0.26715447206561
0.53339565348847
0.24780254226581
-0.01405383049508
0.21539111618015
0.65089844285564
0.62769207091221
0.00000000000003
-0.62769207091219
-0.65089844285564
-0.21539111618014
0.01405383049509
-0.24780254226582
-0.53339565348846
-0.26715447206561
0.43015941223972
0.85073088804934
0.58905764746871
0.04538318031573
-0.11544420294430
0.16855996789659
0.30739396812280
-0.11390232665116
-0.73602163000074
-0.85744933482561
-0.33580191368056
0.22783643367183
0.26450336353165
-0.04864179515067
-0.07180477503917
0.40211101227445
0.83514760594254
0.63639610306794
-0.05254303373555
-0.51839839333947
-0.37641381275583
-0.02876667746122
-0.08594235253129
-0.52649893360237
-0.71361539132433
-0.24911206005376
0.46709352980833
0.71915098741869
0.37157547722889
0.00529721039538
0.12293558972818
0.48010389902665
0.42797543233284
-0.19016088329763
-0.78245706611841
-0.74205009266346
-0.21118627898704
0.12626170173387
-0.05473605590518
-0.31693840288365
-0.08222759571750
0.55338499999514
0.90000000000000
0.55338499999519
-0.08222759571747
-0.31693840288366
-0.05473605590516
0.12626170173387
-0.21118627898706
-0.74205009266343
-0.78245706611845
-0.19016088329762
0.42797543233280
0.48010389902665
0.12293558972816
0.00529721039537
0.37157547722886
0.71915098741872
0.46709352980836
-0.24911206005375
-0.71361539132433
-0.52649893360245
-0.08594235253126
-0.02876667746118
-0.37641381275579
-0.51839839333950
-0.05254303373560
0.63639610306786
0.83514760594253
0.40211101227449
-0.07180477503916
-0.04864179515065
0.26450336353160
0.22783643367182
-0.33580191368052
-0.85744933482560
-0.73602163000073
-0.11390232665114
0.30739396812278
0.16855996789658
-0.11544420294429
0.04538318031570
0.58905764746873
0.85073088804934
0.43015941223975
-0.26715447206557
-0.53339565348847
-0.24780254226589
0.01405383049509
-0.21539111618011
-0.65089844285562
-0.62769207091218
-0.00000000000001
0.62769207091219
0.65089844285562
0.21539111618017
-0.01405383049509
0.24780254226587
0.53339565348844
0.26715447206561
-0.43015941223971
-0.85073088804935
-0.58905764746870
-0.04538318031574
0.11544420294430
-0.16855996789656
-0.30739396812278
0.11390232665112
0.73602163000075
0.85744933482563
0.33580191368055
-0.22783643367182
-0.26450336353165
0.04864179515068
0.07180477503917
-0.40211101227447
-0.83514760594253
-0.63639610306789
0.05254303373551
0.51839839333947
0.37641381275581
0.02876667746122
0.08594235253127
0.52649893360243
0.71361539132432
0.24911206005380
-0.46709352980835
-0.71915098741870
-0.37157547722887
-0.00529721039539
-0.12293558972814
-0.48010389902661
-0.42797543233283
0.19016088329764
0.78245706611843
0.74205009266348
0.21118627898708
-0.12626170173386
0.05473605590509
0.31693840288366
0.08222759571749
-0.55338499999511
-0.90000000000000
-0.55338499999513
0.08222759571743
0.31693840288363
0.05473605590515
-0.12626170173386
0.21118627898702
0.74205009266344
0.78245706611844
0.19016088329765
-0.42797543233277
-0.48010389902662
-0.12293558972821
-0.00529721039536
-0.37157547722887
-0.71915098741870
-0.46709352980841
0.24911206005370
0.71361539132432
0.52649893360242
0.08594235253128
0.02876667746119
0.37641381275580
0.51839839333949
0.05254303373558
-0.63639610306789
-0.83514760594253
-0.40211101227448
0.07180477503914
0.04864179515066
-0.26450336353158
-0.22783643367186
0.33580191368047
0.85744933482559
0.73602163000076
0.11390232665119
-0.30739396812278
-0.16855996789654
0.11544420294429
-0.04538318031568
-0.58905764746875
-0.85073088804935
-0.43015941223978
0.26715447206555
0.53339565348846
0.24780254226588
-0.01405383049509
0.21539111618017
0.65089844285563
0.62769207091221
0.00000000000007
-0.62769207091220
-0.65089844285565
-0.21539111618020
0.01405383049509
-0.24780254226583
-0.53339565348844
-0.26715447206563
0.43015941223975
0.85073088804935
0.58905764746873
0.04538318031574
-0.11544420294429
0.16855996789652
0.30739396812280
-0.11390232665114
-0.73602163000072
-0.85744933482560
-0.33580191368059
0.22783643367183
0.26450336353158
-0.04864179515063
-0.07180477503917
0.40211101227454
0.83514760594251
0.63639610306792
-0.05254303373555
-0.51839839333950
-0.37641381275580
-0.02876667746122
-0.08594235253128
-0.52649893360244
-0.71361539132434
-0.24911206005383
0.46709352980836
0.71915098741872
0.37157547722891
0.00529721039537
0.12293558972817
0.48010389902662
0.42797543233282
-0.19016088329766
-0.78245706611845
-0.74205009266347
-0.21118627898711
0.12626170173387
-0.05473605590518
-0.31693840288369
-0.08222759571747
0.55338499999513
0.90000000000000
0.55338499999521
-0.08222759571750
-0.31693840288368
-0.05473605590516
0.12626170173387
-0.21118627898704
-0.74205009266345
-0.78245706611846
-0.19016088329761
0.42797543233284
0.48010389902665
0.12293558972821
0.00529721039538
0.37157547722885
0.71915098741870
0.46709352980839
-0.24911206005374
-0.71361539132433
-0.52649893360241
-0.08594235253127
-0.02876667746123
-0.37641381275574
-0.51839839333951
-0.05254303373549
0.63639610306787
0.83514760594255
0.40211101227451
-0.07180477503916
-0.04864179515065
0.26450336353164
0.22783643367184
-0.33580191368055
-0.85744933482559
-0.73602163000078
-0.11390232665116
0.30739396812278
0.16855996789658
-0.11544420294429
0.04538318031572
0.58905764746871
0.85073088804934
0.43015941223965
-0.26715447206562
-0.53339565348846
-0.24780254226590
0.01405383049509
-0.21539111618014
-0.65089844285562
-0.62769207091222
0.00000000000003
0.62769207091219
0.65089844285568
0.21539111618010
-0.01405383049510
0.24780254226581
0.53339565348847
0.26715447206562
-0.43015941223972
-0.85073088804935
-0.58905764746877
-0.04538318031570
0.11544420294427
-0.16855996789651
-0.30739396812280
0.11390232665114
0.73602163000070
0.85744933482562
0.33580191368055
-0.22783643367182
-0.26450336353161
0.04864179515060
0.07180477503915
-0.40211101227445
-0.83514760594250
-0.63639610306788
0.05254303373555
0.51839839333948
0.37641381275581
0.02876667746120
0.08594235253126
0.52649893360242
0.71361539132434
0.24911206005374
-0.46709352980834
-0.71915098741872
-0.37157547722885
-0.00529721039539
-0.12293558972814
-0.48010389902661
-0.42797543233283
0.19016088329761
0.78245706611843
0.74205009266347
0.21118627898705
-0.12626170173385
0.05473605590509
0.31693840288369
0.08222759571748
-0.55338499999508
-0.90000000000000
-0.55338499999508
0.08222759571748
0.31693840288368
0.05473605590517
-0.12626170173386
0.21118627898705
0.74205009266340
0.78245706611843
0.19016088329771
-0.42797543233279
-0.48010389902666
-0.12293558972821
-0.00529721039537
-0.37157547722886
-0.71915098741871
-0.46709352980838
0.24911206005374
0.71361539132434
0.52649893360241
0.08594235253126
0.02876667746118
0.37641381275575
0.51839839333949
0.05254303373562
-0.63639610306785
-0.83514760594250
-0.40211101227449
0.07180477503913
0.04864179515064
-0.26450336353162
-0.22783643367186
0.33580191368056
0.85744933482557
0.73602163000077
0.11390232665109
-0.30739396812279
-0.16855996789659
0.11544420294433
-0.04538318031570
-0.58905764746863
-0.85073088804935
-0.43015941223972
0.26715447206554
0.53339565348843
0.24780254226580
-0.01405383049508
0.21539111618020
0.65089844285569
0.62769207091221
0.00000000000013
-0.62769207091217
-0.65089844285565
-0.21539111618022
0.01405383049509
-0.24780254226579
-0.53339565348842
-0.26715447206559
0.43015941223965
0.85073088804934
0.58905764746875
0.04538318031572
-0.11544420294434
0.16855996789654
0.30739396812279
-0.11390232665106
-0.73602163000074
-0.85744933482559
-0.33580191368060
0.22783643367182
0.26450336353159
-0.04864179515062
-0.07180477503918
0.40211101227446
0.83514760594253
0.63639610306791
-0.05254303373554
-0.51839839333949
-0.37641381275577
-0.02876667746125
-0.08594235253124
-0.52649893360247
-0.71361539132434
-0.24911206005379
0.46709352980833
0.71915098741872
0.37157547722889
0.00529721039537
0.12293558972812
0.48010389902666
0.42797543233283
-0.19016088329755
-0.78245706611841
-0.74205009266341
-0.21118627898708
0.12626170173386
-0.05473605590513
-0.31693840288367
-0.08222759571756
0.55338499999505
0.90000000000000
0.55338499999522
-0.08222759571744
-0.31693840288367
-0.05473605590521
0.12626170173387
-0.21118627898701
-0.74205009266344
-0.78245706611845
-0.19016088329766
0.42797543233276
0.48010389902671
0.12293558972816
0.00529721039536
0.37157547722882
0.71915098741873
0.46709352980840
-0.24911206005361
-0.71361539132433
-0.52649893360243
-0.08594235253134
-0.02876667746126
-0.37641381275581
-0.51839839333950
-0.05254303373555
0.63639610306791
0.83514760594255
0.40211101227443
-0.07180477503913
-0.04864179515070
0.26450336353159
0.22783643367184
-0.33580191368054
-0.85744933482561
-0.73602163000072
-0.11390232665125
0.30739396812279
0.16855996789651
-0.11544420294428
0.04538318031560
0.58905764746879
0.85073088804935
0.43015941223985
-0.26715447206559
-0.53339565348845
-0.24780254226592
0.01405383049510
-0.21539111618016
-0.65089844285558
-0.62769207091222
-0.00000000000006
