0.59162963703457
0.75839565348847
0.45859459485297
0.04802786585691
-0.08275488435082
0.11080191368054
0.30179074915545
0.14266881007810
-0.35860419489143
-0.81405764746873
-0.81394251744256
-0.32090331863555
0.28517424630096
0.55745706611844
0.38859356080205
0.08124447308371
0.02106340723841
0.27973605590515
0.54184570621650
0.42797543233282
-0.10613126625435
-0.69209352980836
-0.87659191182244
-0.53988588155700
0.00000000000000
0.29680477503916
0.19594150698576
-0.04354283413630
-0.03820960698767
0.31094235253127
0.69854327528041
0.70653262635952
0.22282757337849
-0.42589844285564
-0.76265780480176
-0.59363148104092
-0.16865157912397
0.08239396812279
-0.02557917409714
-0.26450336353161
-0.24370715918859
0.17245696626445
0.69739727330127
0.87708746012554
0.52249377641674
-0.10206441027182
-0.52017346143268
-0.48129251687738
-0.17188429879710
0.00000000000000
-0.17188429879710
-0.48129251687738
-0.52017346143268
-0.10206441027183
0.52249377641674
0.87708746012554
0.69739727330127
0.17245696626444
-0.24370715918859
-0.26450336353161
-0.02557917409714
0.08239396812279
-0.16865157912397
-0.59363148104092
-0.76265780480176
-0.42589844285564
0.22282757337848
0.70653262635952
0.69854327528041
0.31094235253128
-0.03820960698767
-0.04354283413630
0.19594150698576
0.29680477503916
0.00000000000000
-0.53988588155700
-0.87659191182244
-0.69209352980836
-0.10613126625435
0.42797543233282
0.54184570621651
0.27973605590515
0.02106340723841
0.08124447308372
0.38859356080205
0.55745706611844
0.28517424630096
-0.32090331863554
-0.81394251744256
-0.81405764746873
-0.35860419489144
0.14266881007809
0.30179074915545
0.11080191368053
-0.08275488435082
0.04802786585691
0.45859459485297
0.75839565348846
0.59162963703457
-0.00000000000000
-0.59162963703457
-0.75839565348847
-0.45859459485298
-0.04802786585691
0.08275488435082
-0.11080191368053
-0.30179074915545
-0.14266881007810
0.35860419489142
0.81405764746873
0.81394251744256
0.32090331863555
-0.28517424630095
-0.55745706611844
-0.38859356080205
-0.08124447308371
-0.02106340723841
-0.27973605590515
-0.54184570621650
-0.42797543233282
0.10613126625436
0.69209352980836
0.87659191182244
0.53988588155700
0.00000000000001
-0.29680477503916
-0.19594150698577
0.04354283413629
0.03820960698767
-0.31094235253126
-0.69854327528040
-0.70653262635952
-0.22282757337848
0.42589844285563
0.76265780480176
0.59363148104092
0.16865157912397
-0.08239396812279
0.02557917409715
0.26450336353161
0.24370715918859
-0.17245696626445
-0.69739727330128
-0.87708746012554
-0.52249377641674
0.10206441027182
0.52017346143268
0.48129251687739
0.17188429879710
0.00000000000000
0.17188429879709
0.48129251687738
0.52017346143268
0.10206441027183
-0.52249377641674
-0.87708746012554
-0.69739727330127
-0.17245696626444
0.24370715918859
0.26450336353161
0.02557917409714
-0.08239396812279
0.16865157912397
0.59363148104092
0.76265780480176
0.42589844285562
-0.22282757337849
-0.70653262635953
-0.69854327528041
-0.31094235253127
0.03820960698767
0.04354283413630
-0.19594150698575
-0.29680477503916
-0.00000000000001
0.53988588155699
0.87659191182244
0.69209352980836
0.10613126625436
-0.42797543233282
-0.54184570621651
-0.27973605590516
-0.02106340723841
-0.08124447308371
-0.38859356080203
-0.55745706611844
-0.28517424630095
0.32090331863556
0.81394251744256
0.81405764746872
0.35860419489144
-0.14266881007810
-0.30179074915545
-0.11080191368054
0.08275488435082
-0.04802786585691
-0.45859459485296
-0.75839565348846
-0.59162963703457
0.00000000000000
0.59162963703457
0.75839565348847
0.45859459485297
0.04802786585692
-0.08275488435082
0.11080191368053
0.30179074915545
0.14266881007810
-0.35860419489144
-0.81405764746872
-0.81394251744256
-0.32090331863556
0.28517424630095
0.55745706611844
0.38859356080206
0.08124447308372
0.02106340723841
0.27973605590513
0.54184570621651
0.42797543233282
-0.10613126625436
-0.69209352980836
-0.87659191182244
-0.53988588155701
-0.00000000000000
0.29680477503916
0.19594150698575
-0.04354283413629
-0.03820960698768
0.31094235253127
0.69854327528041
0.70653262635952
0.22282757337849
-0.42589844285564
-0.76265780480176
-0.59363148104093
-0.16865157912398
0.08239396812279
-0.02557917409714
-0.26450336353161
-0.24370715918859
0.17245696626445
0.69739727330127
0.87708746012554
0.52249377641674
-0.10206441027182
-0.52017346143268
-0.48129251687738
-0.17188429879711
0.00000000000000
-0.17188429879710
-0.48129251687738
-0.52017346143269
-0.10206441027184
0.52249377641673
0.87708746012554
0.69739727330129
0.17245696626447
-0.24370715918858
-0.26450336353163
-0.02557917409717
0.08239396812278
-0.16865157912398
-0.59363148104092
-0.76265780480176
-0.42589844285563
0.22282757337848
0.70653262635951
0.69854327528042
0.31094235253128
-0.03820960698767
-0.04354283413630
0.19594150698576
0.29680477503916
0.00000000000000
-0.53988588155700
-0.87659191182243
-0.69209352980835
-0.10613126625436
0.42797543233282
0.54184570621651
0.27973605590515
0.02106340723840
0.08124447308372
0.38859356080205
0.55745706611844
0.28517424630096
-0.32090331863555
-0.81394251744256
-0.81405764746872
-0.35860419489143
0.14266881007809
0.30179074915545
0.11080191368053
-0.08275488435082
0.04802786585690
0.45859459485295
0.75839565348846
0.59162963703458
0.00000000000002
-0.59162963703456
-0.75839565348847
-0.45859459485299
-0.04802786585693
0.08275488435081
-0.11080191368054
-0.30179074915544
-0.14266881007810
0.35860419489144
0.81405764746873
0.81394251744256
0.32090331863557
-0.28517424630095
-0.55745706611844
-0.38859356080204
-0.08124447308371
-0.02106340723842
-0.27973605590517
-0.54184570621650
-0.42797543233282
0.10613126625435
0.69209352980836
0.87659191182244
0.53988588155702
0.00000000000000
-0.29680477503914
-0.19594150698577
0.04354283413629
0.03820960698767
-0.31094235253126
-0.69854327528039
-0.70653262635951
-0.22282757337850
0.42589844285564
0.76265780480175
0.59363148104091
0.16865157912399
-0.08239396812279
0.02557917409712
0.26450336353161
0.24370715918860
-0.17245696626443
-0.69739727330128
-0.87708746012554
-0.52249377641672
0.10206441027181
0.52017346143268
0.48129251687738
0.17188429879709
0.00000000000000
0.17188429879710
0.48129251687739
0.52017346143268
0.10206441027182
-0.52249377641673
-0.87708746012554
-0.69739727330128
-0.17245696626446
0.24370715918858
0.26450336353161
0.02557917409715
-0.08239396812278
0.16865157912399
0.59363148104091
0.76265780480176
0.42589844285566
-0.22282757337850
-0.70653262635951
-0.69854327528041
-0.31094235253131
0.03820960698767
0.04354283413631
-0.19594150698576
-0.29680477503916
-0.00000000000000
0.53988588155702
0.87659191182243
0.69209352980836
0.10613126625436
-0.42797543233283
-0.54184570621650
-0.27973605590515
-0.02106340723841
-0.08124447308372
-0.38859356080204
-0.55745706611844
-0.28517424630094
0.32090331863555
0.81394251744255
0.81405764746874
0.35860419489144
-0.14266881007809
-0.30179074915546
-0.11080191368055
0.08275488435082
-0.04802786585692
-0.45859459485294
-0.75839565348848
-0.59162963703459
0.00000000000000
0.59162963703455
0.75839565348846
0.45859459485299
0.04802786585691
-0.08275488435083
0.11080191368054
0.30179074915546
0.14266881007810
-0.35860419489144
-0.81405764746872
-0.81394251744255
-0.32090331863558
0.28517424630095
0.55745706611843
0.38859356080204
0.08124447308372
0.02106340723841
0.27973605590515
0.54184570621650
0.42797543233282
-0.10613126625433
-0.69209352980836
-0.87659191182244
-0.53988588155703
-0.00000000000003
0.29680477503916
0.19594150698576
-0.04354283413628
-0.03820960698767
0.31094235253126
0.69854327528041
0.70653262635954
0.22282757337848
-0.42589844285562
-0.76265780480176
-0.59363148104096
-0.16865157912397
0.08239396812279
-0.02557917409713
-0.26450336353161
-0.24370715918860
0.17245696626445
0.69739727330125
0.87708746012554
0.52249377641677
-0.10206441027181
-0.52017346143268
-0.48129251687739
-0.17188429879710
0.00000000000000
-0.17188429879708
-0.48129251687737
-0.52017346143268
-0.10206441027185
0.52249377641673
0.87708746012554
0.69739727330128
0.17245696626447
-0.24370715918858
-0.26450336353163
-0.02557917409713
0.08239396812279
-0.16865157912396
-0.59363148104093
-0.76265780480176
-0.42589844285564
0.22282757337846
0.70653262635953
0.69854327528041
0.31094235253129
-0.03820960698767
-0.04354283413630
0.19594150698576
0.29680477503916
0.00000000000000
-0.53988588155699
-0.87659191182244
-0.69209352980839
-0.10613126625437
0.42797543233280
0.54184570621651
0.27973605590514
0.02106340723842
0.08124447308373
0.38859356080204
0.55745706611844
0.28517424630099
-0.32090331863556
-0.81394251744254
-0.81405764746873
-0.35860419489144
0.14266881007810
0.30179074915545
0.11080191368051
-0.08275488435082
0.04802786585691
0.45859459485296
0.75839565348846
0.59162963703458
0.00000000000004
-0.59162963703457
-0.75839565348847
-0.45859459485298
-0.04802786585692
0.08275488435082
-0.11080191368051
-0.30179074915546
-0.14266881007811
0.35860419489142
0.81405764746872
0.81394251744257
0.32090331863558
-0.28517424630096
-0.55745706611845
-0.38859356080206
-0.08124447308375
-0.02106340723840
-0.27973605590513
-0.54184570621648
-0.42797543233284
0.10613126625435
0.69209352980831
0.87659191182244
0.53988588155703
0.00000000000003
-0.29680477503915
-0.19594150698579
0.04354283413629
0.03820960698768
-0.31094235253125
-0.69854327528039
-0.70653262635952
-0.22282757337855
0.42589844285562
0.76265780480176
0.59363148104094
0.16865157912396
-0.08239396812279
0.02557917409715
0.26450336353162
0.24370715918858
-0.17245696626442
-0.69739727330124
-0.87708746012554
-0.52249377641674
0.10206441027181
0.52017346143269
0.48129251687736
0.17188429879712
0.00000000000000
0.17188429879707
0.48129251687739
0.52017346143270
0.10206441027184
-0.52249377641676
-0.87708746012555
-0.69739727330126
-0.17245696626445
0.24370715918858
0.26450336353163
0.02557917409714
-0.08239396812279
0.16865157912398
0.59363148104093
0.76265780480177
0.42589844285561
-0.22282757337851
-0.70653262635951
-0.69854327528040
-0.31094235253127
0.03820960698766
0.04354283413627
-0.19594150698574
-0.29680477503918
-0.00000000000001
0.53988588155701
0.87659191182243
0.69209352980837
0.10613126625438
-0.42797543233281
-0.54184570621653
-0.27973605590514
-0.02106340723841
-0.08124447308371
-0.38859356080203
-0.55745706611844
-0.28517424630097
0.32090331863556
0.81394251744253
0.81405764746873
0.35860419489145
-0.14266881007808
-0.30179074915545
-0.11080191368057
0.08275488435080
-0.04802786585691
-0.45859459485290
-0.75839565348846
-0.59162963703455
-0.00000000000004
0.59162963703456
0.75839565348846
0.45859459485298
0.04802786585693
-0.08275488435084
0.11080191368050
0.30179074915546
0.14266881007813
-0.35860419489142
-0.81405764746874
-0.81394251744256
-0.32090331863554
0.28517424630092
0.55745706611845
0.38859356080206
0.08124447308372
0.02106340723840
0.27973605590518
0.54184570621652
0.42797543233281
-0.10613126625434
-0.69209352980835
-0.87659191182243
-0.53988588155704
0.00000000000000
0.29680477503914
0.19594150698574
-0.04354283413629
-0.03820960698766
0.31094235253129
0.69854327528042
0.70653262635951
0.22282757337851
-0.42589844285566
-0.76265780480175
-0.59363148104090
-0.16865157912396
0.08239396812279
-0.02557917409714
-0.26450336353161
-0.24370715918858
0.17245696626445
0.69739727330124
0.87708746012555
0.52249377641674
-0.10206441027181
-0.52017346143270
-0.48129251687741
-0.17188429879713
0.00000000000000
-0.17188429879706
-0.48129251687740
-0.52017346143270
-0.10206441027184
0.52249377641671
0.87708746012554
0.69739727330127
0.17245696626445
-0.24370715918857
-0.26450336353161
-0.02557917409712
0.08239396812278
-0.16865157912394
-0.59363148104096
-0.76265780480175
-0.42589844285567
0.22282757337838
0.70653262635952
0.69854327528040
0.31094235253133
-0.03820960698765
-0.04354283413628
0.19594150698573
0.29680477503916
-0.00000000000001
-0.53988588155700
-0.87659191182244
-0.69209352980842
-0.10613126625431
0.42797543233284
0.54184570621652
0.27973605590519
0.02106340723841
0.08124447308371
0.38859356080204
0.55745706611845
0.28517424630097
-0.32090331863555
-0.81394251744253
-0.81405764746871
-0.35860419489146
0.14266881007808
0.30179074915546
0.11080191368053
-0.08275488435082
0.04802786585690
0.45859459485294
0.75839565348848
0.59162963703458
0.00000000000007
-0.59162963703456
-0.75839565348846
-0.45859459485299
-0.04802786585694
0.08275488435084
-0.11080191368054
-0.30179074915545
-0.14266881007809
0.35860419489142
0.81405764746871
0.81394251744258
0.32090331863554
-0.28517424630092
-0.55745706611843
-0.38859356080202
-0.08124447308373
-0.02106340723840
-0.27973605590512
-0.54184570621651
-0.42797543233283
0.10613126625432
0.69209352980834
0.87659191182243
0.53988588155704
0.00000000000000
-0.29680477503916
-0.19594150698578
0.04354283413628
0.03820960698769
-0.31094235253129
-0.69854327528041
-0.70653262635954
-0.22282757337851
0.42589844285566
0.76265780480176
0.59363148104095
0.16865157912397
-0.08239396812278
0.02557917409713
0.26450336353156
0.24370715918857
-0.17245696626446
-0.69739727330124
-0.87708746012555
-0.52249377641674
0.10206441027178
0.52017346143265
0.48129251687738
0.17188429879709
0.00000000000000
0.17188429879706
0.48129251687742
0.52017346143269
0.10206441027186
-0.52249377641669
-0.87708746012555
-0.69739727330127
-0.17245696626446
0.24370715918861
0.26450336353161
0.02557917409718
-0.08239396812280
0.16865157912401
0.59363148104092
0.76265780480176
0.42589844285567
-0.22282757337850
-0.70653262635952
-0.69854327528040
-0.31094235253128
0.03820960698768
0.04354283413630
-0.19594150698575
-0.29680477503914
0.00000000000001
0.53988588155700
0.87659191182244
0.69209352980837
0.10613126625435
-0.42797543233278
-0.54184570621649
-0.27973605590516
-0.02106340723841
-0.08124447308370
-0.38859356080207
-0.55745706611843
-0.28517424630097
0.32090331863548
0.81394251744255
0.81405764746874
0.35860419489146
-0.14266881007812
-0.30179074915546
-0.11080191368057
0.08275488435083
-0.04802786585693
-0.45859459485294
-0.75839565348846
-0.59162963703460
0.00000000000000
0.59162963703456
0.75839565348849
0.45859459485295
0.04802786585690
-0.08275488435083
0.11080191368050
0.30179074915545
0.14266881007809
-0.35860419489141
-0.81405764746868
-0.81394251744256
-0.32090331863556
0.28517424630090
0.55745706611842
0.38859356080206
0.08124447308373
0.02106340723840
0.27973605590515
0.54184570621650
0.42797543233283
-0.10613126625427
-0.69209352980838
-0.87659191182245
-0.53988588155705
0.00000000000005
0.29680477503915
0.19594150698576
-0.04354283413630
-0.03820960698767
0.31094235253128
0.69854327528042
0.70653262635953
0.22282757337844
-0.42589844285562
-0.76265780480176
-0.59363148104092
-0.16865157912397
0.08239396812279
-0.02557917409714
-0.26450336353159
-0.24370715918859
0.17245696626440
0.69739727330128
0.87708746012554
0.52249377641677
-0.10206441027178
-0.52017346143268
-0.48129251687741
-0.17188429879709
0.00000000000000
-0.17188429879708
-0.48129251687736
-0.52017346143269
-0.10206441027180
0.52249377641675
0.87708746012554
0.69739727330129
0.17245696626446
-0.24370715918858
-0.26450336353163
-0.02557917409717
0.08239396812279
-0.16865157912396
-0.59363148104087
-0.76265780480176
-0.42589844285563
0.22282757337843
0.70653262635951
0.69854327528042
0.31094235253129
-0.03820960698766
-0.04354283413635
0.19594150698576
0.29680477503918
0.00000000000007
-0.53988588155704
-0.87659191182243
-0.69209352980839
-0.10613126625441
0.42797543233282
0.54184570621650
0.27973605590515
0.02106340723843
0.08124447308373
0.38859356080201
0.55745706611842
0.28517424630091
-0.32090331863555
-0.81394251744255
-0.81405764746874
-0.35860419489143
0.14266881007808
0.30179074915547
0.11080191368058
-0.08275488435083
0.04802786585690
0.45859459485294
0.75839565348847
0.59162963703458
0.00000000000002
-0.59162963703454
-0.75839565348849
-0.45859459485295
-0.04802786585693
0.08275488435082
-0.11080191368052
-0.30179074915546
-0.14266881007813
0.35860419489145
0.81405764746870
0.81394251744256
0.32090331863562
-0.28517424630095
-0.55745706611844
-0.38859356080207
-0.08124447308373
-0.02106340723841
-0.27973605590515
-0.54184570621649
-0.42797543233280
0.10613126625434
0.69209352980836
0.87659191182244
0.53988588155701
0.00000000000002
-0.29680477503913
-0.19594150698577
0.04354283413630
0.03820960698768
-0.31094235253127
-0.69854327528040
-0.70653262635953
-0.22282757337852
0.42589844285559
0.76265780480176
0.59363148104093
0.16865157912402
-0.08239396812277
0.02557917409713
0.26450336353161
0.24370715918862
-0.17245696626444
-0.69739727330126
-0.87708746012554
-0.52249377641681
0.10206441027185
0.52017346143268
0.48129251687742
0.17188429879714
0.00000000000000
0.17188429879709
0.48129251687737
0.52017346143266
0.10206441027180
-0.52249377641668
-0.87708746012553
-0.69739727330124
-0.17245696626448
0.24370715918856
0.26450336353161
0.02557917409715
-0.08239396812279
0.16865157912392
0.59363148104095
0.76265780480176
0.42589844285568
-0.22282757337842
-0.70653262635953
-0.69854327528042
-0.31094235253130
0.03820960698769
0.04354283413628
-0.19594150698577
-0.29680477503917
-0.00000000000001
0.53988588155703
0.87659191182243
0.69209352980841
0.10613126625434
-0.42797543233282
-0.54184570621651
-0.27973605590518
-0.02106340723842
-0.08124447308372
-0.38859356080203
-0.55745706611844
-0.28517424630097
0.32090331863557
0.81394251744252
0.81405764746872
0.35860419489143
-0.14266881007808
-0.30179074915545
-0.11080191368054
0.08275488435082
-0.04802786585689
-0.45859459485293
-0.75839565348844
-0.59162963703460
-0.00000000000008
