0.57648198330635
0.78245706611844
0.54262421189626
0.11992923466491
-0.12626170173387
-0.05254303373556
0.15867312781956
0.18460866426111
-0.12514476174093
-0.58905764746873
-0.83308509443939
-0.61123432278072
-0.02804676827477
0.53339565348846
0.71915098741871
0.48437538743676
0.10690977193411
-0.07180477503916
0.05186366077242
0.26450336353161
0.24548222728178
-0.12293558972818
-0.62317630405346
-0.87000469516073
-0.63639610306789
-0.05473605590515
0.48338509082590
0.64445093000752
0.41508777746992
0.08594235253127
-0.02244341014464
0.15259291430743
0.36798584866375
0.30739396812279
-0.11390232665115
-0.64476458567859
-0.89246263733920
-0.65089844285564
-0.07874972716515
0.42797543233282
0.55986548045186
0.33580191368054
0.05712584111604
0.02080325872311
0.24780254226584
0.46709352980836
0.36876703360433
-0.09884731482351
-0.65389045591822
-0.90000000000000
-0.65389045591823
-0.09884731482351
0.36876703360433
0.46709352980836
0.24780254226584
0.02080325872311
0.05712584111604
0.33580191368054
0.55986548045186
0.42797543233282
-0.07874972716514
-0.65089844285563
-0.89246263733920
-0.64476458567859
-0.11390232665115
0.30739396812279
0.36798584866375
0.15259291430743
-0.02244341014464
0.08594235253127
0.41508777746992
0.64445093000752
0.48338509082590
-0.05473605590515
-0.63639610306789
-0.87000469516073
-0.62317630405347
-0.12293558972818
0.24548222728178
0.26450336353161
0.05186366077242
-0.07180477503916
0.10690977193411
0.48437538743675
0.71915098741871
0.53339565348847
-0.02804676827477
-0.61123432278071
-0.83308509443939
-0.58905764746873
-0.12514476174093
0.18460866426111
0.15867312781957
-0.05254303373555
-0.12626170173386
0.11992923466491
0.54262421189625
0.78245706611844
0.57648198330635
0.00000000000000
-0.57648198330635
-0.78245706611844
-0.54262421189626
-0.11992923466491
0.12626170173386
0.05254303373555
-0.15867312781956
-0.18460866426111
0.12514476174092
0.58905764746873
0.83308509443939
0.61123432278072
0.02804676827477
-0.53339565348846
-0.71915098741871
-0.48437538743675
-0.10690977193411
0.07180477503916
-0.05186366077242
-0.26450336353161
-0.24548222728178
0.12293558972818
0.62317630405346
0.87000469516073
0.63639610306790
0.05473605590515
-0.48338509082590
-0.64445093000752
-0.41508777746993
-0.08594235253128
0.02244341014464
-0.15259291430743
-0.36798584866375
-0.30739396812279
0.11390232665115
0.64476458567859
0.89246263733920
0.65089844285563
0.07874972716514
-0.42797543233282
-0.55986548045186
-0.33580191368054
-0.05712584111603
-0.02080325872311
-0.24780254226585
-0.46709352980836
-0.36876703360433
0.09884731482350
0.65389045591822
0.90000000000000
0.65389045591823
0.09884731482351
-0.36876703360433
-0.46709352980837
-0.24780254226585
-0.02080325872312
-0.05712584111604
-0.33580191368054
-0.55986548045186
-0.42797543233282
0.07874972716513
0.65089844285563
0.89246263733920
0.64476458567859
0.11390232665117
-0.30739396812279
-0.36798584866374
-0.15259291430743
0.02244341014464
-0.08594235253128
-0.41508777746993
-0.64445093000752
-0.48338509082590
0.05473605590514
0.63639610306788
0.87000469516073
0.62317630405345
0.12293558972818
-0.24548222728178
-0.26450336353161
-0.05186366077242
0.07180477503916
-0.10690977193411
-0.48437538743675
-0.71915098741871
-0.53339565348847
0.02804676827478
0.61123432278071
0.83308509443939
0.58905764746873
0.12514476174093
-0.18460866426111
-0.15867312781956
0.05254303373554
0.12626170173387
-0.11992923466489
-0.54262421189625
-0.78245706611844
-0.57648198330635
-0.00000000000001
0.57648198330635
0.78245706611845
0.54262421189625
0.11992923466491
-0.12626170173386
-0.05254303373556
0.15867312781956
0.18460866426111
-0.12514476174092
-0.58905764746874
-0.83308509443939
-0.61123432278072
-0.02804676827478
0.53339565348846
0.71915098741871
0.48437538743675
0.10690977193411
-0.07180477503916
0.05186366077241
0.26450336353162
0.24548222728179
-0.12293558972818
-0.62317630405346
-0.87000469516073
-0.63639610306790
-0.05473605590515
0.48338509082588
0.64445093000752
0.41508777746994
0.08594235253127
-0.02244341014463
0.15259291430743
0.36798584866374
0.30739396812279
-0.11390232665114
-0.64476458567859
-0.89246263733920
-0.65089844285564
-0.07874972716516
0.42797543233281
0.55986548045186
0.33580191368054
0.05712584111604
0.02080325872311
0.24780254226583
0.46709352980836
0.36876703360434
-0.09884731482349
-0.65389045591821
-0.90000000000000
-0.65389045591821
-0.09884731482351
0.36876703360433
0.46709352980837
0.24780254226584
0.02080325872311
0.05712584111604
0.33580191368053
0.55986548045186
0.42797543233283
-0.07874972716513
-0.65089844285563
-0.89246263733920
-0.64476458567859
-0.11390232665115
0.30739396812279
0.36798584866374
0.15259291430744
-0.02244341014463
0.08594235253127
0.41508777746992
0.64445093000752
0.48338509082590
-0.05473605590516
-0.63639610306787
-0.87000469516073
-0.62317630405347
-0.12293558972818
0.24548222728178
0.26450336353162
0.05186366077241
-0.07180477503915
0.10690977193411
0.48437538743674
0.71915098741871
0.53339565348846
-0.02804676827476
-0.61123432278071
-0.83308509443940
-0.58905764746872
-0.12514476174094
0.18460866426110
0.15867312781957
-0.05254303373555
-0.12626170173387
0.11992923466491
0.54262421189626
0.78245706611843
0.57648198330635
-0.00000000000001
-0.57648198330633
-0.78245706611844
-0.54262421189626
-0.11992923466491
0.12626170173386
0.05254303373555
-0.15867312781956
-0.18460866426111
0.12514476174093
0.58905764746872
0.83308509443939
0.61123432278074
0.02804676827478
-0.53339565348846
-0.71915098741871
-0.48437538743675
-0.10690977193412
0.07180477503915
-0.05186366077243
-0.26450336353161
-0.24548222728179
0.12293558972815
0.62317630405347
0.87000469516072
0.63639610306791
0.05473605590518
-0.48338509082589
-0.64445093000752
-0.41508777746993
-0.08594235253129
0.02244341014465
-0.15259291430742
-0.36798584866376
-0.30739396812279
0.11390232665113
0.64476458567859
0.89246263733920
0.65089844285564
0.07874972716517
-0.42797543233283
-0.55986548045186
-0.33580191368052
-0.05712584111604
-0.02080325872311
-0.24780254226583
-0.46709352980836
-0.36876703360433
0.09884731482348
0.65389045591823
0.90000000000000
0.65389045591824
0.09884731482355
-0.36876703360433
-0.46709352980835
-0.24780254226587
-0.02080325872311
-0.05712584111603
-0.33580191368055
-0.55986548045186
-0.42797543233283
0.07874972716514
0.65089844285564
0.89246263733920
0.64476458567861
0.11390232665114
-0.30739396812278
-0.36798584866374
-0.15259291430743
0.02244341014464
-0.08594235253127
-0.41508777746990
-0.64445093000751
-0.48338509082591
0.05473605590516
0.63639610306788
0.87000469516073
0.62317630405347
0.12293558972818
-0.24548222728178
-0.26450336353162
-0.05186366077242
0.07180477503917
-0.10690977193408
-0.48437538743675
-0.71915098741871
-0.53339565348847
0.02804676827481
0.61123432278070
0.83308509443939
0.58905764746874
0.12514476174092
-0.18460866426111
-0.15867312781957
0.05254303373556
0.12626170173387
-0.11992923466491
-0.54262421189624
-0.78245706611845
-0.57648198330636
-0.00000000000001
0.57648198330634
0.78245706611844
0.54262421189626
0.11992923466493
-0.12626170173386
-0.05254303373554
0.15867312781957
0.18460866426111
-0.12514476174092
-0.58905764746872
-0.83308509443939
-0.61123432278074
-0.02804676827477
0.53339565348844
0.71915098741870
0.48437538743674
0.10690977193411
-0.07180477503916
0.05186366077241
0.26450336353163
0.24548222728179
-0.12293558972818
-0.62317630405344
-0.87000469516073
-0.63639610306793
-0.05473605590516
0.48338509082591
0.64445093000752
0.41508777746992
0.08594235253129
-0.02244341014463
0.15259291430745
0.36798584866374
0.30739396812279
-0.11390232665115
-0.64476458567859
-0.89246263733920
-0.65089844285563
-0.07874972716514
0.42797543233282
0.55986548045186
0.33580191368054
0.05712584111604
0.02080325872311
0.24780254226583
0.46709352980837
0.36876703360434
-0.09884731482351
-0.65389045591823
-0.90000000000000
-0.65389045591823
-0.09884731482351
0.36876703360434
0.46709352980836
0.24780254226584
0.02080325872312
0.05712584111604
0.33580191368050
0.55986548045186
0.42797543233280
-0.07874972716511
-0.65089844285563
-0.89246263733920
-0.64476458567858
-0.11390232665119
0.30739396812279
0.36798584866375
0.15259291430744
-0.02244341014463
0.08594235253126
0.41508777746993
0.64445093000752
0.48338509082589
-0.05473605590513
-0.63639610306788
-0.87000469516073
-0.62317630405347
-0.12293558972821
0.24548222728178
0.26450336353161
0.05186366077241
-0.07180477503915
0.10690977193410
0.48437538743675
0.71915098741871
0.53339565348847
-0.02804676827474
-0.61123432278071
-0.83308509443939
-0.58905764746874
-0.12514476174093
0.18460866426111
0.15867312781955
-0.05254303373554
-0.12626170173387
0.11992923466489
0.54262421189626
0.78245706611843
0.57648198330635
0.00000000000002
-0.57648198330634
-0.78245706611843
-0.54262421189628
-0.11992923466491
0.12626170173386
0.05254303373554
-0.15867312781955
-0.18460866426111
0.12514476174091
0.58905764746872
0.83308509443939
0.61123432278072
0.02804676827477
-0.53339565348846
-0.71915098741872
-0.48437538743677
-0.10690977193411
0.07180477503915
-0.05186366077241
-0.26450336353160
-0.24548222728179
0.12293558972816
0.62317630405345
0.87000469516072
0.63639610306791
0.05473605590516
-0.48338509082588
-0.64445093000752
-0.41508777746992
-0.08594235253127
0.02244341014465
-0.15259291430743
-0.36798584866373
-0.30739396812280
0.11390232665117
0.64476458567856
0.89246263733920
0.65089844285566
0.07874972716516
-0.42797543233281
-0.55986548045184
-0.33580191368054
-0.05712584111604
-0.02080325872311
-0.24780254226584
-0.46709352980837
-0.36876703360433
0.09884731482352
0.65389045591819
0.90000000000000
0.65389045591826
0.09884731482349
-0.36876703360431
-0.46709352980838
-0.24780254226581
-0.02080325872312
-0.05712584111603
-0.33580191368048
-0.55986548045187
-0.42797543233282
0.07874972716516
0.65089844285563
0.89246263733920
0.64476458567863
0.11390232665115
-0.30739396812279
-0.36798584866377
-0.15259291430745
0.02244341014464
-0.08594235253126
-0.41508777746991
-0.64445093000754
-0.48338509082591
0.05473605590513
0.63639610306784
0.87000469516073
0.62317630405346
0.12293558972822
-0.24548222728178
-0.26450336353159
-0.05186366077241
0.07180477503915
-0.10690977193411
-0.48437538743673
-0.71915098741870
-0.53339565348849
0.02804676827476
0.61123432278070
0.83308509443939
0.58905764746869
0.12514476174093
-0.18460866426110
-0.15867312781955
0.05254303373556
0.12626170173387
-0.11992923466488
-0.54262421189627
-0.78245706611845
-0.57648198330636
0.00000000000002
0.57648198330635
0.78245706611844
0.54262421189628
0.11992923466493
-0.12626170173387
-0.05254303373557
0.15867312781956
0.18460866426112
-0.12514476174092
-0.58905764746872
-0.83308509443939
-0.61123432278072
-0.02804676827482
0.53339565348848
0.71915098741873
0.48437538743679
0.10690977193413
-0.07180477503914
0.05186366077245
0.26450336353159
0.24548222728178
-0.12293558972816
-0.62317630405345
-0.87000469516072
-0.63639610306790
-0.05473605590517
0.48338509082587
0.64445093000751
0.41508777746992
0.08594235253127
-0.02244341014465
0.15259291430743
0.36798584866375
0.30739396812280
-0.11390232665112
-0.64476458567856
-0.89246263733920
-0.65089844285560
-0.07874972716515
0.42797543233281
0.55986548045187
0.33580191368053
0.05712584111604
0.02080325872309
0.24780254226584
0.46709352980837
0.36876703360432
-0.09884731482348
-0.65389045591824
-0.90000000000000
-0.65389045591826
-0.09884731482355
0.36876703360433
0.46709352980838
0.24780254226586
0.02080325872311
0.05712584111603
0.33580191368053
0.55986548045187
0.42797543233285
-0.07874972716514
-0.65089844285561
-0.89246263733920
-0.64476458567857
-0.11390232665117
0.30739396812277
0.36798584866374
0.15259291430740
-0.02244341014464
0.08594235253126
0.41508777746991
0.64445093000751
0.48338509082590
-0.05473605590513
-0.63639610306789
-0.87000469516073
-0.62317630405346
-0.12293558972823
0.24548222728181
0.26450336353162
0.05186366077243
-0.07180477503916
0.10690977193408
0.48437538743678
0.71915098741872
0.53339565348848
-0.02804676827479
-0.61123432278071
-0.83308509443940
-0.58905764746874
-0.12514476174093
0.18460866426110
0.15867312781959
-0.05254303373556
-0.12626170173387
0.11992923466487
0.54262421189631
0.78245706611845
0.57648198330638
0.00000000000005
-0.57648198330636
-0.78245706611844
-0.54262421189627
-0.11992923466497
0.12626170173387
0.05254303373557
-0.15867312781952
-0.18460866426110
0.12514476174093
0.58905764746868
0.83308509443940
0.61123432278071
0.02804676827477
-0.53339565348843
-0.71915098741871
-0.48437538743673
-0.10690977193413
0.07180477503915
-0.05186366077245
-0.26450336353161
-0.24548222728180
0.12293558972817
0.62317630405346
0.87000469516073
0.63639610306790
0.05473605590509
-0.48338509082590
-0.64445093000754
-0.41508777746995
-0.08594235253127
0.02244341014465
-0.15259291430746
-0.36798584866374
-0.30739396812279
0.11390232665112
0.64476458567857
0.89246263733920
0.65089844285565
0.07874972716515
-0.42797543233282
-0.55986548045187
-0.33580191368059
-0.05712584111604
-0.02080325872309
-0.24780254226584
-0.46709352980839
-0.36876703360437
0.09884731482353
0.65389045591820
0.90000000000000
0.65389045591825
0.09884731482353
-0.36876703360433
-0.46709352980836
-0.24780254226589
-0.02080325872312
-0.05712584111603
-0.33580191368048
-0.55986548045184
-0.42797543233281
0.07874972716515
0.65089844285559
0.89246263733920
0.64476458567858
0.11390232665118
-0.30739396812276
-0.36798584866373
-0.15259291430745
0.02244341014464
-0.08594235253126
-0.41508777746991
-0.64445093000753
-0.48338509082594
0.05473605590521
0.63639610306790
0.87000469516074
0.62317630405351
0.12293558972816
-0.24548222728176
-0.26450336353161
-0.05186366077239
0.07180477503916
-0.10690977193409
-0.48437538743668
-0.71915098741872
-0.53339565348848
0.02804676827469
0.61123432278069
0.83308509443939
0.58905764746873
0.12514476174093
-0.18460866426113
-0.15867312781957
0.05254303373553
0.12626170173388
-0.11992923466491
-0.54262421189622
-0.78245706611846
-0.57648198330638
-0.00000000000002
0.57648198330633
0.78245706611844
0.54262421189622
0.11992923466492
-0.12626170173386
-0.05254303373555
0.15867312781956
0.18460866426109
-0.12514476174093
-0.58905764746868
-0.83308509443940
-0.61123432278073
-0.02804676827484
0.53339565348846
0.71915098741871
0.48437538743678
0.10690977193412
-0.07180477503917
0.05186366077245
0.26450336353161
0.24548222728180
-0.12293558972817
-0.62317630405346
-0.87000469516072
-0.63639610306787
-0.05473605590515
0.48338509082588
0.64445093000752
0.41508777746996
0.08594235253126
-0.02244341014464
0.15259291430745
0.36798584866376
0.30739396812279
-0.11390232665113
-0.64476458567858
-0.89246263733920
-0.65089844285565
-0.07874972716521
0.42797543233284
0.55986548045185
0.33580191368058
0.05712584111604
0.02080325872312
0.24780254226581
0.46709352980836
0.36876703360433
-0.09884731482352
-0.65389045591819
-0.90000000000000
-0.65389045591819
-0.09884731482352
0.36876703360431
0.46709352980835
0.24780254226585
0.02080325872311
0.05712584111602
0.33580191368053
0.55986548045186
0.42797543233284
-0.07874972716508
-0.65089844285564
-0.89246263733920
-0.64476458567858
-0.11390232665113
0.30739396812277
0.36798584866375
0.15259291430745
-0.02244341014464
0.08594235253127
0.41508777746991
0.64445093000752
0.48338509082589
-0.05473605590507
-0.63639610306787
-0.87000469516073
-0.62317630405346
-0.12293558972817
0.24548222728177
0.26450336353160
0.05186366077244
-0.07180477503916
0.10690977193408
0.48437538743674
0.71915098741872
0.53339565348847
-0.02804676827478
-0.61123432278072
-0.83308509443939
-0.58905764746878
-0.12514476174093
0.18460866426109
0.15867312781955
-0.05254303373553
-0.12626170173386
0.11992923466492
0.54262421189623
0.78245706611845
0.57648198330634
0.00000000000004
-0.57648198330629
-0.78245706611846
-0.54262421189627
-0.11992923466492
0.12626170173385
0.05254303373552
-0.15867312781958
-0.18460866426113
0.12514476174092
0.58905764746873
0.83308509443938
0.61123432278075
0.02804676827475
-0.53339565348847
-0.71915098741872
-0.48437538743682
-0.10690977193409
0.07180477503915
-0.05186366077235
-0.26450336353162
-0.24548222728177
0.12293558972812
0.62317630405341
0.87000469516073
0.63639610306791
0.05473605590522
-0.48338509082587
-0.64445093000752
-0.41508777746996
-0.08594235253132
0.02244341014463
-0.15259291430740
-0.36798584866374
-0.30739396812281
0.11390232665113
0.64476458567858
0.89246263733920
0.65089844285570
0.07874972716516
-0.42797543233278
-0.55986548045183
-0.33580191368052
-0.05712584111606
-0.02080325872312
-0.24780254226581
-0.46709352980837
-0.36876703360434
0.09884731482347
0.65389045591820
0.90000000000000
0.65389045591824
0.09884731482354
-0.36876703360435
-0.46709352980838
-0.24780254226584
-0.02080325872313
-0.05712584111604
-0.33580191368055
-0.55986548045185
-0.42797543233287
0.07874972716511
0.65089844285565
0.89246263733920
0.64476458567861
0.11390232665113
-0.30739396812278
-0.36798584866379
-0.15259291430745
0.02244341014463
-0.08594235253127
-0.41508777746990
-0.64445093000752
-0.48338509082591
0.05473605590508
0.63639610306789
0.87000469516072
0.62317630405350
0.12293558972823
-0.24548222728179
-0.26450336353164
-0.05186366077244
0.07180477503914
-0.10690977193413
-0.48437538743674
-0.71915098741871
-0.53339565348844
0.02804676827476
0.61123432278067
0.83308509443940
0.58905764746873
0.12514476174093
-0.18460866426110
-0.15867312781955
0.05254303373558
0.12626170173387
-0.11992923466485
-0.54262421189628
-0.78245706611843
-0.57648198330636
-0.00000000000003
