0.61728530644059
0.69209352980836
0.29202768915743
-0.02113659545990
0.11390232665115
0.42589844285564
0.36173664928652
-0.20810340842768
-0.78828684803654
-0.81405764746873
-0.30278847725632
0.17752589929630
0.18254201076535
-0.10206441027182
-0.12626170173387
0.31606498310863
0.80002950883687
0.75839565348847
0.16194698388947
-0.42797543233282
-0.50188606427844
-0.17245696626444
0.00531819889677
-0.26231938362471
-0.63639610306789
-0.55745706611844
0.05626066768294
0.67167553714132
0.73850291721847
0.31094235253128
-0.04704994818662
0.04771421018584
0.34620368341194
0.29680477503916
-0.24780254226584
-0.80792299880872
-0.81664601169137
-0.27973605590515
0.23486681798964
0.26450336353161
-0.02477291220487
-0.08239396812279
0.31891375555016
0.77470639158192
0.71915098741871
0.11080191368054
-0.49379185529751
-0.57254956119952
-0.22223638509912
0.00000000000000
-0.22223638509911
-0.57254956119952
-0.49379185529751
0.11080191368053
0.71915098741871
0.77470639158192
0.31891375555016
-0.08239396812279
-0.02477291220487
0.26450336353161
0.23486681798964
-0.27973605590514
-0.81664601169136
-0.80792299880873
-0.24780254226585
0.29680477503916
0.34620368341194
0.04771421018584
-0.04704994818662
0.31094235253127
0.73850291721847
0.67167553714132
0.05626066768295
-0.55745706611844
-0.63639610306789
-0.26231938362472
0.00531819889677
-0.17245696626444
-0.50188606427844
-0.42797543233282
0.16194698388946
0.75839565348846
0.80002950883687
0.31606498310863
-0.12626170173387
-0.10206441027182
0.18254201076535
0.17752589929630
-0.30278847725632
-0.81405764746873
-0.78828684803654
-0.20810340842768
0.36173664928652
0.42589844285564
0.11390232665116
-0.02113659545990
0.29202768915743
0.69209352980836
0.61728530644059
-0.00000000000000
-0.61728530644059
-0.69209352980836
-0.29202768915743
0.02113659545990
-0.11390232665115
-0.42589844285564
-0.36173664928652
0.20810340842767
0.78828684803653
0.81405764746872
0.30278847725632
-0.17752589929630
-0.18254201076535
0.10206441027182
0.12626170173386
-0.31606498310863
-0.80002950883687
-0.75839565348846
-0.16194698388947
0.42797543233281
0.50188606427844
0.17245696626445
-0.00531819889677
0.26231938362470
0.63639610306790
0.55745706611844
-0.05626066768294
-0.67167553714132
-0.73850291721848
-0.31094235253128
0.04704994818662
-0.04771421018584
-0.34620368341193
-0.29680477503916
0.24780254226583
0.80792299880873
0.81664601169137
0.27973605590515
-0.23486681798964
-0.26450336353162
0.02477291220486
0.08239396812279
-0.31891375555016
-0.77470639158192
-0.71915098741872
-0.11080191368055
0.49379185529751
0.57254956119952
0.22223638509912
0.00000000000000
0.22223638509911
0.57254956119952
0.49379185529751
-0.11080191368054
-0.71915098741871
-0.77470639158193
-0.31891375555017
0.08239396812279
0.02477291220486
-0.26450336353161
-0.23486681798965
0.27973605590515
0.81664601169136
0.80792299880873
0.24780254226586
-0.29680477503917
-0.34620368341193
-0.04771421018584
0.04704994818662
-0.31094235253128
-0.73850291721848
-0.67167553714132
-0.05626066768296
0.55745706611843
0.63639610306789
0.26231938362472
-0.00531819889677
0.17245696626445
0.50188606427845
0.42797543233282
-0.16194698388946
-0.75839565348846
-0.80002950883687
-0.31606498310864
0.12626170173386
0.10206441027183
-0.18254201076536
-0.17752589929630
0.30278847725632
0.81405764746872
0.78828684803654
0.20810340842767
-0.36173664928652
-0.42589844285564
-0.11390232665114
0.02113659545990
-0.29202768915742
-0.69209352980836
-0.61728530644059
0.00000000000000
0.61728530644058
0.69209352980837
0.29202768915743
-0.02113659545990
0.11390232665114
0.42589844285563
0.36173664928653
-0.20810340842768
-0.78828684803654
-0.81405764746873
-0.30278847725632
0.17752589929629
0.18254201076536
-0.10206441027181
-0.12626170173387
0.31606498310862
0.80002950883686
0.75839565348848
0.16194698388946
-0.42797543233282
-0.50188606427845
-0.17245696626444
0.00531819889677
-0.26231938362471
-0.63639610306789
-0.55745706611843
0.05626066768292
0.67167553714132
0.73850291721849
0.31094235253128
-0.04704994818662
0.04771421018582
0.34620368341194
0.29680477503916
-0.24780254226583
-0.80792299880873
-0.81664601169138
-0.27973605590515
0.23486681798963
0.26450336353161
-0.02477291220488
-0.08239396812279
0.31891375555016
0.77470639158192
0.71915098741872
0.11080191368055
-0.49379185529750
-0.57254956119954
-0.22223638509912
0.00000000000000
-0.22223638509912
-0.57254956119952
-0.49379185529751
0.11080191368053
0.71915098741871
0.77470639158194
0.31891375555016
-0.08239396812278
-0.02477291220487
0.26450336353160
0.23486681798965
-0.27973605590515
-0.81664601169137
-0.80792299880873
-0.24780254226584
0.29680477503916
0.34620368341194
0.04771421018584
-0.04704994818662
0.31094235253126
0.73850291721848
0.67167553714132
0.05626066768293
-0.55745706611843
-0.63639610306788
-0.26231938362471
0.00531819889677
-0.17245696626443
-0.50188606427845
-0.42797543233282
0.16194698388946
0.75839565348845
0.80002950883686
0.31606498310863
-0.12626170173386
-0.10206441027183
0.18254201076538
0.17752589929630
-0.30278847725633
-0.81405764746871
-0.78828684803654
-0.20810340842769
0.36173664928651
0.42589844285563
0.11390232665115
-0.02113659545991
0.29202768915745
0.69209352980835
0.61728530644059
0.00000000000000
-0.61728530644058
-0.69209352980837
-0.29202768915745
0.02113659545990
-0.11390232665115
-0.42589844285563
-0.36173664928652
0.20810340842768
0.78828684803652
0.81405764746873
0.30278847725633
-0.17752589929629
-0.18254201076534
0.10206441027180
0.12626170173387
-0.31606498310865
-0.80002950883686
-0.75839565348847
-0.16194698388949
0.42797543233281
0.50188606427844
0.17245696626446
-0.00531819889677
0.26231938362471
0.63639610306789
0.55745706611846
-0.05626066768293
-0.67167553714131
-0.73850291721847
-0.31094235253131
0.04704994818662
-0.04771421018586
-0.34620368341193
-0.29680477503916
0.24780254226580
0.80792299880873
0.81664601169138
0.27973605590515
-0.23486681798963
-0.26450336353161
0.02477291220487
0.08239396812279
-0.31891375555016
-0.77470639158192
-0.71915098741870
-0.11080191368056
0.49379185529751
0.57254956119954
0.22223638509912
0.00000000000000
0.22223638509910
0.57254956119952
0.49379185529751
-0.11080191368053
-0.71915098741870
-0.77470639158192
-0.31891375555019
0.08239396812279
0.02477291220489
-0.26450336353163
-0.23486681798965
0.27973605590515
0.81664601169138
0.80792299880873
0.24780254226583
-0.29680477503915
-0.34620368341194
-0.04771421018584
0.04704994818662
-0.31094235253126
-0.73850291721847
-0.67167553714134
-0.05626066768297
0.55745706611845
0.63639610306790
0.26231938362471
-0.00531819889677
0.17245696626443
0.50188606427843
0.42797543233282
-0.16194698388942
-0.75839565348845
-0.80002950883689
-0.31606498310863
0.12626170173387
0.10206441027182
-0.18254201076536
-0.17752589929630
0.30278847725633
0.81405764746873
0.78828684803654
0.20810340842769
-0.36173664928651
-0.42589844285564
-0.11390232665115
0.02113659545990
-0.29202768915742
-0.69209352980837
-0.61728530644061
0.00000000000000
0.61728530644057
0.69209352980837
0.29202768915745
-0.02113659545990
0.11390232665113
0.42589844285564
0.36173664928652
-0.20810340842766
-0.78828684803654
-0.81405764746874
-0.30278847725631
0.17752589929629
0.18254201076535
-0.10206441027183
-0.12626170173387
0.31606498310865
0.80002950883686
0.75839565348846
0.16194698388947
-0.42797543233282
-0.50188606427844
-0.17245696626443
0.00531819889677
-0.26231938362471
-0.63639610306788
-0.55745706611844
0.05626066768296
0.67167553714131
0.73850291721846
0.31094235253131
-0.04704994818662
0.04771421018583
0.34620368341195
0.29680477503917
-0.24780254226586
-0.80792299880870
-0.81664601169136
-0.27973605590515
0.23486681798963
0.26450336353160
-0.02477291220489
-0.08239396812279
0.31891375555016
0.77470639158193
0.71915098741873
0.11080191368054
-0.49379185529749
-0.57254956119952
-0.22223638509910
0.00000000000000
-0.22223638509911
-0.57254956119954
-0.49379185529750
0.11080191368048
0.71915098741873
0.77470639158192
0.31891375555018
-0.08239396812277
-0.02477291220485
0.26450336353159
0.23486681798966
-0.27973605590517
-0.81664601169136
-0.80792299880875
-0.24780254226587
0.29680477503916
0.34620368341196
0.04771421018585
-0.04704994818663
0.31094235253125
0.73850291721851
0.67167553714131
0.05626066768295
-0.55745706611842
-0.63639610306787
-0.26231938362471
0.00531819889677
-0.17245696626444
-0.50188606427845
-0.42797543233284
0.16194698388946
0.75839565348848
0.80002950883688
0.31606498310863
-0.12626170173386
-0.10206441027182
0.18254201076534
0.17752589929631
-0.30278847725627
-0.81405764746871
-0.78828684803651
-0.20810340842771
0.36173664928652
0.42589844285563
0.11390232665113
-0.02113659545991
0.29202768915744
0.69209352980835
0.61728530644058
-0.00000000000002
-0.61728530644058
-0.69209352980835
-0.29202768915745
0.02113659545990
-0.11390232665113
-0.42589844285563
-0.36173664928652
0.20810340842766
0.78828684803651
0.81405764746871
0.30278847725634
-0.17752589929629
-0.18254201076533
0.10206441027183
0.12626170173386
-0.31606498310857
-0.80002950883688
-0.75839565348849
-0.16194698388947
0.42797543233280
0.50188606427845
0.17245696626448
-0.00531819889677
0.26231938362471
0.63639610306788
0.55745706611843
-0.05626066768294
-0.67167553714131
-0.73850291721847
-0.31094235253126
0.04704994818661
-0.04771421018579
-0.34620368341194
-0.29680477503917
0.24780254226580
0.80792299880871
0.81664601169136
0.27973605590518
-0.23486681798964
-0.26450336353163
0.02477291220485
0.08239396812280
-0.31891375555013
-0.77470639158192
-0.71915098741871
-0.11080191368051
0.49379185529751
0.57254956119955
0.22223638509912
0.00000000000000
0.22223638509911
0.57254956119953
0.49379185529753
-0.11080191368053
-0.71915098741871
-0.77470639158194
-0.31891375555016
0.08239396812279
0.02477291220487
-0.26450336353158
-0.23486681798962
0.27973605590514
0.81664601169135
0.80792299880876
0.24780254226585
-0.29680477503917
-0.34620368341198
-0.04771421018582
0.04704994818662
-0.31094235253128
-0.73850291721846
-0.67167553714132
-0.05626066768299
0.55745706611844
0.63639610306787
0.26231938362474
-0.00531819889677
0.17245696626445
0.50188606427843
0.42797543233285
-0.16194698388949
-0.75839565348846
-0.80002950883689
-0.31606498310866
0.12626170173386
0.10206441027184
-0.18254201076534
-0.17752589929630
0.30278847725630
0.81405764746873
0.78828684803656
0.20810340842770
-0.36173664928649
-0.42589844285561
-0.11390232665119
0.02113659545990
-0.29202768915742
-0.69209352980837
-0.61728530644059
-0.00000000000000
0.61728530644059
0.69209352980836
0.29202768915742
-0.02113659545990
0.11390232665114
0.42589844285561
0.36173664928653
-0.20810340842762
-0.78828684803653
-0.81405764746873
-0.30278847725635
0.17752589929629
0.18254201076534
-0.10206441027179
-0.12626170173387
0.31606498310865
0.80002950883686
0.75839565348850
0.16194698388945
-0.42797543233283
-0.50188606427843
-0.17245696626446
0.00531819889677
-0.26231938362469
-0.63639610306789
-0.55745706611845
0.05626066768290
0.67167553714129
0.73850291721846
0.31094235253128
-0.04704994818661
0.04771421018586
0.34620368341197
0.29680477503917
-0.24780254226582
-0.80792299880872
-0.81664601169138
-0.27973605590520
0.23486681798964
0.26450336353162
-0.02477291220487
-0.08239396812280
0.31891375555015
0.77470639158191
0.71915098741869
0.11080191368058
-0.49379185529751
-0.57254956119953
-0.22223638509910
0.00000000000000
-0.22223638509908
-0.57254956119953
-0.49379185529752
0.11080191368050
0.71915098741870
0.77470639158195
0.31891375555018
-0.08239396812279
-0.02477291220489
0.26450336353158
0.23486681798964
-0.27973605590513
-0.81664601169133
-0.80792299880869
-0.24780254226580
0.29680477503913
0.34620368341198
0.04771421018580
-0.04704994818663
0.31094235253121
0.73850291721844
0.67167553714131
0.05626066768296
-0.55745706611841
-0.63639610306788
-0.26231938362472
0.00531819889677
-0.17245696626444
-0.50188606427842
-0.42797543233279
0.16194698388945
0.75839565348843
0.80002950883688
0.31606498310863
-0.12626170173384
-0.10206441027182
0.18254201076538
0.17752589929630
-0.30278847725627
-0.81405764746874
-0.78828684803654
-0.20810340842772
0.36173664928650
0.42589844285564
0.11390232665117
-0.02113659545991
0.29202768915744
0.69209352980835
0.61728530644062
0.00000000000005
-0.61728530644058
-0.69209352980838
-0.29202768915745
0.02113659545989
-0.11390232665112
-0.42589844285563
-0.36173664928654
0.20810340842767
0.78828684803654
0.81405764746874
0.30278847725639
-0.17752589929630
-0.18254201076537
0.10206441027179
0.12626170173386
-0.31606498310867
-0.80002950883685
-0.75839565348851
-0.16194698388942
0.42797543233281
0.50188606427843
0.17245696626448
-0.00531819889676
0.26231938362471
0.63639610306791
0.55745706611841
-0.05626066768296
-0.67167553714131
-0.73850291721846
-0.31094235253126
0.04704994818662
-0.04771421018585
-0.34620368341194
-0.29680477503916
0.24780254226585
0.80792299880871
0.81664601169136
0.27973605590513
-0.23486681798964
-0.26450336353164
0.02477291220484
0.08239396812278
-0.31891375555013
-0.77470639158189
-0.71915098741870
-0.11080191368058
0.49379185529745
0.57254956119951
0.22223638509912
0.00000000000000
0.22223638509910
0.57254956119952
0.49379185529752
-0.11080191368051
-0.71915098741867
-0.77470639158194
-0.31891375555021
0.08239396812278
0.02477291220485
-0.26450336353157
-0.23486681798964
0.27973605590508
0.81664601169137
0.80792299880874
0.24780254226589
-0.29680477503912
-0.34620368341191
-0.04771421018582
0.04704994818663
-0.31094235253133
-0.73850291721849
-0.67167553714134
-0.05626066768306
0.55745706611847
0.63639610306790
0.26231938362474
-0.00531819889676
0.17245696626445
0.50188606427845
0.42797543233285
-0.16194698388947
-0.75839565348846
-0.80002950883687
-0.31606498310866
0.12626170173387
0.10206441027184
-0.18254201076536
-0.17752589929632
0.30278847725630
0.81405764746873
0.78828684803655
0.20810340842767
-0.36173664928654
-0.42589844285563
-0.11390232665118
0.02113659545991
-0.29202768915742
-0.69209352980835
-0.61728530644061
0.00000000000000
0.61728530644057
0.69209352980840
0.29202768915743
-0.02113659545990
0.11390232665111
0.42589844285563
0.36173664928653
-0.20810340842764
-0.78828684803653
-0.81405764746876
-0.30278847725636
0.17752589929628
0.18254201076537
-0.10206441027185
-0.12626170173387
0.31606498310860
0.80002950883683
0.75839565348846
0.16194698388944
-0.42797543233279
-0.50188606427849
-0.17245696626442
0.00531819889677
-0.26231938362469
-0.63639610306790
-0.55745706611844
0.05626066768291
0.67167553714130
0.73850291721846
0.31094235253128
-0.04704994818661
0.04771421018587
0.34620368341193
0.29680477503916
-0.24780254226583
-0.80792299880873
-0.81664601169138
-0.27973605590516
0.23486681798962
0.26450336353163
-0.02477291220488
-0.08239396812280
0.31891375555016
0.77470639158194
0.71915098741873
0.11080191368060
-0.49379185529749
-0.57254956119952
-0.22223638509914
0.00000000000000
-0.22223638509911
-0.57254956119950
-0.49379185529753
0.11080191368056
0.71915098741871
0.77470639158195
0.31891375555019
-0.08239396812280
-0.02477291220490
0.26450336353157
0.23486681798967
-0.27973605590517
-0.81664601169133
-0.80792299880875
-0.24780254226581
0.29680477503915
0.34620368341195
0.04771421018589
-0.04704994818661
0.31094235253130
0.73850291721847
0.67167553714137
0.05626066768290
-0.55745706611842
-0.63639610306788
-0.26231938362472
0.00531819889677
-0.17245696626444
-0.50188606427842
-0.42797543233281
0.16194698388950
0.75839565348846
0.80002950883688
0.31606498310868
-0.12626170173388
-0.10206441027183
0.18254201076531
0.17752589929628
-0.30278847725633
-0.81405764746871
-0.78828684803653
-0.20810340842768
0.36173664928651
0.42589844285566
0.11390232665113
-0.02113659545991
0.29202768915740
0.69209352980838
0.61728530644059
0.00000000000004
-0.61728530644054
-0.69209352980837
-0.29202768915745
0.02113659545991
-0.11390232665119
-0.42589844285562
-0.36173664928655
0.20810340842758
0.78828684803653
0.81405764746869
0.30278847725629
-0.17752589929629
-0.18254201076538
0.10206441027178
0.12626170173389
-0.31606498310852
-0.80002950883691
-0.75839565348846
-0.16194698388946
0.42797543233283
0.50188606427850
0.17245696626452
-0.00531819889677
0.26231938362476
0.63639610306792
0.55745706611847
-0.05626066768289
-0.67167553714129
-0.73850291721854
-0.31094235253131
0.04704994818663
-0.04771421018585
-0.34620368341193
-0.29680477503919
0.24780254226585
0.80792299880872
0.81664601169139
0.27973605590525
-0.23486681798963
-0.26450336353163
0.02477291220483
0.08239396812278
-0.31891375555022
-0.77470639158195
-0.71915098741876
-0.11080191368055
0.49379185529749
0.57254956119958
0.22223638509912
0.00000000000000
0.22223638509914
0.57254956119954
0.49379185529749
-0.11080191368049
-0.71915098741870
-0.77470639158193
-0.31891375555011
0.08239396812278
0.02477291220486
-0.26450336353161
-0.23486681798965
0.27973605590515
0.81664601169134
0.80792299880870
0.24780254226584
-0.29680477503914
-0.34620368341197
-0.04771421018583
0.04704994818663
-0.31094235253123
-0.73850291721848
-0.67167553714133
-0.05626066768300
0.55745706611839
0.63639610306789
0.26231938362474
-0.00531819889676
0.17245696626438
0.50188606427841
0.42797543233283
-0.16194698388948
-0.75839565348852
-0.80002950883690
-0.31606498310871
0.12626170173382
0.10206441027185
-0.18254201076539
-0.17752589929631
0.30278847725629
0.81405764746876
0.78828684803654
0.20810340842781
-0.36173664928650
-0.42589844285560
-0.11390232665114
0.02113659545991
-0.29202768915746
-0.69209352980836
-0.61728530644060
0.00000000000004
