0.45813727417533
0.78867601203948
0.89955590432916
0.75989513295181
0.40859144976559
-0.05651146757638
-0.50587504006692
-0.81434434721942
-0.89600576814277
-0.72811529493745
-0.35743310157130
0.11279991020787
0.55161634828768
0.83679883729943
0.88891950653562
0.69346191849821
0.30486412822076
-0.16864318312715
-0.59518067879129
-0.85595086466564
-0.87832508574487
-0.65607176467927
-0.25109199543531
0.22382089844837
0.63639610306789
0.87172484501577
0.86426431710925
0.61609239533582
0.19632891725689
-0.27811529493745
-0.67509996266741
-0.88405852565582
-0.84679269205880
-0.57368159077382
-0.14079101853621
0.33131209741621
0.71113951113812
0.89290323118303
0.82597916311558
0.52900672706323
0.08469748198667
-0.38320136240857
-0.74437251684711
-0.89822405558544
-0.80190587176953
-0.48224411548110
-0.02826968317031
0.43357830669154
0.77466782430355
0.90000000000000
0.77466782430355
0.43357830669154
-0.02826968317032
-0.48224411548110
-0.80190587176953
-0.89822405558544
-0.74437251684711
-0.38320136240856
0.08469748198666
0.52900672706322
0.82597916311558
0.89290323118303
0.71113951113812
0.33131209741621
-0.14079101853620
-0.57368159077382
-0.84679269205880
-0.88405852565582
-0.67509996266741
-0.27811529493746
0.19632891725689
0.61609239533582
0.86426431710925
0.87172484501577
0.63639610306789
0.22382089844837
-0.25109199543530
-0.65607176467927
-0.87832508574487
-0.85595086466564
-0.59518067879129
-0.16864318312716
0.30486412822076
0.69346191849821
0.88891950653562
0.83679883729943
0.55161634828769
0.11279991020788
-0.35743310157130
-0.72811529493745
-0.89600576814277
-0.81434434721942
-0.50587504006692
-0.05651146757638
0.40859144976559
0.75989513295181
0.89955590432916
0.78867601203948
0.45813727417533
0.00000000000001
-0.45813727417533
-0.78867601203947
-0.89955590432916
-0.75989513295181
-0.40859144976560
0.05651146757638
0.50587504006691
0.81434434721942
0.89600576814277
0.72811529493745
0.35743310157130
-0.11279991020787
-0.55161634828768
-0.83679883729942
-0.88891950653562
-0.69346191849821
-0.30486412822077
0.16864318312715
0.59518067879128
0.85595086466564
0.87832508574487
0.65607176467927
0.25109199543532
-0.22382089844836
-0.63639610306789
-0.87172484501577
-0.86426431710925
-0.61609239533582
-0.19632891725689
0.27811529493745
0.67509996266742
0.88405852565582
0.84679269205881
0.57368159077383
0.14079101853621
-0.33131209741621
-0.71113951113812
-0.89290323118303
-0.82597916311558
-0.52900672706323
-0.08469748198667
0.38320136240857
0.74437251684710
0.89822405558544
0.80190587176953
0.48224411548110
0.02826968317032
-0.43357830669154
-0.77466782430355
-0.90000000000000
-0.77466782430355
-0.43357830669155
0.02826968317031
0.48224411548109
0.80190587176953
0.89822405558544
0.74437251684711
0.38320136240857
-0.08469748198666
-0.52900672706322
-0.82597916311558
-0.89290323118303
-0.71113951113813
-0.33131209741623
0.14079101853620
0.57368159077382
0.84679269205880
0.88405852565582
0.67509996266741
0.27811529493745
-0.19632891725689
-0.61609239533582
-0.86426431710925
-0.87172484501577
-0.63639610306790
-0.22382089844838
0.25109199543531
0.65607176467927
0.87832508574487
0.85595086466564
0.59518067879129
0.16864318312715
-0.30486412822076
-0.69346191849820
-0.88891950653562
-0.83679883729943
-0.55161634828768
-0.11279991020787
0.35743310157130
0.72811529493745
0.89600576814277
0.81434434721942
0.50587504006692
0.05651146757640
-0.40859144976558
-0.75989513295181
-0.89955590432916
-0.78867601203947
-0.45813727417533
-0.00000000000001
0.45813727417534
0.78867601203948
0.89955590432916
0.75989513295182
0.40859144976561
-0.05651146757638
-0.50587504006691
-0.81434434721942
-0.89600576814277
-0.72811529493746
-0.35743310157130
0.11279991020788
0.55161634828768
0.83679883729942
0.88891950653563
0.69346191849821
0.30486412822077
-0.16864318312713
-0.59518067879129
-0.85595086466564
-0.87832508574487
-0.65607176467927
-0.25109199543530
0.22382089844836
0.63639610306788
0.87172484501577
0.86426431710925
0.61609239533583
0.19632891725691
-0.27811529493745
-0.67509996266742
-0.88405852565582
-0.84679269205880
-0.57368159077383
-0.14079101853622
0.33131209741621
0.71113951113812
0.89290323118303
0.82597916311559
0.52900672706324
0.08469748198667
-0.38320136240857
-0.74437251684710
-0.89822405558544
-0.80190587176954
-0.48224411548112
-0.02826968317033
0.43357830669152
0.77466782430354
0.90000000000000
0.77466782430354
0.43357830669155
-0.02826968317030
-0.48224411548109
-0.80190587176953
-0.89822405558545
-0.74437251684710
-0.38320136240858
0.08469748198666
0.52900672706321
0.82597916311557
0.89290323118303
0.71113951113812
0.33131209741620
-0.14079101853623
-0.57368159077380
-0.84679269205880
-0.88405852565582
-0.67509996266742
-0.27811529493745
0.19632891725687
0.61609239533582
0.86426431710924
0.87172484501577
0.63639610306789
0.22382089844838
-0.25109199543531
-0.65607176467926
-0.87832508574487
-0.85595086466564
-0.59518067879131
-0.16864318312717
0.30486412822076
0.69346191849822
0.88891950653563
0.83679883729943
0.55161634828768
0.11279991020789
-0.35743310157129
-0.72811529493745
-0.89600576814277
-0.81434434721942
-0.50587504006693
-0.05651146757638
0.40859144976560
0.75989513295181
0.89955590432916
0.78867601203948
0.45813727417533
0.00000000000001
-0.45813727417531
-0.78867601203947
-0.89955590432916
-0.75989513295182
-0.40859144976557
0.05651146757637
0.50587504006691
0.81434434721941
0.89600576814277
0.72811529493745
0.35743310157131
-0.11279991020788
-0.55161634828767
-0.83679883729942
-0.88891950653562
-0.69346191849821
-0.30486412822075
0.16864318312715
0.59518067879129
0.85595086466564
0.87832508574488
0.65607176467928
0.25109199543533
-0.22382089844836
-0.63639610306789
-0.87172484501576
-0.86426431710925
-0.61609239533585
-0.19632891725689
0.27811529493744
0.67509996266741
0.88405852565582
0.84679269205881
0.57368159077382
0.14079101853622
-0.33131209741621
-0.71113951113811
-0.89290323118303
-0.82597916311559
-0.52900672706323
-0.08469748198668
0.38320136240856
0.74437251684711
0.89822405558544
0.80190587176953
0.48224411548111
0.02826968317031
-0.43357830669151
-0.77466782430355
-0.90000000000000
-0.77466782430355
-0.43357830669156
0.02826968317031
0.48224411548110
0.80190587176953
0.89822405558544
0.74437251684711
0.38320136240856
-0.08469748198665
-0.52900672706323
-0.82597916311558
-0.89290323118303
-0.71113951113812
-0.33131209741621
0.14079101853621
0.57368159077382
0.84679269205880
0.88405852565583
0.67509996266741
0.27811529493749
-0.19632891725689
-0.61609239533581
-0.86426431710925
-0.87172484501577
-0.63639610306791
-0.22382089844836
0.25109199543530
0.65607176467927
0.87832508574487
0.85595086466565
0.59518067879130
0.16864318312715
-0.30486412822073
-0.69346191849821
-0.88891950653562
-0.83679883729943
-0.55161634828767
-0.11279991020791
0.35743310157131
0.72811529493743
0.89600576814277
0.81434434721942
0.50587504006692
0.05651146757640
-0.40859144976557
-0.75989513295182
-0.89955590432916
-0.78867601203947
-0.45813727417534
-0.00000000000002
0.45813727417533
0.78867601203948
0.89955590432916
0.75989513295181
0.40859144976563
-0.05651146757638
-0.50587504006693
-0.81434434721941
-0.89600576814277
-0.72811529493747
-0.35743310157130
0.11279991020787
0.55161634828768
0.83679883729942
0.88891950653563
0.69346191849820
0.30486412822076
-0.16864318312716
-0.59518067879128
-0.85595086466563
-0.87832508574487
-0.65607176467927
-0.25109199543534
0.22382089844837
0.63639610306787
0.87172484501577
0.86426431710925
0.61609239533584
0.19632891725688
-0.27811529493743
-0.67509996266742
-0.88405852565582
-0.84679269205881
-0.57368159077383
-0.14079101853623
0.33131209741618
0.71113951113812
0.89290323118303
0.82597916311558
0.52900672706324
0.08469748198667
-0.38320136240857
-0.74437251684709
-0.89822405558544
-0.80190587176955
-0.48224411548109
-0.02826968317033
0.43357830669152
0.77466782430356
0.90000000000000
0.77466782430354
0.43357830669155
-0.02826968317030
-0.48224411548109
-0.80190587176952
-0.89822405558545
-0.74437251684710
-0.38320136240860
0.08469748198666
0.52900672706322
0.82597916311558
0.89290323118303
0.71113951113814
0.33131209741620
-0.14079101853618
-0.57368159077383
-0.84679269205880
-0.88405852565582
-0.67509996266742
-0.27811529493747
0.19632891725690
0.61609239533582
0.86426431710925
0.87172484501577
0.63639610306790
0.22382089844840
-0.25109199543531
-0.65607176467925
-0.87832508574487
-0.85595086466565
-0.59518067879130
-0.16864318312716
0.30486412822076
0.69346191849822
0.88891950653562
0.83679883729943
0.55161634828768
0.11279991020787
-0.35743310157127
-0.72811529493744
-0.89600576814277
-0.81434434721944
-0.50587504006691
-0.05651146757641
0.40859144976563
0.75989513295179
0.89955590432916
0.78867601203949
0.45813727417535
0.00000000000001
-0.45813727417529
-0.78867601203949
-0.89955590432916
-0.75989513295182
-0.40859144976559
0.05651146757634
0.50587504006690
0.81434434721941
0.89600576814277
0.72811529493745
0.35743310157133
-0.11279991020785
-0.55161634828767
-0.83679883729943
-0.88891950653562
-0.69346191849823
-0.30486412822077
0.16864318312715
0.59518067879129
0.85595086466563
0.87832508574488
0.65607176467931
0.25109199543530
-0.22382089844839
-0.63639610306791
-0.87172484501577
-0.86426431710926
-0.61609239533581
-0.19632891725691
0.27811529493749
0.67509996266738
0.88405852565581
0.84679269205881
0.57368159077384
0.14079101853616
-0.33131209741617
-0.71113951113810
-0.89290323118303
-0.82597916311559
-0.52900672706323
-0.08469748198670
0.38320136240854
0.74437251684710
0.89822405558544
0.80190587176953
0.48224411548112
0.02826968317034
-0.43357830669154
-0.77466782430355
-0.90000000000000
-0.77466782430356
-0.43357830669156
0.02826968317031
0.48224411548110
0.80190587176954
0.89822405558545
0.74437251684711
0.38320136240856
-0.08469748198668
-0.52900672706321
-0.82597916311558
-0.89290323118304
-0.71113951113811
-0.33131209741624
0.14079101853619
0.57368159077382
0.84679269205879
0.88405852565582
0.67509996266743
0.27811529493741
-0.19632891725684
-0.61609239533579
-0.86426431710924
-0.87172484501577
-0.63639610306789
-0.22382089844841
0.25109199543528
0.65607176467926
0.87832508574487
0.85595086466564
0.59518067879131
0.16864318312717
-0.30486412822075
-0.69346191849821
-0.88891950653563
-0.83679883729944
-0.55161634828769
-0.11279991020788
0.35743310157131
0.72811529493746
0.89600576814277
0.81434434721942
0.50587504006691
0.05651146757637
-0.40859144976557
-0.75989513295181
-0.89955590432916
-0.78867601203947
-0.45813727417532
-0.00000000000002
0.45813727417533
0.78867601203946
0.89955590432916
0.75989513295183
0.40859144976560
-0.05651146757633
-0.50587504006689
-0.81434434721941
-0.89600576814277
-0.72811529493742
-0.35743310157134
0.11279991020784
0.55161634828766
0.83679883729942
0.88891950653562
0.69346191849823
0.30486412822079
-0.16864318312714
-0.59518067879129
-0.85595086466564
-0.87832508574488
-0.65607176467928
-0.25109199543531
0.22382089844838
0.63639610306791
0.87172484501576
0.86426431710925
0.61609239533586
0.19632891725688
-0.27811529493748
-0.67509996266740
-0.88405852565582
-0.84679269205880
-0.57368159077380
-0.14079101853623
0.33131209741620
0.71113951113809
0.89290323118303
0.82597916311559
0.52900672706324
0.08469748198666
-0.38320136240853
-0.74437251684712
-0.89822405558544
-0.80190587176953
-0.48224411548113
-0.02826968317035
0.43357830669153
0.77466782430354
0.90000000000000
0.77466782430357
0.43357830669157
-0.02826968317035
-0.48224411548110
-0.80190587176954
-0.89822405558545
-0.74437251684712
-0.38320136240857
0.08469748198667
0.52900672706320
0.82597916311557
0.89290323118303
0.71113951113815
0.33131209741620
-0.14079101853623
-0.57368159077381
-0.84679269205878
-0.88405852565582
-0.67509996266740
-0.27811529493747
0.19632891725683
0.61609239533582
0.86426431710924
0.87172484501577
0.63639610306787
0.22382089844837
-0.25109199543527
-0.65607176467925
-0.87832508574488
-0.85595086466564
-0.59518067879132
-0.16864318312719
0.30486412822079
0.69346191849820
0.88891950653562
0.83679883729942
0.55161634828770
0.11279991020789
-0.35743310157130
-0.72811529493746
-0.89600576814277
-0.81434434721943
-0.50587504006697
-0.05651146757638
0.40859144976561
0.75989513295177
0.89955590432916
0.78867601203948
0.45813727417533
0.00000000000003
-0.45813727417532
-0.78867601203947
-0.89955590432916
-0.75989513295183
-0.40859144976557
0.05651146757637
0.50587504006688
0.81434434721942
0.89600576814277
0.72811529493746
0.35743310157135
-0.11279991020788
-0.55161634828765
-0.83679883729942
-0.88891950653562
-0.69346191849821
-0.30486412822080
0.16864318312713
0.59518067879132
0.85595086466564
0.87832508574488
0.65607176467929
0.25109199543527
-0.22382089844836
-0.63639610306790
-0.87172484501577
-0.86426431710925
-0.61609239533583
-0.19632891725689
0.27811529493747
0.67509996266740
0.88405852565582
0.84679269205882
0.57368159077381
0.14079101853619
-0.33131209741615
-0.71113951113812
-0.89290323118303
-0.82597916311558
-0.52900672706329
-0.08469748198667
0.38320136240857
0.74437251684708
0.89822405558544
0.80190587176952
0.48224411548110
0.02826968317036
-0.43357830669156
-0.77466782430356
-0.90000000000000
-0.77466782430357
-0.43357830669153
0.02826968317029
0.48224411548109
0.80190587176951
0.89822405558544
0.74437251684712
0.38320136240858
-0.08469748198671
-0.52900672706319
-0.82597916311557
-0.89290323118303
-0.71113951113810
-0.33131209741621
0.14079101853617
0.57368159077376
0.84679269205880
0.88405852565582
0.67509996266741
0.27811529493748
-0.19632891725687
-0.61609239533581
-0.86426431710924
-0.87172484501576
-0.63639610306791
-0.22382089844843
0.25109199543526
0.65607176467928
0.87832508574488
0.85595086466566
0.59518067879129
0.16864318312715
-0.30486412822073
-0.69346191849820
-0.88891950653562
-0.83679883729943
-0.55161634828771
-0.11279991020790
0.35743310157134
0.72811529493742
0.89600576814277
0.81434434721941
0.50587504006693
0.05651146757639
-0.40859144976555
-0.75989513295182
-0.89955590432916
-0.78867601203948
-0.45813727417538
-0.00000000000004
0.45813727417531
0.78867601203947
0.89955590432916
0.75989513295181
0.40859144976562
-0.05651146757631
-0.50587504006691
-0.81434434721942
-0.89600576814278
-0.72811529493750
-0.35743310157132
0.11279991020787
0.55161634828765
0.83679883729943
0.88891950653563
0.69346191849825
0.30486412822081
-0.16864318312717
-0.59518067879131
-0.85595086466562
-0.87832508574488
-0.65607176467926
-0.25109199543533
0.22382089844835
0.63639610306789
0.87172484501577
0.86426431710926
0.61609239533584
0.19632891725685
-0.27811529493741
-0.67509996266739
-0.88405852565582
-0.84679269205881
-0.57368159077382
-0.14079101853625
0.33131209741623
0.71113951113811
0.89290323118303
0.82597916311560
0.52900672706325
0.08469748198669
-0.38320136240855
-0.74437251684711
-0.89822405558545
-0.80190587176954
-0.48224411548115
-0.02826968317032
0.43357830669155
0.77466782430353
0.90000000000000
0.77466782430355
0.43357830669154
-0.02826968317028
-0.48224411548112
-0.80190587176952
-0.89822405558545
-0.74437251684713
-0.38320136240855
0.08469748198670
0.52900672706318
0.82597916311556
0.89290323118303
0.71113951113814
0.33131209741622
-0.14079101853621
-0.57368159077379
-0.84679269205879
-0.88405852565582
-0.67509996266738
-0.27811529493749
0.19632891725686
0.61609239533577
0.86426431710925
0.87172484501577
0.63639610306792
0.22382089844834
-0.25109199543529
-0.65607176467927
-0.87832508574486
-0.85595086466565
-0.59518067879130
-0.16864318312716
0.30486412822072
0.69346191849822
0.88891950653562
0.83679883729945
0.55161634828768
0.11279991020786
-0.35743310157128
-0.72811529493741
-0.89600576814277
-0.81434434721941
-0.50587504006694
-0.05651146757640
0.40859144976559
0.75989513295179
0.89955590432916
0.78867601203946
0.45813727417530
0.00000000000005
-0.45813727417530
-0.78867601203949
-0.89955590432916
-0.75989513295182
-0.40859144976563
0.05651146757635
0.50587504006690
0.81434434721941
0.89600576814277
0.72811529493747
0.35743310157133
-0.11279991020781
-0.55161634828768
-0.83679883729943
-0.88891950653563
-0.69346191849826
-0.30486412822077
0.16864318312716
0.59518067879126
0.85595086466563
0.87832508574488
0.65607176467927
0.25109199543534
-0.22382089844839
-0.63639610306788
-0.87172484501575
-0.86426431710926
-0.61609239533581
-0.19632891725691
0.27811529493740
0.67509996266742
0.88405852565582
0.84679269205881
0.57368159077383
0.14079101853621
-0.33131209741617
-0.71113951113810
-0.89290323118303
-0.82597916311557
-0.52900672706326
-0.08469748198670
0.38320136240859
0.74437251684710
0.89822405558544
0.80190587176955
0.48224411548112
0.02826968317033
-0.43357830669154
-0.77466782430353
-0.90000000000000
-0.77466782430356
-0.43357830669160
0.02826968317032
0.48224411548111
0.80190587176952
0.89822405558545
0.74437251684711
0.38320136240856
-0.08469748198663
-0.52900672706317
-0.82597916311558
-0.89290323118304
-0.71113951113817
-0.33131209741623
0.14079101853625
0.57368159077382
0.84679269205879
0.88405852565582
0.67509996266742
0.27811529493750
-0.19632891725690
-0.61609239533580
-0.86426431710923
-0.87172484501577
-0.63639610306785
-0.22382089844835
0.25109199543528
0.65607176467923
0.87832508574487
0.85595086466565
0.59518067879127
0.16864318312717
-0.30486412822071
-0.69346191849815
-0.88891950653562
-0.83679883729942
-0.55161634828769
-0.11279991020792
0.35743310157131
0.72811529493750
0.89600576814278
0.81434434721946
0.50587504006695
0.05651146757646
-0.40859144976557
-0.75989513295178
-0.89955590432916
-0.78867601203949
-0.45813727417531
-0.00000000000001
