0.61640254923944
0.78867601203948
0.46391279374974
0.00000000000000
-0.19665721100197
-0.05651146757638
0.11924873839009
0.00000000000000
-0.40565414307805
-0.72811529493745
-0.59170613234344
0.00000000000000
0.63137792971290
0.83679883729943
0.51485526253592
0.00000000000000
-0.27096428191902
-0.16864318312715
0.03995964193806
0.00000000000000
-0.34099808424399
-0.65607176467927
-0.55767815627228
0.00000000000000
0.63639610306789
0.87172484501577
0.55767815627228
0.00000000000000
-0.34099808424399
-0.27811529493745
-0.03995964193806
0.00000000000000
-0.27096428191902
-0.57368159077382
-0.51485526253592
-0.00000000000000
0.63137792971290
0.89290323118303
0.59170613234344
0.00000000000000
-0.40565414307805
-0.38320136240856
-0.11924873839009
0.00000000000000
-0.19665721100197
-0.48224411548110
-0.46391279374974
0.00000000000000
0.61640254923944
0.90000000000000
0.61640254923944
-0.00000000000000
-0.46391279374974
-0.48224411548110
-0.19665721100197
-0.00000000000000
-0.11924873839009
-0.38320136240857
-0.40565414307805
-0.00000000000000
0.59170613234344
0.89290323118303
0.63137792971290
0.00000000000000
-0.51485526253591
-0.57368159077382
-0.27096428191902
0.00000000000000
-0.03995964193806
-0.27811529493745
-0.34099808424399
-0.00000000000000
0.55767815627228
0.87172484501577
0.63639610306790
0.00000000000001
-0.55767815627227
-0.65607176467927
-0.34099808424399
-0.00000000000000
0.03995964193806
-0.16864318312715
-0.27096428191902
0.00000000000000
0.51485526253592
0.83679883729943
0.63137792971290
0.00000000000001
-0.59170613234344
-0.72811529493745
-0.40565414307806
-0.00000000000000
0.11924873839010
-0.05651146757639
-0.19665721100197
0.00000000000000
0.46391279374974
0.78867601203948
0.61640254923944
0.00000000000000
-0.61640254923944
-0.78867601203948
-0.46391279374974
0.00000000000000
0.19665721100197
0.05651146757639
-0.11924873839009
-0.00000000000000
0.40565414307804
0.72811529493745
0.59170613234344
0.00000000000001
-0.63137792971290
-0.83679883729943
-0.51485526253592
0.00000000000000
0.27096428191902
0.16864318312715
-0.03995964193806
-0.00000000000000
0.34099808424400
0.65607176467927
0.55767815627228
0.00000000000001
-0.63639610306789
-0.87172484501577
-0.55767815627229
-0.00000000000001
0.34099808424399
0.27811529493746
0.03995964193807
-0.00000000000000
0.27096428191902
0.57368159077382
0.51485526253592
-0.00000000000000
-0.63137792971291
-0.89290323118303
-0.59170613234344
-0.00000000000001
0.40565414307805
0.38320136240856
0.11924873839008
-0.00000000000000
0.19665721100197
0.48224411548109
0.46391279374974
0.00000000000001
-0.61640254923944
-0.90000000000000
-0.61640254923945
-0.00000000000001
0.46391279374973
0.48224411548110
0.19665721100197
0.00000000000000
0.11924873839009
0.38320136240857
0.40565414307806
0.00000000000000
-0.59170613234344
-0.89290323118303
-0.63137792971290
-0.00000000000002
0.51485526253591
0.57368159077381
0.27096428191902
-0.00000000000000
0.03995964193806
0.27811529493746
0.34099808424399
0.00000000000000
-0.55767815627227
-0.87172484501577
-0.63639610306790
-0.00000000000001
0.55767815627228
0.65607176467927
0.34099808424400
0.00000000000000
-0.03995964193807
0.16864318312715
0.27096428191902
0.00000000000001
-0.51485526253590
-0.83679883729942
-0.63137792971290
0.00000000000001
0.59170613234344
0.72811529493745
0.40565414307806
-0.00000000000000
-0.11924873839010
0.05651146757639
0.19665721100197
0.00000000000000
-0.46391279374972
-0.78867601203948
-0.61640254923944
-0.00000000000001
0.61640254923944
0.78867601203948
0.46391279374974
0.00000000000001
-0.19665721100196
-0.05651146757639
0.11924873839009
-0.00000000000000
-0.40565414307806
-0.72811529493745
-0.59170613234344
-0.00000000000001
0.63137792971290
0.83679883729943
0.51485526253593
0.00000000000001
-0.27096428191902
-0.16864318312716
0.03995964193807
0.00000000000000
-0.34099808424400
-0.65607176467927
-0.55767815627228
-0.00000000000001
0.63639610306789
0.87172484501577
0.55767815627228
0.00000000000002
-0.34099808424399
-0.27811529493745
-0.03995964193807
-0.00000000000000
-0.27096428191902
-0.57368159077383
-0.51485526253592
-0.00000000000000
0.63137792971289
0.89290323118303
0.59170613234346
0.00000000000002
-0.40565414307805
-0.38320136240856
-0.11924873839009
-0.00000000000000
-0.19665721100197
-0.48224411548111
-0.46391279374974
-0.00000000000001
0.61640254923943
0.90000000000000
0.61640254923944
0.00000000000001
-0.46391279374973
-0.48224411548111
-0.19665721100198
-0.00000000000000
-0.11924873839007
-0.38320136240854
-0.40565414307805
-0.00000000000002
0.59170613234341
0.89290323118303
0.63137792971290
0.00000000000000
-0.51485526253592
-0.57368159077381
-0.27096428191902
-0.00000000000000
-0.03995964193805
-0.27811529493745
-0.34099808424400
0.00000000000000
0.55767815627227
0.87172484501577
0.63639610306789
0.00000000000000
-0.55767815627228
-0.65607176467926
-0.34099808424399
-0.00000000000000
0.03995964193806
-0.16864318312716
-0.27096428191903
0.00000000000001
0.51485526253592
0.83679883729944
0.63137792971290
0.00000000000001
-0.59170613234344
-0.72811529493745
-0.40565414307805
-0.00000000000000
0.11924873839010
-0.05651146757639
-0.19665721100196
-0.00000000000001
0.46391279374972
0.78867601203948
0.61640254923945
0.00000000000002
-0.61640254923943
-0.78867601203948
-0.46391279374976
-0.00000000000002
0.19665721100197
0.05651146757637
-0.11924873839010
-0.00000000000001
0.40565414307806
0.72811529493745
0.59170613234345
0.00000000000001
-0.63137792971290
-0.83679883729942
-0.51485526253591
0.00000000000000
0.27096428191902
0.16864318312714
-0.03995964193806
-0.00000000000000
0.34099808424401
0.65607176467928
0.55767815627229
0.00000000000002
-0.63639610306790
-0.87172484501577
-0.55767815627229
-0.00000000000003
0.34099808424399
0.27811529493746
0.03995964193808
0.00000000000000
0.27096428191901
0.57368159077382
0.51485526253593
-0.00000000000002
-0.63137792971288
-0.89290323118303
-0.59170613234348
0.00000000000001
0.40565414307805
0.38320136240857
0.11924873839009
-0.00000000000000
0.19665721100198
0.48224411548109
0.46391279374974
0.00000000000002
-0.61640254923945
-0.90000000000000
-0.61640254923945
-0.00000000000002
0.46391279374973
0.48224411548110
0.19665721100198
-0.00000000000000
0.11924873839009
0.38320136240855
0.40565414307806
0.00000000000000
-0.59170613234343
-0.89290323118303
-0.63137792971288
-0.00000000000001
0.51485526253592
0.57368159077384
0.27096428191901
0.00000000000001
0.03995964193806
0.27811529493744
0.34099808424399
0.00000000000002
-0.55767815627227
-0.87172484501577
-0.63639610306790
0.00000000000002
0.55767815627227
0.65607176467927
0.34099808424400
0.00000000000000
-0.03995964193807
0.16864318312715
0.27096428191903
-0.00000000000000
-0.51485526253591
-0.83679883729942
-0.63137792971289
-0.00000000000002
0.59170613234344
0.72811529493745
0.40565414307806
0.00000000000001
-0.11924873839011
0.05651146757636
0.19665721100198
-0.00000000000001
-0.46391279374971
-0.78867601203948
-0.61640254923945
-0.00000000000001
0.61640254923942
0.78867601203947
0.46391279374976
0.00000000000000
-0.19665721100197
-0.05651146757638
0.11924873839010
0.00000000000001
-0.40565414307806
-0.72811529493746
-0.59170613234344
-0.00000000000003
0.63137792971290
0.83679883729943
0.51485526253591
-0.00000000000000
-0.27096428191902
-0.16864318312715
0.03995964193806
0.00000000000001
-0.34099808424397
-0.65607176467927
-0.55767815627230
-0.00000000000002
0.63639610306786
0.87172484501577
0.55767815627227
0.00000000000003
-0.34099808424400
-0.27811529493746
-0.03995964193807
0.00000000000001
-0.27096428191903
-0.57368159077380
-0.51485526253593
-0.00000000000006
0.63137792971290
0.89290323118303
0.59170613234346
0.00000000000000
-0.40565414307805
-0.38320136240856
-0.11924873839010
0.00000000000000
-0.19665721100196
-0.48224411548110
-0.46391279374974
-0.00000000000002
0.61640254923945
0.90000000000000
0.61640254923945
0.00000000000002
-0.46391279374973
-0.48224411548110
-0.19665721100198
-0.00000000000000
-0.11924873839008
-0.38320136240856
-0.40565414307805
-0.00000000000001
0.59170613234345
0.89290323118303
0.63137792971292
-0.00000000000001
-0.51485526253590
-0.57368159077383
-0.27096428191903
-0.00000000000000
-0.03995964193806
-0.27811529493745
-0.34099808424399
-0.00000000000000
0.55767815627229
0.87172484501576
0.63639610306790
0.00000000000003
-0.55767815627228
-0.65607176467928
-0.34099808424401
-0.00000000000001
0.03995964193806
-0.16864318312717
-0.27096428191901
0.00000000000002
0.51485526253590
0.83679883729943
0.63137792971292
-0.00000000000002
-0.59170613234342
-0.72811529493745
-0.40565414307806
-0.00000000000001
0.11924873839010
-0.05651146757641
-0.19665721100196
-0.00000000000001
0.46391279374973
0.78867601203948
0.61640254923946
0.00000000000004
-0.61640254923943
-0.78867601203948
-0.46391279374974
-0.00000000000001
0.19665721100198
0.05651146757639
-0.11924873839011
-0.00000000000002
0.40565414307805
0.72811529493744
0.59170613234347
0.00000000000004
-0.63137792971290
-0.83679883729944
-0.51485526253592
-0.00000000000005
0.27096428191902
0.16864318312718
-0.03995964193804
-0.00000000000002
0.34099808424399
0.65607176467925
0.55767815627228
0.00000000000002
-0.63639610306788
-0.87172484501576
-0.55767815627233
-0.00000000000000
0.34099808424398
0.27811529493749
0.03995964193807
-0.00000000000000
0.27096428191898
0.57368159077382
0.51485526253590
0.00000000000004
-0.63137792971290
-0.89290323118303
-0.59170613234344
-0.00000000000000
0.40565414307804
0.38320136240857
0.11924873839011
0.00000000000000
0.19665721100197
0.48224411548111
0.46391279374975
-0.00000000000002
-0.61640254923942
-0.90000000000000
-0.61640254923949
-0.00000000000001
0.46391279374974
0.48224411548112
0.19665721100195
-0.00000000000000
0.11924873839010
0.38320136240856
0.40565414307805
0.00000000000002
-0.59170613234346
-0.89290323118303
-0.63137792971289
-0.00000000000001
0.51485526253591
0.57368159077379
0.27096428191899
-0.00000000000001
0.03995964193808
0.27811529493744
0.34099808424401
-0.00000000000001
-0.55767815627225
-0.87172484501578
-0.63639610306788
-0.00000000000002
0.55767815627226
0.65607176467927
0.34099808424401
-0.00000000000001
-0.03995964193807
0.16864318312717
0.27096428191902
0.00000000000001
-0.51485526253590
-0.83679883729942
-0.63137792971293
0.00000000000001
0.59170613234343
0.72811529493746
0.40565414307807
0.00000000000001
-0.11924873839011
0.05651146757633
0.19665721100196
0.00000000000001
-0.46391279374967
-0.78867601203946
-0.61640254923942
-0.00000000000005
0.61640254923944
0.78867601203947
0.46391279374975
0.00000000000002
-0.19665721100198
-0.05651146757640
0.11924873839011
0.00000000000003
-0.40565414307804
-0.72811529493746
-0.59170613234347
-0.00000000000000
0.63137792971286
0.83679883729943
0.51485526253593
0.00000000000002
-0.27096428191902
-0.16864318312713
0.03995964193807
-0.00000000000000
-0.34099808424399
-0.65607176467926
-0.55767815627227
-0.00000000000003
0.63639610306791
0.87172484501576
0.55767815627229
0.00000000000003
-0.34099808424399
-0.27811529493745
-0.03995964193805
-0.00000000000000
-0.27096428191901
-0.57368159077384
-0.51485526253593
0.00000000000002
0.63137792971290
0.89290323118303
0.59170613234345
0.00000000000001
-0.40565414307806
-0.38320136240853
-0.11924873839013
0.00000000000000
-0.19665721100197
-0.48224411548111
-0.46391279374975
-0.00000000000003
0.61640254923941
0.90000000000000
0.61640254923950
0.00000000000002
-0.46391279374976
-0.48224411548112
-0.19665721100200
-0.00000000000001
-0.11924873839010
-0.38320136240856
-0.40565414307805
-0.00000000000003
0.59170613234346
0.89290323118303
0.63137792971295
-0.00000000000005
-0.51485526253593
-0.57368159077383
-0.27096428191909
0.00000000000000
-0.03995964193806
-0.27811529493741
-0.34099808424401
0.00000000000002
0.55767815627225
0.87172484501576
0.63639610306787
0.00000000000000
-0.55767815627225
-0.65607176467931
-0.34099808424397
0.00000000000000
0.03995964193807
-0.16864318312712
-0.27096428191900
-0.00000000000001
0.51485526253589
0.83679883729943
0.63137792971290
0.00000000000001
-0.59170613234342
-0.72811529493743
-0.40565414307808
-0.00000000000002
0.11924873839009
-0.05651146757638
-0.19665721100196
-0.00000000000003
0.46391279374972
0.78867601203949
0.61640254923943
0.00000000000006
-0.61640254923943
-0.78867601203948
-0.46391279374976
-0.00000000000002
0.19665721100200
0.05651146757637
-0.11924873839011
-0.00000000000000
0.40565414307804
0.72811529493744
0.59170613234348
-0.00000000000001
-0.63137792971286
-0.83679883729943
-0.51485526253588
-0.00000000000001
0.27096428191901
0.16864318312718
-0.03995964193805
-0.00000000000000
0.34099808424398
0.65607176467926
0.55767815627226
0.00000000000004
-0.63639610306790
-0.87172484501576
-0.55767815627229
-0.00000000000002
0.34099808424400
0.27811529493745
0.03995964193805
-0.00000000000001
0.27096428191902
0.57368159077384
0.51485526253591
0.00000000000007
-0.63137792971290
-0.89290323118303
-0.59170613234345
-0.00000000000009
0.40565414307805
0.38320136240855
0.11924873839012
-0.00000000000000
0.19665721100195
0.48224411548108
0.46391279374976
-0.00000000000002
-0.61640254923946
-0.90000000000000
-0.61640254923950
0.00000000000004
0.46391279374972
0.48224411548112
0.19665721100199
-0.00000000000000
0.11924873839010
0.38320136240856
0.40565414307804
0.00000000000000
-0.59170613234340
-0.89290323118303
-0.63137792971285
-0.00000000000001
0.51485526253589
0.57368159077381
0.27096428191900
-0.00000000000000
0.03995964193806
0.27811529493746
0.34099808424401
0.00000000000002
-0.55767815627224
-0.87172484501577
-0.63639610306790
-0.00000000000004
0.55767815627225
0.65607176467929
0.34099808424398
0.00000000000002
-0.03995964193806
0.16864318312714
0.27096428191903
0.00000000000002
-0.51485526253593
-0.83679883729941
-0.63137792971291
-0.00000000000007
0.59170613234345
0.72811529493745
0.40565414307808
-0.00000000000001
-0.11924873839008
0.05651146757633
0.19665721100199
-0.00000000000002
-0.46391279374971
-0.78867601203946
-0.61640254923949
-0.00000000000002
0.61640254923942
0.78867601203951
0.46391279374971
-0.00000000000001
-0.19665721100197
-0.05651146757640
0.11924873839009
0.00000000000001
-0.40565414307803
-0.72811529493743
-0.59170613234345
0.00000000000000
0.63137792971285
0.83679883729942
0.51485526253594
0.00000000000004
-0.27096428191901
-0.16864318312716
0.03995964193805
0.00000000000001
-0.34099808424393
-0.65607176467928
-0.55767815627230
-0.00000000000005
0.63639610306792
0.87172484501577
0.55767815627230
0.00000000000003
-0.34099808424401
-0.27811529493742
-0.03995964193805
-0.00000000000000
-0.27096428191905
-0.57368159077380
-0.51485526253594
0.00000000000002
0.63137792971289
0.89290323118303
0.59170613234347
0.00000000000003
-0.40565414307804
-0.38320136240860
-0.11924873839009
0.00000000000000
-0.19665721100196
-0.48224411548111
-0.46391279374974
-0.00000000000003
0.61640254923944
0.90000000000000
0.61640254923946
0.00000000000002
-0.46391279374972
-0.48224411548110
-0.19665721100196
-0.00000000000001
-0.11924873839010
-0.38320136240854
-0.40565414307804
-0.00000000000005
0.59170613234339
0.89290323118303
0.63137792971291
0.00000000000007
-0.51485526253592
-0.57368159077379
-0.27096428191906
-0.00000000000001
-0.03995964193804
-0.27811529493746
-0.34099808424400
-0.00000000000009
0.55767815627229
0.87172484501577
0.63639610306795
-0.00000000000005
-0.55767815627226
-0.65607176467929
-0.34099808424403
-0.00000000000000
0.03995964193806
-0.16864318312714
-0.27096428191902
0.00000000000002
0.51485526253588
0.83679883729942
0.63137792971287
0.00000000000001
-0.59170613234342
-0.72811529493745
-0.40565414307804
0.00000000000000
0.11924873839011
-0.05651146757633
-0.19665721100199
-0.00000000000003
0.46391279374970
0.78867601203947
0.61640254923943
0.00000000000003
-0.61640254923942
-0.78867601203949
-0.46391279374972
-0.00000000000002
0.19665721100197
0.05651146757637
-0.11924873839009
-0.00000000000001
0.40565414307807
0.72811529493744
0.59170613234345
0.00000000000009
-0.63137792971289
-0.83679883729944
-0.51485526253595
-0.00000000000005
0.27096428191902
0.16864318312716
-0.03995964193807
-0.00000000000001
0.34099808424397
0.65607176467928
0.55767815627231
-0.00000000000001
-0.63639610306788
-0.87172484501577
-0.55767815627231
0.00000000000002
0.34099808424399
0.27811529493742
0.03995964193807
-0.00000000000000
0.27096428191900
0.57368159077380
0.51485526253592
0.00000000000002
-0.63137792971285
-0.89290323118303
-0.59170613234346
-0.00000000000004
0.40565414307804
0.38320136240858
0.11924873839010
-0.00000000000000
0.19665721100191
0.48224411548113
0.46391279374975
0.00000000000004
-0.61640254923938
-0.90000000000000
-0.61640254923946
-0.00000000000005
0.46391279374974
0.48224411548110
0.19665721100201
0.00000000000001
0.11924873839012
0.38320136240854
0.40565414307807
0.00000000000006
-0.59170613234344
-0.89290323118303
-0.63137792971298
0.00000000000001
0.51485526253594
0.57368159077385
0.27096428191906
-0.00000000000001
0.03995964193806
0.27811529493746
0.34099808424399
0.00000000000000
-0.55767815627227
-0.87172484501576
-0.63639610306788
0.00000000000004
0.55767815627226
0.65607176467927
0.34099808424399
0.00000000000001
-0.03995964193808
0.16864318312714
0.27096428191904
0.00000000000002
-0.51485526253587
-0.83679883729942
-0.63137792971291
0.00000000000001
0.59170613234342
0.72811529493747
0.40565414307805
0.00000000000002
-0.11924873839008
0.05651146757641
0.19665721100197
0.00000000000003
-0.46391279374970
-0.78867601203946
-0.61640254923946
-0.00000000000007
