0.58463839265673
0.83020042852762
0.62849450295023
0.16315841313014
-0.24016402838502
-0.35629161612783
-0.21058877904013
-0.02722460713380
-0.02460653804198
-0.22500000000000
-0.43165407081911
-0.39271207268879
-0.02178216525180
0.50272101021329
0.84541268915258
0.75390313285881
0.25059652273883
-0.37116238695049
-0.74736829156022
-0.69247879586443
-0.31361654515478
0.09036353631008
0.26178791443412
0.16831040432812
-0.00000000000000
-0.01058919308363
0.20306352146696
0.47370224637602
0.53029661718307
0.22500000000000
-0.32341513974855
-0.78876022207701
-0.86255888890184
-0.47844147659119
0.13390021561469
0.60768531153601
0.69311973690277
0.41819588180333
0.04080332313424
-0.16347206880121
-0.11008332311705
0.04952137653627
0.07581662564783
-0.14106583012481
-0.47134844515287
-0.63546006376029
-0.42712442314295
0.10487870412159
0.66314208629561
0.90000000000000
0.66314208629562
0.10487870412158
-0.42712442314295
-0.63546006376029
-0.47134844515287
-0.14106583012481
0.07581662564783
0.04952137653627
-0.11008332311705
-0.16347206880121
0.04080332313424
0.41819588180332
0.69311973690277
0.60768531153602
0.13390021561470
-0.47844147659119
-0.86255888890184
-0.78876022207701
-0.32341513974855
0.22500000000000
0.53029661718307
0.47370224637601
0.20306352146696
-0.01058919308363
-0.00000000000000
0.16831040432812
0.26178791443412
0.09036353631008
-0.31361654515478
-0.69247879586443
-0.74736829156022
-0.37116238695049
0.25059652273882
0.75390313285881
0.84541268915258
0.50272101021329
-0.02178216525180
-0.39271207268878
-0.43165407081911
-0.22500000000000
-0.02460653804199
-0.02722460713380
-0.21058877904012
-0.35629161612783
-0.24016402838502
0.16315841313013
0.62849450295023
0.83020042852762
0.58463839265672
0.00000000000000
-0.58463839265673
-0.83020042852762
-0.62849450295023
-0.16315841313013
0.24016402838501
0.35629161612782
0.21058877904013
0.02722460713380
0.02460653804198
0.22500000000000
0.43165407081911
0.39271207268879
0.02178216525181
-0.50272101021328
-0.84541268915258
-0.75390313285882
-0.25059652273883
0.37116238695048
0.74736829156022
0.69247879586443
0.31361654515479
-0.09036353631008
-0.26178791443412
-0.16831040432812
-0.00000000000001
0.01058919308363
-0.20306352146696
-0.47370224637601
-0.53029661718307
-0.22500000000001
0.32341513974855
0.78876022207702
0.86255888890184
0.47844147659120
-0.13390021561469
-0.60768531153601
-0.69311973690277
-0.41819588180332
-0.04080332313424
0.16347206880121
0.11008332311705
-0.04952137653627
-0.07581662564784
0.14106583012481
0.47134844515287
0.63546006376029
0.42712442314295
-0.10487870412158
-0.66314208629561
-0.90000000000000
-0.66314208629562
-0.10487870412161
0.42712442314294
0.63546006376028
0.47134844515287
0.14106583012481
-0.07581662564783
-0.04952137653627
0.11008332311705
0.16347206880121
-0.04080332313424
-0.41819588180331
-0.69311973690276
-0.60768531153603
-0.13390021561470
0.47844147659119
0.86255888890184
0.78876022207702
0.32341513974855
-0.22500000000000
-0.53029661718307
-0.47370224637602
-0.20306352146696
0.01058919308363
-0.00000000000000
-0.16831040432811
-0.26178791443412
-0.09036353631008
0.31361654515479
0.69247879586443
0.74736829156022
0.37116238695049
-0.25059652273882
-0.75390313285881
-0.84541268915258
-0.50272101021330
0.02178216525181
0.39271207268879
0.43165407081911
0.22500000000000
0.02460653804199
0.02722460713380
0.21058877904013
0.35629161612783
0.24016402838502
-0.16315841313013
-0.62849450295023
-0.83020042852762
-0.58463839265673
-0.00000000000001
0.58463839265673
0.83020042852762
0.62849450295023
0.16315841313014
-0.24016402838501
-0.35629161612783
-0.21058877904013
-0.02722460713380
-0.02460653804199
-0.22500000000001
-0.43165407081911
-0.39271207268878
-0.02178216525181
0.50272101021328
0.84541268915258
0.75390313285881
0.25059652273882
-0.37116238695047
-0.74736829156022
-0.69247879586442
-0.31361654515477
0.09036353631008
0.26178791443412
0.16831040432811
-0.00000000000001
-0.01058919308363
0.20306352146694
0.47370224637600
0.53029661718307
0.22500000000000
-0.32341513974856
-0.78876022207701
-0.86255888890184
-0.47844147659120
0.13390021561468
0.60768531153601
0.69311973690278
0.41819588180334
0.04080332313425
-0.16347206880120
-0.11008332311705
0.04952137653626
0.07581662564783
-0.14106583012481
-0.47134844515287
-0.63546006376029
-0.42712442314296
0.10487870412157
0.66314208629560
0.90000000000000
0.66314208629562
0.10487870412159
-0.42712442314294
-0.63546006376028
-0.47134844515288
-0.14106583012482
0.07581662564783
0.04952137653627
-0.11008332311705
-0.16347206880121
0.04080332313423
0.41819588180332
0.69311973690277
0.60768531153601
0.13390021561469
-0.47844147659118
-0.86255888890184
-0.78876022207702
-0.32341513974857
0.22499999999999
0.53029661718306
0.47370224637601
0.20306352146695
-0.01058919308363
-0.00000000000000
0.16831040432812
0.26178791443412
0.09036353631008
-0.31361654515477
-0.69247879586443
-0.74736829156023
-0.37116238695051
0.25059652273882
0.75390313285882
0.84541268915258
0.50272101021330
-0.02178216525180
-0.39271207268878
-0.43165407081912
-0.22500000000000
-0.02460653804199
-0.02722460713380
-0.21058877904012
-0.35629161612783
-0.24016402838501
0.16315841313012
0.62849450295023
0.83020042852762
0.58463839265673
0.00000000000002
-0.58463839265672
-0.83020042852762
-0.62849450295023
-0.16315841313017
0.24016402838502
0.35629161612782
0.21058877904014
0.02722460713380
0.02460653804198
0.22500000000000
0.43165407081911
0.39271207268878
0.02178216525183
-0.50272101021327
-0.84541268915258
-0.75390313285882
-0.25059652273882
0.37116238695048
0.74736829156023
0.69247879586444
0.31361654515478
-0.09036353631007
-0.26178791443412
-0.16831040432814
-0.00000000000001
0.01058919308364
-0.20306352146695
-0.47370224637601
-0.53029661718307
-0.22500000000002
0.32341513974855
0.78876022207701
0.86255888890184
0.47844147659120
-0.13390021561467
-0.60768531153601
-0.69311973690277
-0.41819588180332
-0.04080332313425
0.16347206880120
0.11008332311707
-0.04952137653625
-0.07581662564783
0.14106583012480
0.47134844515287
0.63546006376029
0.42712442314295
-0.10487870412156
-0.66314208629562
-0.90000000000000
-0.66314208629563
-0.10487870412162
0.42712442314294
0.63546006376029
0.47134844515288
0.14106583012481
-0.07581662564783
-0.04952137653626
0.11008332311705
0.16347206880120
-0.04080332313422
-0.41819588180331
-0.69311973690277
-0.60768531153602
-0.13390021561468
0.47844147659119
0.86255888890184
0.78876022207702
0.32341513974854
-0.22499999999997
-0.53029661718307
-0.47370224637603
-0.20306352146696
0.01058919308363
-0.00000000000001
-0.16831040432813
-0.26178791443412
-0.09036353631007
0.31361654515476
0.69247879586443
0.74736829156023
0.37116238695049
-0.25059652273879
-0.75390313285881
-0.84541268915257
-0.50272101021329
0.02178216525182
0.39271207268877
0.43165407081912
0.22500000000001
0.02460653804199
0.02722460713380
0.21058877904013
0.35629161612783
0.24016402838503
-0.16315841313015
-0.62849450295024
-0.83020042852762
-0.58463839265674
-0.00000000000001
0.58463839265672
0.83020042852762
0.62849450295024
0.16315841313013
-0.24016402838500
-0.35629161612782
-0.21058877904013
-0.02722460713380
-0.02460653804198
-0.22500000000000
-0.43165407081911
-0.39271207268879
-0.02178216525180
0.50272101021328
0.84541268915258
0.75390313285880
0.25059652273884
-0.37116238695049
-0.74736829156022
-0.69247879586442
-0.31361654515479
0.09036353631008
0.26178791443411
0.16831040432811
-0.00000000000001
-0.01058919308363
0.20306352146696
0.47370224637602
0.53029661718307
0.22500000000001
-0.32341513974857
-0.78876022207702
-0.86255888890184
-0.47844147659119
0.13390021561468
0.60768531153600
0.69311973690277
0.41819588180331
0.04080332313424
-0.16347206880120
-0.11008332311704
0.04952137653628
0.07581662564784
-0.14106583012483
-0.47134844515286
-0.63546006376029
-0.42712442314297
0.10487870412158
0.66314208629563
0.90000000000000
0.66314208629559
0.10487870412160
-0.42712442314295
-0.63546006376030
-0.47134844515286
-0.14106583012484
0.07581662564784
0.04952137653628
-0.11008332311703
-0.16347206880122
0.04080332313423
0.41819588180335
0.69311973690275
0.60768531153601
0.13390021561474
-0.47844147659118
-0.86255888890183
-0.78876022207703
-0.32341513974858
0.22499999999998
0.53029661718307
0.47370224637605
0.20306352146697
-0.01058919308363
-0.00000000000001
0.16831040432811
0.26178791443411
0.09036353631010
-0.31361654515477
-0.69247879586442
-0.74736829156023
-0.37116238695051
0.25059652273880
0.75390313285881
0.84541268915259
0.50272101021330
-0.02178216525179
-0.39271207268879
-0.43165407081911
-0.22500000000000
-0.02460653804199
-0.02722460713380
-0.21058877904011
-0.35629161612782
-0.24016402838500
0.16315841313010
0.62849450295023
0.83020042852763
0.58463839265674
0.00000000000004
-0.58463839265669
-0.83020042852763
-0.62849450295025
-0.16315841313014
0.24016402838501
0.35629161612781
0.21058877904013
0.02722460713380
0.02460653804198
0.22499999999998
0.43165407081910
0.39271207268879
0.02178216525181
-0.50272101021327
-0.84541268915258
-0.75390313285883
-0.25059652273883
0.37116238695048
0.74736829156023
0.69247879586445
0.31361654515480
-0.09036353631005
-0.26178791443413
-0.16831040432813
-0.00000000000002
0.01058919308363
-0.20306352146696
-0.47370224637602
-0.53029661718307
-0.22499999999999
0.32341513974851
0.78876022207700
0.86255888890185
0.47844147659121
-0.13390021561472
-0.60768531153599
-0.69311973690275
-0.41819588180335
-0.04080332313425
0.16347206880121
0.11008332311704
-0.04952137653626
-0.07581662564784
0.14106583012482
0.47134844515287
0.63546006376031
0.42712442314297
-0.10487870412157
-0.66314208629560
-0.90000000000000
-0.66314208629563
-0.10487870412160
0.42712442314294
0.63546006376029
0.47134844515286
0.14106583012481
-0.07581662564783
-0.04952137653628
0.11008332311704
0.16347206880121
-0.04080332313424
-0.41819588180332
-0.69311973690277
-0.60768531153603
-0.13390021561472
0.47844147659119
0.86255888890183
0.78876022207700
0.32341513974857
-0.22500000000002
-0.53029661718305
-0.47370224637602
-0.20306352146696
0.01058919308363
0.00000000000002
-0.16831040432813
-0.26178791443414
-0.09036353631010
0.31361654515476
0.69247879586443
0.74736829156024
0.37116238695052
-0.25059652273880
-0.75390313285881
-0.84541268915257
-0.50272101021332
0.02178216525179
0.39271207268878
0.43165407081914
0.22500000000002
0.02460653804200
0.02722460713378
0.21058877904010
0.35629161612781
0.24016402838503
-0.16315841313010
-0.62849450295021
-0.83020042852762
-0.58463839265671
-0.00000000000003
0.58463839265672
0.83020042852761
0.62849450295021
0.16315841313016
-0.24016402838501
-0.35629161612779
-0.21058877904009
-0.02722460713383
-0.02460653804197
-0.22499999999995
-0.43165407081911
-0.39271207268880
-0.02178216525184
0.50272101021326
0.84541268915257
0.75390313285882
0.25059652273887
-0.37116238695046
-0.74736829156022
-0.69247879586443
-0.31361654515477
0.09036353631007
0.26178791443412
0.16831040432811
-0.00000000000001
-0.01058919308364
0.20306352146692
0.47370224637600
0.53029661718306
0.22499999999999
-0.32341513974851
-0.78876022207700
-0.86255888890184
-0.47844147659118
0.13390021561465
0.60768531153601
0.69311973690275
0.41819588180331
0.04080332313426
-0.16347206880120
-0.11008332311705
0.04952137653630
0.07581662564783
-0.14106583012481
-0.47134844515283
-0.63546006376029
-0.42712442314297
0.10487870412153
0.66314208629559
0.90000000000000
0.66314208629563
0.10487870412164
-0.42712442314298
-0.63546006376029
-0.47134844515287
-0.14106583012484
0.07581662564783
0.04952137653627
-0.11008332311706
-0.16347206880121
0.04080332313426
0.41819588180333
0.69311973690279
0.60768531153601
0.13390021561469
-0.47844147659115
-0.86255888890182
-0.78876022207702
-0.32341513974854
0.22499999999997
0.53029661718305
0.47370224637602
0.20306352146695
-0.01058919308362
0.00000000000001
0.16831040432812
0.26178791443415
0.09036353631010
-0.31361654515483
-0.69247879586444
-0.74736829156024
-0.37116238695056
0.25059652273884
0.75390313285879
0.84541268915259
0.50272101021330
-0.02178216525180
-0.39271207268878
-0.43165407081912
-0.22500000000001
-0.02460653804198
-0.02722460713379
-0.21058877904014
-0.35629161612783
-0.24016402838501
0.16315841313010
0.62849450295027
0.83020042852763
0.58463839265671
0.00000000000003
-0.58463839265675
-0.83020042852763
-0.62849450295025
-0.16315841313019
0.24016402838503
0.35629161612784
0.21058877904012
0.02722460713380
0.02460653804199
0.22499999999998
0.43165407081909
0.39271207268878
0.02178216525180
-0.50272101021327
-0.84541268915260
-0.75390313285881
-0.25059652273881
0.37116238695047
0.74736829156024
0.69247879586446
0.31361654515480
-0.09036353631005
-0.26178791443413
-0.16831040432814
-0.00000000000005
0.01058919308363
-0.20306352146698
-0.47370224637600
-0.53029661718305
-0.22499999999999
0.32341513974857
0.78876022207701
0.86255888890186
0.47844147659117
-0.13390021561469
-0.60768531153598
-0.69311973690272
-0.41819588180330
-0.04080332313427
0.16347206880119
0.11008332311703
-0.04952137653625
-0.07581662564784
0.14106583012478
0.47134844515283
0.63546006376028
0.42712442314299
-0.10487870412161
-0.66314208629561
-0.90000000000000
-0.66314208629566
-0.10487870412156
0.42712442314293
0.63546006376028
0.47134844515289
0.14106583012479
-0.07581662564783
-0.04952137653629
0.11008332311700
0.16347206880122
-0.04080332313420
-0.41819588180329
-0.69311973690274
-0.60768531153602
-0.13390021561475
0.47844147659113
0.86255888890183
0.78876022207702
0.32341513974859
-0.22500000000000
-0.53029661718306
-0.47370224637601
-0.20306352146698
0.01058919308364
-0.00000000000001
-0.16831040432811
-0.26178791443411
-0.09036353631008
0.31361654515474
0.69247879586442
0.74736829156022
0.37116238695049
-0.25059652273877
-0.75390313285880
-0.84541268915258
-0.50272101021329
0.02178216525176
0.39271207268877
0.43165407081913
0.22499999999998
0.02460653804199
0.02722460713382
0.21058877904014
0.35629161612784
0.24016402838505
-0.16315841313013
-0.62849450295019
-0.83020042852762
-0.58463839265679
-0.00000000000002
0.58463839265669
0.83020042852762
0.62849450295024
0.16315841313013
-0.24016402838500
-0.35629161612780
-0.21058877904012
-0.02722460713380
-0.02460653804198
-0.22500000000001
-0.43165407081912
-0.39271207268879
-0.02178216525187
0.50272101021329
0.84541268915256
0.75390313285884
0.25059652273891
-0.37116238695050
-0.74736829156023
-0.69247879586444
-0.31361654515484
0.09036353631009
0.26178791443412
0.16831040432812
-0.00000000000000
-0.01058919308363
0.20306352146695
0.47370224637602
0.53029661718305
0.22500000000001
-0.32341513974852
-0.78876022207705
-0.86255888890185
-0.47844147659121
0.13390021561462
0.60768531153603
0.69311973690278
0.41819588180334
0.04080332313428
-0.16347206880119
-0.11008332311706
0.04952137653627
0.07581662564783
-0.14106583012483
-0.47134844515286
-0.63546006376032
-0.42712442314295
0.10487870412162
0.66314208629560
0.90000000000000
0.66314208629564
0.10487870412160
-0.42712442314291
-0.63546006376029
-0.47134844515289
-0.14106583012482
0.07581662564783
0.04952137653626
-0.11008332311702
-0.16347206880123
0.04080332313421
0.41819588180335
0.69311973690277
0.60768531153602
0.13390021561468
-0.47844147659121
-0.86255888890183
-0.78876022207701
-0.32341513974851
0.22499999999997
0.53029661718307
0.47370224637602
0.20306352146697
-0.01058919308363
-0.00000000000002
0.16831040432813
0.26178791443412
0.09036353631008
-0.31361654515475
-0.69247879586446
-0.74736829156023
-0.37116238695048
0.25059652273878
0.75390313285884
0.84541268915258
0.50272101021329
-0.02178216525183
-0.39271207268879
-0.43165407081913
-0.22500000000001
-0.02460653804199
-0.02722460713380
-0.21058877904010
-0.35629161612779
-0.24016402838502
0.16315841313013
0.62849450295020
0.83020042852762
0.58463839265671
0.00000000000001
-0.58463839265670
-0.83020042852762
-0.62849450295023
-0.16315841313016
0.24016402838499
0.35629161612778
0.21058877904016
0.02722460713384
0.02460653804198
0.22500000000001
0.43165407081909
0.39271207268881
0.02178216525181
-0.50272101021325
-0.84541268915257
-0.75390313285886
-0.25059652273883
0.37116238695046
0.74736829156021
0.69247879586439
0.31361654515478
-0.09036353631007
-0.26178791443411
-0.16831040432808
0.00000000000002
0.01058919308365
-0.20306352146691
-0.47370224637597
-0.53029661718307
-0.22500000000007
0.32341513974855
0.78876022207699
0.86255888890185
0.47844147659125
-0.13390021561470
-0.60768531153599
-0.69311973690277
-0.41819588180337
-0.04080332313422
0.16347206880119
0.11008332311704
-0.04952137653626
-0.07581662564784
0.14106583012476
0.47134844515283
0.63546006376028
0.42712442314297
-0.10487870412153
-0.66314208629557
-0.90000000000000
-0.66314208629563
-0.10487870412167
0.42712442314296
0.63546006376031
0.47134844515287
0.14106583012485
-0.07581662564783
-0.04952137653629
0.11008332311706
0.16347206880122
-0.04080332313425
-0.41819588180331
-0.69311973690276
-0.60768531153603
-0.13390021561469
0.47844147659114
0.86255888890182
0.78876022207703
0.32341513974857
-0.22499999999994
-0.53029661718307
-0.47370224637602
-0.20306352146695
0.01058919308362
0.00000000000000
-0.16831040432810
-0.26178791443413
-0.09036353631011
0.31361654515481
0.69247879586443
0.74736829156021
0.37116238695052
-0.25059652273878
-0.75390313285876
-0.84541268915259
-0.50272101021331
0.02178216525179
0.39271207268876
0.43165407081914
0.22500000000004
0.02460653804199
0.02722460713380
0.21058877904017
0.35629161612786
0.24016402838502
-0.16315841313009
-0.62849450295026
-0.83020042852763
-0.58463839265671
-0.00000000000008
