0.66823117996010
0.58593868722402
0.09420819659552
0.03321660722680
0.40859144976559
0.40760668871969
-0.26707236161862
-0.84920143643762
-0.62671943485704
-0.00000000000000
0.15883343054806
-0.16038919824184
-0.15632398441078
0.44665515243790
0.88891950653562
0.51238700795721
-0.21975419431317
-0.41235747390321
-0.06852170230798
0.00000000000000
-0.48151128386577
-0.77448749793115
-0.27797806182804
0.49185801570009
0.63639610306789
0.19474036476733
0.00873581252522
0.36444615277185
0.54616734269983
0.00000000000000
-0.72488389348548
-0.75007546049582
-0.17045882599594
0.13155862326280
-0.14079101853621
-0.28345597908462
0.23002375785141
0.84078962161125
0.71057992095343
0.00000000000000
-0.37064084056446
-0.10727908964071
0.07759169374103
-0.33720157856853
-0.80190587176953
-0.52796285312746
0.26167333255868
0.62396132695548
0.28916945352333
0.00000000000000
0.28916945352333
0.62396132695548
0.26167333255868
-0.52796285312745
-0.80190587176953
-0.33720157856854
0.07759169374103
-0.10727908964070
-0.37064084056446
-0.00000000000000
0.71057992095343
0.84078962161126
0.23002375785140
-0.28345597908462
-0.14079101853621
0.13155862326280
-0.17045882599594
-0.75007546049582
-0.72488389348548
-0.00000000000001
0.54616734269983
0.36444615277184
0.00873581252523
0.19474036476733
0.63639610306789
0.49185801570010
-0.27797806182803
-0.77448749793115
-0.48151128386577
-0.00000000000000
-0.06852170230797
-0.41235747390321
-0.21975419431317
0.51238700795721
0.88891950653563
0.44665515243791
-0.15632398441078
-0.16038919824184
0.15883343054806
-0.00000000000000
-0.62671943485703
-0.84920143643762
-0.26707236161862
0.40760668871969
0.40859144976559
0.03321660722680
0.09420819659552
0.58593868722402
0.66823117996010
-0.00000000000001
-0.66823117996010
-0.58593868722403
-0.09420819659552
-0.03321660722680
-0.40859144976559
-0.40760668871969
0.26707236161860
0.84920143643762
0.62671943485704
0.00000000000000
-0.15883343054805
0.16038919824183
0.15632398441079
-0.44665515243788
-0.88891950653563
-0.51238700795722
0.21975419431317
0.41235747390321
0.06852170230798
-0.00000000000000
0.48151128386577
0.77448749793115
0.27797806182804
-0.49185801570008
-0.63639610306790
-0.19474036476733
-0.00873581252523
-0.36444615277184
-0.54616734269983
-0.00000000000001
0.72488389348548
0.75007546049582
0.17045882599595
-0.13155862326280
0.14079101853621
0.28345597908462
-0.23002375785140
-0.84078962161126
-0.71057992095344
-0.00000000000001
0.37064084056446
0.10727908964071
-0.07759169374103
0.33720157856854
0.80190587176953
0.52796285312747
-0.26167333255869
-0.62396132695548
-0.28916945352333
0.00000000000000
-0.28916945352333
-0.62396132695548
-0.26167333255868
0.52796285312746
0.80190587176954
0.33720157856854
-0.07759169374102
0.10727908964071
0.37064084056446
0.00000000000000
-0.71057992095343
-0.84078962161126
-0.23002375785142
0.28345597908461
0.14079101853621
-0.13155862326280
0.17045882599594
0.75007546049582
0.72488389348548
0.00000000000001
-0.54616734269983
-0.36444615277185
-0.00873581252523
-0.19474036476733
-0.63639610306788
-0.49185801570011
0.27797806182804
0.77448749793115
0.48151128386578
-0.00000000000000
0.06852170230798
0.41235747390320
0.21975419431317
-0.51238700795719
-0.88891950653563
-0.44665515243791
0.15632398441079
0.16038919824183
-0.15883343054806
-0.00000000000000
0.62671943485703
0.84920143643762
0.26707236161863
-0.40760668871968
-0.40859144976560
-0.03321660722680
-0.09420819659551
-0.58593868722401
-0.66823117996010
0.00000000000001
0.66823117996010
0.58593868722403
0.09420819659552
0.03321660722680
0.40859144976560
0.40760668871970
-0.26707236161859
-0.84920143643762
-0.62671943485702
-0.00000000000001
0.15883343054806
-0.16038919824184
-0.15632398441079
0.44665515243788
0.88891950653562
0.51238700795723
-0.21975419431316
-0.41235747390320
-0.06852170230799
0.00000000000000
-0.48151128386578
-0.77448749793115
-0.27797806182805
0.49185801570008
0.63639610306789
0.19474036476734
0.00873581252522
0.36444615277182
0.54616734269984
-0.00000000000001
-0.72488389348550
-0.75007546049583
-0.17045882599595
0.13155862326280
-0.14079101853621
-0.28345597908462
0.23002375785140
0.84078962161124
0.71057992095345
0.00000000000001
-0.37064084056446
-0.10727908964071
0.07759169374103
-0.33720157856853
-0.80190587176954
-0.52796285312747
0.26167333255866
0.62396132695547
0.28916945352332
0.00000000000000
0.28916945352333
0.62396132695549
0.26167333255869
-0.52796285312746
-0.80190587176953
-0.33720157856855
0.07759169374103
-0.10727908964072
-0.37064084056446
-0.00000000000002
0.71057992095342
0.84078962161125
0.23002375785140
-0.28345597908462
-0.14079101853623
0.13155862326281
-0.17045882599595
-0.75007546049582
-0.72488389348549
-0.00000000000001
0.54616734269983
0.36444615277183
0.00873581252522
0.19474036476733
0.63639610306789
0.49185801570009
-0.27797806182801
-0.77448749793115
-0.48151128386577
-0.00000000000001
-0.06852170230798
-0.41235747390321
-0.21975419431318
0.51238700795722
0.88891950653562
0.44665515243793
-0.15632398441078
-0.16038919824182
0.15883343054805
0.00000000000000
-0.62671943485702
-0.84920143643762
-0.26707236161864
0.40760668871970
0.40859144976561
0.03321660722681
0.09420819659552
0.58593868722401
0.66823117996010
0.00000000000002
-0.66823117996009
-0.58593868722403
-0.09420819659552
-0.03321660722679
-0.40859144976558
-0.40760668871970
0.26707236161861
0.84920143643762
0.62671943485705
0.00000000000001
-0.15883343054806
0.16038919824183
0.15632398441079
-0.44665515243787
-0.88891950653562
-0.51238700795721
0.21975419431318
0.41235747390321
0.06852170230800
-0.00000000000000
0.48151128386577
0.77448749793115
0.27797806182807
-0.49185801570008
-0.63639610306791
-0.19474036476735
-0.00873581252522
-0.36444615277182
-0.54616734269983
-0.00000000000003
0.72488389348548
0.75007546049582
0.17045882599595
-0.13155862326280
0.14079101853620
0.28345597908462
-0.23002375785137
-0.84078962161125
-0.71057992095345
-0.00000000000002
0.37064084056447
0.10727908964071
-0.07759169374102
0.33720157856853
0.80190587176953
0.52796285312749
-0.26167333255868
-0.62396132695547
-0.28916945352336
0.00000000000000
-0.28916945352333
-0.62396132695547
-0.26167333255869
0.52796285312747
0.80190587176954
0.33720157856853
-0.07759169374102
0.10727908964068
0.37064084056445
-0.00000000000000
-0.71057992095340
-0.84078962161125
-0.23002375785139
0.28345597908462
0.14079101853620
-0.13155862326280
0.17045882599593
0.75007546049580
0.72488389348548
0.00000000000005
-0.54616734269983
-0.36444615277185
-0.00873581252522
-0.19474036476734
-0.63639610306790
-0.49185801570008
0.27797806182800
0.77448749793115
0.48151128386577
0.00000000000000
0.06852170230797
0.41235747390320
0.21975419431321
-0.51238700795721
-0.88891950653562
-0.44665515243793
0.15632398441079
0.16038919824182
-0.15883343054804
-0.00000000000003
0.62671943485704
0.84920143643762
0.26707236161864
-0.40760668871968
-0.40859144976558
-0.03321660722681
-0.09420819659550
-0.58593868722403
-0.66823117996012
0.00000000000003
0.66823117996009
0.58593868722406
0.09420819659552
0.03321660722679
0.40859144976558
0.40760668871969
-0.26707236161861
-0.84920143643761
-0.62671943485703
-0.00000000000001
0.15883343054807
-0.16038919824181
-0.15632398441078
0.44665515243785
0.88891950653562
0.51238700795719
-0.21975419431314
-0.41235747390319
-0.06852170230799
0.00000000000001
-0.48151128386577
-0.77448749793115
-0.27797806182808
0.49185801570010
0.63639610306792
0.19474036476735
0.00873581252523
0.36444615277181
0.54616734269982
0.00000000000003
-0.72488389348549
-0.75007546049586
-0.17045882599596
0.13155862326281
-0.14079101853618
-0.28345597908463
0.23002375785139
0.84078962161124
0.71057992095343
0.00000000000001
-0.37064084056445
-0.10727908964069
0.07759169374103
-0.33720157856858
-0.80190587176953
-0.52796285312749
0.26167333255863
0.62396132695548
0.28916945352331
0.00000000000000
0.28916945352332
0.62396132695547
0.26167333255868
-0.52796285312746
-0.80190587176953
-0.33720157856861
0.07759169374103
-0.10727908964067
-0.37064084056447
0.00000000000001
0.71057992095340
0.84078962161123
0.23002375785143
-0.28345597908462
-0.14079101853619
0.13155862326280
-0.17045882599592
-0.75007546049583
-0.72488389348548
-0.00000000000002
0.54616734269983
0.36444615277184
0.00873581252522
0.19474036476732
0.63639610306791
0.49185801570013
-0.27797806182808
-0.77448749793114
-0.48151128386580
-0.00000000000000
-0.06852170230797
-0.41235747390320
-0.21975419431317
0.51238700795721
0.88891950653562
0.44665515243789
-0.15632398441077
-0.16038919824184
0.15883343054806
-0.00000000000000
-0.62671943485704
-0.84920143643763
-0.26707236161858
0.40760668871967
0.40859144976561
0.03321660722680
0.09420819659550
0.58593868722404
0.66823117996011
0.00000000000002
-0.66823117996009
-0.58593868722402
-0.09420819659553
-0.03321660722682
-0.40859144976556
-0.40760668871971
0.26707236161859
0.84920143643762
0.62671943485708
0.00000000000000
-0.15883343054805
0.16038919824182
0.15632398441079
-0.44665515243790
-0.88891950653562
-0.51238700795720
0.21975419431317
0.41235747390322
0.06852170230796
-0.00000000000002
0.48151128386577
0.77448749793117
0.27797806182806
-0.49185801570010
-0.63639610306791
-0.19474036476731
-0.00873581252522
-0.36444615277184
-0.54616734269984
-0.00000000000001
0.72488389348547
0.75007546049582
0.17045882599600
-0.13155862326279
0.14079101853619
0.28345597908464
-0.23002375785143
-0.84078962161124
-0.71057992095344
-0.00000000000001
0.37064084056445
0.10727908964073
-0.07759169374103
0.33720157856857
0.80190587176952
0.52796285312747
-0.26167333255867
-0.62396132695548
-0.28916945352331
0.00000000000000
-0.28916945352328
-0.62396132695550
-0.26167333255871
0.52796285312742
0.80190587176952
0.33720157856857
-0.07759169374102
0.10727908964070
0.37064084056444
0.00000000000004
-0.71057992095344
-0.84078962161126
-0.23002375785143
0.28345597908461
0.14079101853620
-0.13155862326280
0.17045882599596
0.75007546049583
0.72488389348552
-0.00000000000005
-0.54616734269981
-0.36444615277188
-0.00873581252522
-0.19474036476732
-0.63639610306787
-0.49185801570011
0.27797806182801
0.77448749793115
0.48151128386576
0.00000000000000
0.06852170230798
0.41235747390320
0.21975419431317
-0.51238700795716
-0.88891950653562
-0.44665515243794
0.15632398441077
0.16038919824180
-0.15883343054804
-0.00000000000002
0.62671943485703
0.84920143643762
0.26707236161864
-0.40760668871970
-0.40859144976559
-0.03321660722681
-0.09420819659550
-0.58593868722402
-0.66823117996010
-0.00000000000003
0.66823117996010
0.58593868722406
0.09420819659550
0.03321660722679
0.40859144976556
0.40760668871972
-0.26707236161858
-0.84920143643761
-0.62671943485703
0.00000000000001
0.15883343054805
-0.16038919824186
-0.15632398441081
0.44665515243789
0.88891950653562
0.51238700795721
-0.21975419431313
-0.41235747390322
-0.06852170230796
0.00000000000001
-0.48151128386576
-0.77448749793115
-0.27797806182807
0.49185801570010
0.63639610306791
0.19474036476735
0.00873581252523
0.36444615277181
0.54616734269982
-0.00000000000003
-0.72488389348545
-0.75007546049582
-0.17045882599596
0.13155862326280
-0.14079101853617
-0.28345597908462
0.23002375785137
0.84078962161124
0.71057992095344
0.00000000000002
-0.37064084056447
-0.10727908964068
0.07759169374102
-0.33720157856852
-0.80190587176954
-0.52796285312751
0.26167333255866
0.62396132695548
0.28916945352336
0.00000000000000
0.28916945352333
0.62396132695548
0.26167333255866
-0.52796285312745
-0.80190587176954
-0.33720157856862
0.07759169374102
-0.10727908964070
-0.37064084056443
-0.00000000000004
0.71057992095343
0.84078962161126
0.23002375785145
-0.28345597908462
-0.14079101853622
0.13155862326280
-0.17045882599591
-0.75007546049582
-0.72488389348548
-0.00000000000003
0.54616734269981
0.36444615277185
0.00873581252522
0.19474036476727
0.63639610306789
0.49185801570009
-0.27797806182795
-0.77448749793114
-0.48151128386576
-0.00000000000002
-0.06852170230798
-0.41235747390317
-0.21975419431316
0.51238700795720
0.88891950653563
0.44665515243789
-0.15632398441077
-0.16038919824184
0.15883343054800
-0.00000000000001
-0.62671943485703
-0.84920143643764
-0.26707236161867
0.40760668871970
0.40859144976565
0.03321660722680
0.09420819659553
0.58593868722398
0.66823117996010
0.00000000000009
-0.66823117996010
-0.58593868722402
-0.09420819659553
-0.03321660722676
-0.40859144976558
-0.40760668871970
0.26707236161852
0.84920143643762
0.62671943485704
0.00000000000004
-0.15883343054805
0.16038919824184
0.15632398441081
-0.44665515243788
-0.88891950653562
-0.51238700795725
0.21975419431315
0.41235747390325
0.06852170230793
0.00000000000000
0.48151128386571
0.77448749793115
0.27797806182801
-0.49185801570009
-0.63639610306794
-0.19474036476732
-0.00873581252523
-0.36444615277179
-0.54616734269983
0.00000000000002
0.72488389348545
0.75007546049583
0.17045882599601
-0.13155862326282
0.14079101853620
0.28345597908465
-0.23002375785148
-0.84078962161126
-0.71057992095347
-0.00000000000009
0.37064084056445
0.10727908964070
-0.07759169374104
0.33720157856851
0.80190587176953
0.52796285312746
-0.26167333255865
-0.62396132695548
-0.28916945352333
0.00000000000000
-0.28916945352328
-0.62396132695548
-0.26167333255869
0.52796285312741
0.80190587176953
0.33720157856852
-0.07759169374102
0.10727908964070
0.37064084056445
0.00000000000001
-0.71057992095343
-0.84078962161126
-0.23002375785133
0.28345597908462
0.14079101853625
-0.13155862326281
0.17045882599595
0.75007546049582
0.72488389348548
0.00000000000004
-0.54616734269982
-0.36444615277190
-0.00873581252524
-0.19474036476735
-0.63639610306791
-0.49185801570013
0.27797806182789
0.77448749793116
0.48151128386572
0.00000000000003
0.06852170230800
0.41235747390322
0.21975419431325
-0.51238700795719
-0.88891950653561
-0.44665515243795
0.15632398441075
0.16038919824188
-0.15883343054798
-0.00000000000001
0.62671943485703
0.84920143643762
0.26707236161866
-0.40760668871968
-0.40859144976563
-0.03321660722679
-0.09420819659552
-0.58593868722393
-0.66823117996015
0.00000000000005
0.66823117996008
0.58593868722407
0.09420819659550
0.03321660722674
0.40859144976561
0.40760668871973
-0.26707236161859
-0.84920143643761
-0.62671943485709
-0.00000000000006
0.15883343054804
-0.16038919824184
-0.15632398441083
0.44665515243789
0.88891950653562
0.51238700795727
-0.21975419431311
-0.41235747390320
-0.06852170230806
0.00000000000001
-0.48151128386576
-0.77448749793114
-0.27797806182809
0.49185801570005
0.63639610306794
0.19474036476732
0.00873581252523
0.36444615277174
0.54616734269981
0.00000000000006
-0.72488389348544
-0.75007546049580
-0.17045882599593
0.13155862326284
-0.14079101853612
-0.28345597908461
0.23002375785137
0.84078962161123
0.71057992095349
0.00000000000007
-0.37064084056444
-0.10727908964070
0.07759169374103
-0.33720157856851
-0.80190587176952
-0.52796285312753
0.26167333255871
0.62396132695548
0.28916945352342
0.00000000000000
0.28916945352331
0.62396132695546
0.26167333255874
-0.52796285312750
-0.80190587176956
-0.33720157856863
0.07759169374101
-0.10727908964068
-0.37064084056443
-0.00000000000006
0.71057992095338
0.84078962161124
0.23002375785140
-0.28345597908462
-0.14079101853622
0.13155862326281
-0.17045882599591
-0.75007546049578
-0.72488389348545
-0.00000000000010
0.54616734269982
0.36444615277183
0.00873581252519
0.19474036476731
0.63639610306787
0.49185801570011
-0.27797806182805
-0.77448749793115
-0.48151128386587
-0.00000000000001
-0.06852170230796
-0.41235747390326
-0.21975419431322
0.51238700795725
0.88891950653564
0.44665515243801
-0.15632398441078
-0.16038919824177
0.15883343054804
0.00000000000005
-0.62671943485707
-0.84920143643763
-0.26707236161862
0.40760668871966
0.40859144976560
0.03321660722681
0.09420819659555
0.58593868722405
0.66823117996008
0.00000000000001
-0.66823117996006
-0.58593868722404
-0.09420819659547
-0.03321660722678
-0.40859144976556
-0.40760668871970
0.26707236161853
0.84920143643762
0.62671943485695
0.00000000000002
-0.15883343054807
0.16038919824174
0.15632398441077
-0.44665515243793
-0.88891950653563
-0.51238700795733
0.21975419431316
0.41235747390316
0.06852170230800
0.00000000000001
0.48151128386580
0.77448749793114
0.27797806182805
-0.49185801570015
-0.63639610306790
-0.19474036476736
-0.00873581252521
-0.36444615277178
-0.54616734269984
-0.00000000000002
0.72488389348548
0.75007546049583
0.17045882599597
-0.13155862326281
0.14079101853625
0.28345597908464
-0.23002375785131
-0.84078962161125
-0.71057992095336
-0.00000000000004
0.37064084056446
0.10727908964067
-0.07759169374103
0.33720157856856
0.80190587176954
0.52796285312748
-0.26167333255866
-0.62396132695549
-0.28916945352337
0.00000000000000
-0.28916945352336
-0.62396132695547
-0.26167333255868
0.52796285312753
0.80190587176954
0.33720157856858
-0.07759169374102
0.10727908964063
0.37064084056448
0.00000000000003
-0.71057992095343
-0.84078962161127
-0.23002375785147
0.28345597908461
0.14079101853619
-0.13155862326281
0.17045882599586
0.75007546049581
0.72488389348550
0.00000000000006
-0.54616734269983
-0.36444615277179
-0.00873581252524
-0.19474036476726
-0.63639610306795
-0.49185801570009
0.27797806182800
0.77448749793113
0.48151128386582
-0.00000000000000
0.06852170230798
0.41235747390322
0.21975419431320
-0.51238700795716
-0.88891950653563
-0.44665515243785
0.15632398441079
0.16038919824188
-0.15883343054799
0.00000000000002
0.62671943485702
0.84920143643765
0.26707236161858
-0.40760668871964
-0.40859144976556
-0.03321660722678
-0.09420819659552
-0.58593868722402
-0.66823117996010
-0.00000000000005
