0.63002157297243
0.75839565348847
0.37938244289648
-0.04802786585691
-0.11390232665115
0.11080191368054
0.19152223323435
-0.14266881007810
-0.65229860895418
-0.81405764746873
-0.38301227566845
0.32090331863555
0.72026792741165
0.55745706611844
0.12626170173387
-0.08124447308371
0.08203655484228
0.27973605590515
0.10336259648912
-0.42797543233282
-0.84011547875720
-0.69209352980836
-0.05515048844955
0.53988588155700
0.63639610306789
0.29680477503916
-0.01232759471319
0.04354283413630
0.30246018351124
0.31094235253127
-0.13325425645091
-0.70653262635952
-0.86785609929721
-0.42589844285564
0.24780254226584
0.59363148104092
0.42596526483716
0.08239396812279
0.01203664567302
0.26450336353161
0.44330167687810
0.17245696626444
-0.44258176769165
-0.87708746012554
-0.71915098741871
-0.10206441027182
0.43032491168265
0.48129251687739
0.18303818726898
0.00000000000000
0.18303818726898
0.48129251687738
0.43032491168265
-0.10206441027182
-0.71915098741871
-0.87708746012554
-0.44258176769166
0.17245696626444
0.44330167687810
0.26450336353161
0.01203664567303
0.08239396812279
0.42596526483716
0.59363148104093
0.24780254226585
-0.42589844285564
-0.86785609929721
-0.70653262635952
-0.13325425645091
0.31094235253127
0.30246018351124
0.04354283413629
-0.01232759471319
0.29680477503916
0.63639610306789
0.53988588155701
-0.05515048844954
-0.69209352980836
-0.84011547875720
-0.42797543233282
0.10336259648912
0.27973605590515
0.08203655484227
-0.08124447308371
0.12626170173387
0.55745706611844
0.72026792741165
0.32090331863556
-0.38301227566845
-0.81405764746873
-0.65229860895418
-0.14266881007810
0.19152223323435
0.11080191368054
-0.11390232665115
-0.04802786585691
0.37938244289647
0.75839565348846
0.63002157297243
-0.00000000000000
-0.63002157297243
-0.75839565348847
-0.37938244289648
0.04802786585691
0.11390232665115
-0.11080191368053
-0.19152223323435
0.14266881007809
0.65229860895418
0.81405764746873
0.38301227566845
-0.32090331863555
-0.72026792741165
-0.55745706611844
-0.12626170173387
0.08124447308371
-0.08203655484228
-0.27973605590515
-0.10336259648913
0.42797543233282
0.84011547875720
0.69209352980836
0.05515048844956
-0.53988588155700
-0.63639610306790
-0.29680477503916
0.01232759471319
-0.04354283413630
-0.30246018351123
-0.31094235253128
0.13325425645091
0.70653262635952
0.86785609929721
0.42589844285565
-0.24780254226584
-0.59363148104092
-0.42596526483716
-0.08239396812279
-0.01203664567303
-0.26450336353161
-0.44330167687810
-0.17245696626444
0.44258176769165
0.87708746012554
0.71915098741871
0.10206441027183
-0.43032491168265
-0.48129251687738
-0.18303818726898
0.00000000000000
-0.18303818726897
-0.48129251687739
-0.43032491168266
0.10206441027181
0.71915098741871
0.87708746012555
0.44258176769167
-0.17245696626444
-0.44330167687809
-0.26450336353161
-0.01203664567302
-0.08239396812278
-0.42596526483716
-0.59363148104093
-0.24780254226585
0.42589844285564
0.86785609929721
0.70653262635952
0.13325425645091
-0.31094235253127
-0.30246018351125
-0.04354283413630
0.01232759471319
-0.29680477503915
-0.63639610306788
-0.53988588155701
0.05515048844956
0.69209352980836
0.84011547875720
0.42797543233283
-0.10336259648912
-0.27973605590515
-0.08203655484228
0.08124447308372
-0.12626170173386
-0.55745706611844
-0.72026792741165
-0.32090331863555
0.38301227566845
0.81405764746872
0.65229860895418
0.14266881007810
-0.19152223323435
-0.11080191368053
0.11390232665116
0.04802786585692
-0.37938244289646
-0.75839565348847
-0.63002157297243
0.00000000000000
0.63002157297243
0.75839565348846
0.37938244289648
-0.04802786585691
-0.11390232665115
0.11080191368053
0.19152223323435
-0.14266881007810
-0.65229860895419
-0.81405764746873
-0.38301227566844
0.32090331863554
0.72026792741165
0.55745706611845
0.12626170173387
-0.08124447308372
0.08203655484227
0.27973605590515
0.10336259648912
-0.42797543233283
-0.84011547875720
-0.69209352980836
-0.05515048844956
0.53988588155700
0.63639610306790
0.29680477503916
-0.01232759471319
0.04354283413630
0.30246018351124
0.31094235253128
-0.13325425645091
-0.70653262635953
-0.86785609929722
-0.42589844285565
0.24780254226583
0.59363148104092
0.42596526483718
0.08239396812279
0.01203664567303
0.26450336353162
0.44330167687809
0.17245696626445
-0.44258176769165
-0.87708746012554
-0.71915098741873
-0.10206441027185
0.43032491168265
0.48129251687737
0.18303818726899
0.00000000000000
0.18303818726899
0.48129251687738
0.43032491168266
-0.10206441027183
-0.71915098741872
-0.87708746012554
-0.44258176769166
0.17245696626443
0.44330167687810
0.26450336353164
0.01203664567303
0.08239396812279
0.42596526483715
0.59363148104092
0.24780254226584
-0.42589844285563
-0.86785609929721
-0.70653262635953
-0.13325425645092
0.31094235253127
0.30246018351123
0.04354283413628
-0.01232759471319
0.29680477503916
0.63639610306788
0.53988588155701
-0.05515048844954
-0.69209352980836
-0.84011547875721
-0.42797543233284
0.10336259648911
0.27973605590515
0.08203655484227
-0.08124447308371
0.12626170173388
0.55745706611844
0.72026792741165
0.32090331863555
-0.38301227566845
-0.81405764746873
-0.65229860895420
-0.14266881007811
0.19152223323435
0.11080191368054
-0.11390232665114
-0.04802786585691
0.37938244289646
0.75839565348846
0.63002157297243
0.00000000000000
-0.63002157297242
-0.75839565348847
-0.37938244289648
0.04802786585691
0.11390232665116
-0.11080191368056
-0.19152223323436
0.14266881007807
0.65229860895416
0.81405764746872
0.38301227566846
-0.32090331863553
-0.72026792741165
-0.55745706611845
-0.12626170173387
0.08124447308371
-0.08203655484227
-0.27973605590516
-0.10336259648912
0.42797543233281
0.84011547875720
0.69209352980836
0.05515048844955
-0.53988588155699
-0.63639610306791
-0.29680477503918
0.01232759471319
-0.04354283413628
-0.30246018351124
-0.31094235253128
0.13325425645089
0.70653262635954
0.86785609929722
0.42589844285563
-0.24780254226582
-0.59363148104092
-0.42596526483717
-0.08239396812279
-0.01203664567302
-0.26450336353163
-0.44330167687809
-0.17245696626446
0.44258176769166
0.87708746012554
0.71915098741872
0.10206441027185
-0.43032491168266
-0.48129251687738
-0.18303818726899
0.00000000000000
-0.18303818726898
-0.48129251687738
-0.43032491168266
0.10206441027184
0.71915098741871
0.87708746012554
0.44258176769170
-0.17245696626444
-0.44330167687810
-0.26450336353164
-0.01203664567303
-0.08239396812278
-0.42596526483716
-0.59363148104093
-0.24780254226583
0.42589844285562
0.86785609929721
0.70653262635953
0.13325425645091
-0.31094235253126
-0.30246018351122
-0.04354283413629
0.01232759471319
-0.29680477503914
-0.63639610306790
-0.53988588155700
0.05515048844952
0.69209352980837
0.84011547875721
0.42797543233283
-0.10336259648911
-0.27973605590515
-0.08203655484227
0.08124447308371
-0.12626170173388
-0.55745706611844
-0.72026792741165
-0.32090331863557
0.38301227566847
0.81405764746872
0.65229860895420
0.14266881007813
-0.19152223323435
-0.11080191368055
0.11390232665115
0.04802786585691
-0.37938244289647
-0.75839565348846
-0.63002157297244
0.00000000000000
0.63002157297243
0.75839565348847
0.37938244289650
-0.04802786585692
-0.11390232665114
0.11080191368053
0.19152223323435
-0.14266881007808
-0.65229860895417
-0.81405764746874
-0.38301227566844
0.32090331863553
0.72026792741165
0.55745706611847
0.12626170173387
-0.08124447308372
0.08203655484226
0.27973605590515
0.10336259648912
-0.42797543233282
-0.84011547875719
-0.69209352980835
-0.05515048844957
0.53988588155700
0.63639610306791
0.29680477503917
-0.01232759471319
0.04354283413629
0.30246018351124
0.31094235253129
-0.13325425645091
-0.70653262635950
-0.86785609929722
-0.42589844285565
0.24780254226582
0.59363148104092
0.42596526483716
0.08239396812278
0.01203664567302
0.26450336353164
0.44330167687809
0.17245696626445
-0.44258176769161
-0.87708746012554
-0.71915098741874
-0.10206441027184
0.43032491168265
0.48129251687738
0.18303818726898
0.00000000000000
0.18303818726898
0.48129251687738
0.43032491168266
-0.10206441027182
-0.71915098741871
-0.87708746012555
-0.44258176769164
0.17245696626441
0.44330167687811
0.26450336353162
0.01203664567303
0.08239396812279
0.42596526483715
0.59363148104092
0.24780254226586
-0.42589844285561
-0.86785609929720
-0.70653262635954
-0.13325425645095
0.31094235253126
0.30246018351122
0.04354283413629
-0.01232759471319
0.29680477503913
0.63639610306790
0.53988588155702
-0.05515048844956
-0.69209352980835
-0.84011547875719
-0.42797543233282
0.10336259648913
0.27973605590517
0.08203655484233
-0.08124447308370
0.12626170173383
0.55745706611843
0.72026792741165
0.32090331863555
-0.38301227566842
-0.81405764746872
-0.65229860895419
-0.14266881007813
0.19152223323436
0.11080191368054
-0.11390232665115
-0.04802786585693
0.37938244289645
0.75839565348845
0.63002157297245
0.00000000000003
-0.63002157297241
-0.75839565348845
-0.37938244289646
0.04802786585691
0.11390232665117
-0.11080191368056
-0.19152223323436
0.14266881007811
0.65229860895418
0.81405764746872
0.38301227566845
-0.32090331863553
-0.72026792741164
-0.55745706611844
-0.12626170173384
0.08124447308372
-0.08203655484228
-0.27973605590514
-0.10336259648914
0.42797543233275
0.84011547875719
0.69209352980841
0.05515048844957
-0.53988588155702
-0.63639610306791
-0.29680477503918
0.01232759471317
-0.04354283413628
-0.30246018351122
-0.31094235253126
0.13325425645087
0.70653262635952
0.86785609929722
0.42589844285567
-0.24780254226586
-0.59363148104091
-0.42596526483714
-0.08239396812279
-0.01203664567304
-0.26450336353162
-0.44330167687811
-0.17245696626445
0.44258176769165
0.87708746012555
0.71915098741870
0.10206441027180
-0.43032491168265
-0.48129251687738
-0.18303818726900
0.00000000000000
-0.18303818726893
-0.48129251687737
-0.43032491168266
0.10206441027181
0.71915098741869
0.87708746012554
0.44258176769168
-0.17245696626442
-0.44330167687811
-0.26450336353163
-0.01203664567302
-0.08239396812278
-0.42596526483717
-0.59363148104094
-0.24780254226587
0.42589844285564
0.86785609929720
0.70653262635951
0.13325425645092
-0.31094235253129
-0.30246018351121
-0.04354283413629
0.01232759471320
-0.29680477503916
-0.63639610306788
-0.53988588155702
0.05515048844958
0.69209352980837
0.84011547875720
0.42797543233283
-0.10336259648912
-0.27973605590517
-0.08203655484229
0.08124447308370
-0.12626170173386
-0.55745706611842
-0.72026792741165
-0.32090331863556
0.38301227566842
0.81405764746873
0.65229860895420
0.14266881007809
-0.19152223323436
-0.11080191368057
0.11390232665113
0.04802786585692
-0.37938244289644
-0.75839565348846
-0.63002157297241
-0.00000000000000
0.63002157297242
0.75839565348847
0.37938244289648
-0.04802786585690
-0.11390232665114
0.11080191368055
0.19152223323437
-0.14266881007809
-0.65229860895417
-0.81405764746871
-0.38301227566847
0.32090331863555
0.72026792741164
0.55745706611840
0.12626170173389
-0.08124447308372
0.08203655484222
0.27973605590513
0.10336259648913
-0.42797543233279
-0.84011547875721
-0.69209352980838
-0.05515048844959
0.53988588155699
0.63639610306792
0.29680477503920
-0.01232759471318
0.04354283413629
0.30246018351123
0.31094235253126
-0.13325425645087
-0.70653262635952
-0.86785609929722
-0.42589844285563
0.24780254226582
0.59363148104092
0.42596526483715
0.08239396812280
0.01203664567303
0.26450336353161
0.44330167687811
0.17245696626446
-0.44258176769169
-0.87708746012554
-0.71915098741868
-0.10206441027182
0.43032491168264
0.48129251687743
0.18303818726901
0.00000000000000
0.18303818726897
0.48129251687736
0.43032491168264
-0.10206441027179
-0.71915098741868
-0.87708746012557
-0.44258176769165
0.17245696626444
0.44330167687811
0.26450336353165
0.01203664567303
0.08239396812277
0.42596526483713
0.59363148104093
0.24780254226582
-0.42589844285562
-0.86785609929720
-0.70653262635952
-0.13325425645092
0.31094235253126
0.30246018351126
0.04354283413628
-0.01232759471319
0.29680477503915
0.63639610306789
0.53988588155701
-0.05515048844951
-0.69209352980833
-0.84011547875719
-0.42797543233280
0.10336259648911
0.27973605590517
0.08203655484233
-0.08124447308370
0.12626170173381
0.55745706611844
0.72026792741166
0.32090331863558
-0.38301227566840
-0.81405764746873
-0.65229860895422
-0.14266881007815
0.19152223323434
0.11080191368053
-0.11390232665113
-0.04802786585694
0.37938244289647
0.75839565348845
0.63002157297245
0.00000000000008
-0.63002157297243
-0.75839565348846
-0.37938244289650
0.04802786585689
0.11390232665117
-0.11080191368051
-0.19152223323437
0.14266881007813
0.65229860895420
0.81405764746873
0.38301227566849
-0.32090331863556
-0.72026792741164
-0.55745706611851
-0.12626170173383
0.08124447308372
-0.08203655484226
-0.27973605590513
-0.10336259648912
0.42797543233277
0.84011547875718
0.69209352980839
0.05515048844954
-0.53988588155699
-0.63639610306792
-0.29680477503917
0.01232759471318
-0.04354283413630
-0.30246018351122
-0.31094235253127
0.13325425645090
0.70653262635950
0.86785609929723
0.42589844285565
-0.24780254226587
-0.59363148104089
-0.42596526483713
-0.08239396812278
-0.01203664567302
-0.26450336353161
-0.44330167687810
-0.17245696626442
0.44258176769166
0.87708746012554
0.71915098741869
0.10206441027182
-0.43032491168263
-0.48129251687742
-0.18303818726899
0.00000000000000
-0.18303818726896
-0.48129251687737
-0.43032491168267
0.10206441027177
0.71915098741865
0.87708746012554
0.44258176769167
-0.17245696626442
-0.44330167687812
-0.26450336353161
-0.01203664567303
-0.08239396812276
-0.42596526483718
-0.59363148104093
-0.24780254226587
0.42589844285558
0.86785609929721
0.70653262635954
0.13325425645094
-0.31094235253126
-0.30246018351120
-0.04354283413629
0.01232759471320
-0.29680477503918
-0.63639610306790
-0.53988588155704
0.05515048844949
0.69209352980839
0.84011547875719
0.42797543233282
-0.10336259648914
-0.27973605590517
-0.08203655484231
0.08124447308370
-0.12626170173387
-0.55745706611843
-0.72026792741166
-0.32090331863560
0.38301227566845
0.81405764746871
0.65229860895423
0.14266881007807
-0.19152223323434
-0.11080191368054
0.11390232665115
0.04802786585691
-0.37938244289645
-0.75839565348844
-0.63002157297248
0.00000000000000
0.63002157297242
0.75839565348847
0.37938244289646
-0.04802786585691
-0.11390232665115
0.11080191368053
0.19152223323436
-0.14266881007811
-0.65229860895418
-0.81405764746875
-0.38301227566844
0.32090331863554
0.72026792741164
0.55745706611839
0.12626170173388
-0.08124447308371
0.08203655484225
0.27973605590513
0.10336259648913
-0.42797543233275
-0.84011547875717
-0.69209352980836
-0.05515048844958
0.53988588155698
0.63639610306790
0.29680477503918
-0.01232759471318
0.04354283413625
0.30246018351124
0.31094235253130
-0.13325425645088
-0.70653262635953
-0.86785609929722
-0.42589844285567
0.24780254226579
0.59363148104092
0.42596526483715
0.08239396812279
0.01203664567302
0.26450336353163
0.44330167687810
0.17245696626447
-0.44258176769171
-0.87708746012555
-0.71915098741871
-0.10206441027186
0.43032491168266
0.48129251687743
0.18303818726903
0.00000000000000
0.18303818726898
0.48129251687736
0.43032491168268
-0.10206441027182
-0.71915098741869
-0.87708746012556
-0.44258176769174
0.17245696626446
0.44330167687812
0.26450336353162
0.01203664567304
0.08239396812278
0.42596526483714
0.59363148104091
0.24780254226582
-0.42589844285563
-0.86785609929721
-0.70653262635955
-0.13325425645089
0.31094235253125
0.30246018351126
0.04354283413632
-0.01232759471319
0.29680477503916
0.63639610306790
0.53988588155699
-0.05515048844954
-0.69209352980835
-0.84011547875722
-0.42797543233278
0.10336259648910
0.27973605590518
0.08203655484232
-0.08124447308370
0.12626170173382
0.55745706611838
0.72026792741165
0.32090331863555
-0.38301227566841
-0.81405764746871
-0.65229860895420
-0.14266881007813
0.19152223323435
0.11080191368055
-0.11390232665116
-0.04802786585693
0.37938244289644
0.75839565348846
0.63002157297243
0.00000000000007
-0.63002157297241
-0.75839565348846
-0.37938244289648
0.04802786585690
0.11390232665116
-0.11080191368054
-0.19152223323436
0.14266881007810
0.65229860895421
0.81405764746874
0.38301227566846
-0.32090331863550
-0.72026792741165
-0.55745706611840
-0.12626170173389
0.08124447308371
-0.08203655484226
-0.27973605590513
-0.10336259648916
0.42797543233279
0.84011547875721
0.69209352980837
0.05515048844960
-0.53988588155701
-0.63639610306790
-0.29680477503919
0.01232759471317
-0.04354283413631
-0.30246018351125
-0.31094235253130
0.13325425645092
0.70653262635948
0.86785609929722
0.42589844285573
-0.24780254226587
-0.59363148104092
-0.42596526483716
-0.08239396812283
-0.01203664567300
-0.26450336353162
-0.44330167687808
-0.17245696626440
0.44258176769164
0.87708746012555
0.71915098741876
0.10206441027186
-0.43032491168265
-0.48129251687744
-0.18303818726900
0.00000000000000
-0.18303818726901
-0.48129251687738
-0.43032491168265
0.10206441027185
0.71915098741874
0.87708746012555
0.44258176769164
-0.17245696626448
-0.44330167687809
-0.26450336353158
-0.01203664567301
-0.08239396812283
-0.42596526483719
-0.59363148104091
-0.24780254226585
0.42589844285553
0.86785609929719
0.70653262635956
0.13325425645093
-0.31094235253125
-0.30246018351129
-0.04354283413630
0.01232759471321
-0.29680477503910
-0.63639610306785
-0.53988588155700
0.05515048844947
0.69209352980832
0.84011547875721
0.42797543233290
-0.10336259648911
-0.27973605590515
-0.08203655484223
0.08124447308373
-0.12626170173385
-0.55745706611844
-0.72026792741165
-0.32090331863560
0.38301227566836
0.81405764746875
0.65229860895422
0.14266881007812
-0.19152223323433
-0.11080191368054
0.11390232665115
0.04802786585695
-0.37938244289652
-0.75839565348846
-0.63002157297242
-0.00000000000007
