0.66120079564229
0.63546006376029
0.15218761276894
-0.02722460713380
0.27469123415090
0.41819588180332
-0.07422096924781
-0.75390313285881
-0.82018914249494
-0.22500000000000
0.27106140137893
0.16831040432812
-0.11152573800793
0.09036353631008
0.64875547815061
0.78876022207702
0.19478080510371
-0.50272101021329
-0.57339851353948
-0.16347206880121
-0.01576619684303
-0.35629161612782
-0.56470854059009
-0.10487870412159
0.63639610306789
0.83020042852762
0.33396769992618
-0.14106583012481
-0.05426760548194
0.22500000000000
0.01801977423536
-0.60768531153601
-0.87139923010079
-0.37116238695049
0.33055742661666
0.47370224637601
0.12650111848139
0.01058919308363
0.39885473997263
0.69247879586443
0.29528626102679
-0.47844147659119
-0.78517583998134
-0.39271207268879
0.04350681738305
-0.04952137653626
-0.35168482291886
-0.16315841313014
0.51287990986943
0.90000000000000
0.51287990986943
-0.16315841313013
-0.35168482291887
-0.04952137653627
0.04350681738305
-0.39271207268879
-0.78517583998134
-0.47844147659119
0.29528626102679
0.69247879586443
0.39885473997263
0.01058919308363
0.12650111848140
0.47370224637602
0.33055742661666
-0.37116238695048
-0.87139923010079
-0.60768531153602
0.01801977423535
0.22500000000000
-0.05426760548194
-0.14106583012481
0.33396769992618
0.83020042852762
0.63639610306790
-0.10487870412158
-0.56470854059009
-0.35629161612783
-0.01576619684303
-0.16347206880121
-0.57339851353948
-0.50272101021329
0.19478080510372
0.78876022207702
0.64875547815061
0.09036353631008
-0.11152573800793
0.16831040432811
0.27106140137893
-0.22500000000000
-0.82018914249494
-0.75390313285882
-0.07422096924782
0.41819588180332
0.27469123415090
-0.02722460713380
0.15218761276893
0.63546006376029
0.66120079564229
0.00000000000001
-0.66120079564229
-0.63546006376030
-0.15218761276895
0.02722460713380
-0.27469123415090
-0.41819588180332
0.07422096924781
0.75390313285881
0.82018914249494
0.22500000000000
-0.27106140137893
-0.16831040432812
0.11152573800793
-0.09036353631007
-0.64875547815061
-0.78876022207701
-0.19478080510371
0.50272101021329
0.57339851353948
0.16347206880121
0.01576619684304
0.35629161612783
0.56470854059010
0.10487870412160
-0.63639610306789
-0.83020042852762
-0.33396769992618
0.14106583012481
0.05426760548194
-0.22500000000000
-0.01801977423535
0.60768531153601
0.87139923010079
0.37116238695051
-0.33055742661666
-0.47370224637602
-0.12650111848140
-0.01058919308363
-0.39885473997263
-0.69247879586443
-0.29528626102680
0.47844147659120
0.78517583998134
0.39271207268879
-0.04350681738305
0.04952137653626
0.35168482291887
0.16315841313014
-0.51287990986943
-0.90000000000000
-0.51287990986944
0.16315841313013
0.35168482291886
0.04952137653626
-0.04350681738305
0.39271207268878
0.78517583998134
0.47844147659119
-0.29528626102679
-0.69247879586443
-0.39885473997264
-0.01058919308363
-0.12650111848139
-0.47370224637602
-0.33055742661667
0.37116238695049
0.87139923010079
0.60768531153601
-0.01801977423536
-0.22500000000000
0.05426760548193
0.14106583012481
-0.33396769992617
-0.83020042852762
-0.63639610306791
0.10487870412157
0.56470854059009
0.35629161612782
0.01576619684303
0.16347206880120
0.57339851353948
0.50272101021329
-0.19478080510370
-0.78876022207701
-0.64875547815062
-0.09036353631009
0.11152573800793
-0.16831040432812
-0.27106140137893
0.22499999999999
0.82018914249494
0.75390313285882
0.07422096924782
-0.41819588180332
-0.27469123415089
0.02722460713380
-0.15218761276893
-0.63546006376029
-0.66120079564229
-0.00000000000002
0.66120079564229
0.63546006376028
0.15218761276893
-0.02722460713381
0.27469123415088
0.41819588180332
-0.07422096924778
-0.75390313285881
-0.82018914249494
-0.22500000000002
0.27106140137893
0.16831040432814
-0.11152573800794
0.09036353631008
0.64875547815061
0.78876022207702
0.19478080510372
-0.50272101021328
-0.57339851353947
-0.16347206880119
-0.01576619684304
-0.35629161612783
-0.56470854059009
-0.10487870412159
0.63639610306789
0.83020042852762
0.33396769992619
-0.14106583012481
-0.05426760548194
0.22500000000001
0.01801977423535
-0.60768531153602
-0.87139923010079
-0.37116238695049
0.33055742661666
0.47370224637602
0.12650111848140
0.01058919308363
0.39885473997263
0.69247879586444
0.29528626102678
-0.47844147659120
-0.78517583998134
-0.39271207268878
0.04350681738304
-0.04952137653627
-0.35168482291887
-0.16315841313015
0.51287990986942
0.90000000000000
0.51287990986941
-0.16315841313014
-0.35168482291885
-0.04952137653626
0.04350681738305
-0.39271207268878
-0.78517583998134
-0.47844147659120
0.29528626102678
0.69247879586443
0.39885473997267
0.01058919308363
0.12650111848138
0.47370224637600
0.33055742661666
-0.37116238695045
-0.87139923010078
-0.60768531153605
0.01801977423533
0.22500000000001
-0.05426760548193
-0.14106583012481
0.33396769992616
0.83020042852761
0.63639610306791
-0.10487870412158
-0.56470854059009
-0.35629161612783
-0.01576619684304
-0.16347206880120
-0.57339851353948
-0.50272101021330
0.19478080510372
0.78876022207702
0.64875547815061
0.09036353631008
-0.11152573800793
0.16831040432813
0.27106140137893
-0.22499999999999
-0.82018914249493
-0.75390313285882
-0.07422096924783
0.41819588180332
0.27469123415090
-0.02722460713380
0.15218761276894
0.63546006376029
0.66120079564229
0.00000000000001
-0.66120079564228
-0.63546006376030
-0.15218761276895
0.02722460713381
-0.27469123415089
-0.41819588180333
0.07422096924781
0.75390313285881
0.82018914249494
0.22500000000001
-0.27106140137892
-0.16831040432814
0.11152573800793
-0.09036353631006
-0.64875547815061
-0.78876022207702
-0.19478080510371
0.50272101021329
0.57339851353949
0.16347206880121
0.01576619684303
0.35629161612782
0.56470854059010
0.10487870412161
-0.63639610306788
-0.83020042852763
-0.33396769992618
0.14106583012480
0.05426760548194
-0.22500000000000
-0.01801977423536
0.60768531153603
0.87139923010079
0.37116238695048
-0.33055742661666
-0.47370224637601
-0.12650111848141
-0.01058919308364
-0.39885473997261
-0.69247879586443
-0.29528626102683
0.47844147659118
0.78517583998135
0.39271207268880
-0.04350681738305
0.04952137653625
0.35168482291887
0.16315841313017
-0.51287990986942
-0.90000000000000
-0.51287990986944
0.16315841313011
0.35168482291887
0.04952137653626
-0.04350681738305
0.39271207268879
0.78517583998134
0.47844147659119
-0.29528626102676
-0.69247879586443
-0.39885473997266
-0.01058919308363
-0.12650111848140
-0.47370224637601
-0.33055742661665
0.37116238695046
0.87139923010079
0.60768531153604
-0.01801977423535
-0.22500000000000
0.05426760548193
0.14106583012482
-0.33396769992617
-0.83020042852763
-0.63639610306792
0.10487870412160
0.56470854059009
0.35629161612783
0.01576619684304
0.16347206880121
0.57339851353946
0.50272101021329
-0.19478080510366
-0.78876022207701
-0.64875547815060
-0.09036353631009
0.11152573800794
-0.16831040432811
-0.27106140137893
0.22499999999999
0.82018914249494
0.75390313285882
0.07422096924782
-0.41819588180332
-0.27469123415088
0.02722460713380
-0.15218761276894
-0.63546006376027
-0.66120079564230
-0.00000000000004
0.66120079564228
0.63546006376027
0.15218761276896
-0.02722460713380
0.27469123415088
0.41819588180333
-0.07422096924782
-0.75390313285878
-0.82018914249494
-0.22500000000006
0.27106140137893
0.16831040432817
-0.11152573800793
0.09036353631003
0.64875547815060
0.78876022207701
0.19478080510373
-0.50272101021329
-0.57339851353950
-0.16347206880123
-0.01576619684303
-0.35629161612779
-0.56470854059010
-0.10487870412162
0.63639610306785
0.83020042852762
0.33396769992617
-0.14106583012480
-0.05426760548194
0.22500000000001
0.01801977423535
-0.60768531153601
-0.87139923010079
-0.37116238695050
0.33055742661664
0.47370224637601
0.12650111848141
0.01058919308364
0.39885473997261
0.69247879586445
0.29528626102682
-0.47844147659121
-0.78517583998135
-0.39271207268877
0.04350681738303
-0.04952137653627
-0.35168482291884
-0.16315841313014
0.51287990986943
0.90000000000000
0.51287990986943
-0.16315841313013
-0.35168482291886
-0.04952137653627
0.04350681738305
-0.39271207268877
-0.78517583998134
-0.47844147659122
0.29528626102677
0.69247879586442
0.39885473997266
0.01058919308362
0.12650111848137
0.47370224637602
0.33055742661669
-0.37116238695050
-0.87139923010078
-0.60768531153601
0.01801977423532
0.22499999999999
-0.05426760548193
-0.14106583012481
0.33396769992617
0.83020042852762
0.63639610306791
-0.10487870412156
-0.56470854059010
-0.35629161612783
-0.01576619684304
-0.16347206880119
-0.57339851353947
-0.50272101021329
0.19478080510373
0.78876022207702
0.64875547815059
0.09036353631007
-0.11152573800793
0.16831040432813
0.27106140137894
-0.22500000000000
-0.82018914249494
-0.75390313285883
-0.07422096924781
0.41819588180331
0.27469123415088
-0.02722460713381
0.15218761276896
0.63546006376028
0.66120079564229
0.00000000000003
-0.66120079564228
-0.63546006376027
-0.15218761276892
0.02722460713379
-0.27469123415092
-0.41819588180334
0.07422096924781
0.75390313285882
0.82018914249494
0.22499999999999
-0.27106140137891
-0.16831040432811
0.11152573800796
-0.09036353631007
-0.64875547815064
-0.78876022207702
-0.19478080510368
0.50272101021328
0.57339851353946
0.16347206880122
0.01576619684305
0.35629161612777
0.56470854059009
0.10487870412156
-0.63639610306788
-0.83020042852764
-0.33396769992623
0.14106583012481
0.05426760548197
-0.22499999999996
-0.01801977423540
0.60768531153596
0.87139923010080
0.37116238695055
-0.33055742661668
-0.47370224637604
-0.12650111848139
-0.01058919308361
-0.39885473997262
-0.69247879586443
-0.29528626102683
0.47844147659116
0.78517583998135
0.39271207268882
-0.04350681738304
0.04952137653625
0.35168482291885
0.16315841313016
-0.51287990986939
-0.90000000000000
-0.51287990986948
0.16315841313013
0.35168482291890
0.04952137653627
-0.04350681738304
0.39271207268878
0.78517583998134
0.47844147659120
-0.29528626102678
-0.69247879586443
-0.39885473997265
-0.01058919308364
-0.12650111848137
-0.47370224637601
-0.33055742661668
0.37116238695050
0.87139923010078
0.60768531153600
-0.01801977423532
-0.22500000000002
0.05426760548192
0.14106583012483
-0.33396769992613
-0.83020042852762
-0.63639610306793
0.10487870412156
0.56470854059008
0.35629161612783
0.01576619684304
0.16347206880119
0.57339851353948
0.50272101021331
-0.19478080510368
-0.78876022207701
-0.64875547815064
-0.09036353631011
0.11152573800795
-0.16831040432814
-0.27106140137892
0.22500000000001
0.82018914249491
0.75390313285881
0.07422096924785
-0.41819588180333
-0.27469123415094
0.02722460713380
-0.15218761276893
-0.63546006376027
-0.66120079564229
-0.00000000000003
0.66120079564228
0.63546006376029
0.15218761276895
-0.02722460713381
0.27469123415088
0.41819588180334
-0.07422096924776
-0.75390313285878
-0.82018914249493
-0.22499999999998
0.27106140137891
0.16831040432810
-0.11152573800794
0.09036353631008
0.64875547815061
0.78876022207703
0.19478080510373
-0.50272101021328
-0.57339851353945
-0.16347206880122
-0.01576619684305
-0.35629161612781
-0.56470854059010
-0.10487870412161
0.63639610306792
0.83020042852763
0.33396769992616
-0.14106583012479
-0.05426760548193
0.22499999999999
0.01801977423535
-0.60768531153602
-0.87139923010079
-0.37116238695048
0.33055742661665
0.47370224637601
0.12650111848139
0.01058919308363
0.39885473997263
0.69247879586443
0.29528626102676
-0.47844147659116
-0.78517583998134
-0.39271207268881
0.04350681738305
-0.04952137653626
-0.35168482291889
-0.16315841313016
0.51287990986944
0.90000000000000
0.51287990986943
-0.16315841313010
-0.35168482291885
-0.04952137653626
0.04350681738304
-0.39271207268878
-0.78517583998137
-0.47844147659120
0.29528626102678
0.69247879586442
0.39885473997259
0.01058919308364
0.12650111848139
0.47370224637603
0.33055742661664
-0.37116238695050
-0.87139923010078
-0.60768531153600
0.01801977423537
0.22499999999998
-0.05426760548188
-0.14106583012481
0.33396769992618
0.83020042852760
0.63639610306784
-0.10487870412163
-0.56470854059008
-0.35629161612787
-0.01576619684304
-0.16347206880120
-0.57339851353945
-0.50272101021333
0.19478080510371
0.78876022207701
0.64875547815068
0.09036353631009
-0.11152573800794
0.16831040432810
0.27106140137893
-0.22500000000002
-0.82018914249492
-0.75390313285885
-0.07422096924792
0.41819588180333
0.27469123415096
-0.02722460713380
0.15218761276893
0.63546006376028
0.66120079564230
0.00000000000008
-0.66120079564228
-0.63546006376030
-0.15218761276899
0.02722460713382
-0.27469123415086
-0.41819588180333
0.07422096924771
0.75390313285883
0.82018914249496
0.22500000000004
-0.27106140137890
-0.16831040432812
0.11152573800793
-0.09036353631004
-0.64875547815061
-0.78876022207701
-0.19478080510378
0.50272101021326
0.57339851353950
0.16347206880121
0.01576619684304
0.35629161612777
0.56470854059007
0.10487870412161
-0.63639610306788
-0.83020042852761
-0.33396769992621
0.14106583012481
0.05426760548197
-0.22500000000000
-0.01801977423539
0.60768531153598
0.87139923010080
0.37116238695048
-0.33055742661667
-0.47370224637602
-0.12650111848139
-0.01058919308363
-0.39885473997262
-0.69247879586444
-0.29528626102681
0.47844147659118
0.78517583998134
0.39271207268885
-0.04350681738306
0.04952137653625
0.35168482291887
0.16315841313011
-0.51287990986945
-0.90000000000000
-0.51287990986947
0.16315841313015
0.35168482291885
0.04952137653630
-0.04350681738307
0.39271207268879
0.78517583998135
0.47844147659124
-0.29528626102685
-0.69247879586442
-0.39885473997264
-0.01058919308365
-0.12650111848141
-0.47370224637600
-0.33055742661669
0.37116238695038
0.87139923010079
0.60768531153604
-0.01801977423534
-0.22499999999997
0.05426760548196
0.14106583012482
-0.33396769992613
-0.83020042852762
-0.63639610306790
0.10487870412151
0.56470854059008
0.35629161612783
0.01576619684304
0.16347206880121
0.57339851353952
0.50272101021329
-0.19478080510368
-0.78876022207700
-0.64875547815058
-0.09036353631009
0.11152573800793
-0.16831040432811
-0.27106140137891
0.22500000000000
0.82018914249492
0.75390313285880
0.07422096924780
-0.41819588180332
-0.27469123415097
0.02722460713378
-0.15218761276894
-0.63546006376025
-0.66120079564234
-0.00000000000008
0.66120079564228
0.63546006376033
0.15218761276894
-0.02722460713379
0.27469123415090
0.41819588180335
-0.07422096924778
-0.75390313285883
-0.82018914249496
-0.22500000000010
0.27106140137892
0.16831040432810
-0.11152573800793
0.09036353631009
0.64875547815066
0.78876022207705
0.19478080510378
-0.50272101021330
-0.57339851353945
-0.16347206880128
-0.01576619684302
-0.35629161612781
-0.56470854059011
-0.10487870412170
0.63639610306792
0.83020042852763
0.33396769992616
-0.14106583012480
-0.05426760548193
0.22500000000001
0.01801977423535
-0.60768531153599
-0.87139923010079
-0.37116238695053
0.33055742661665
0.47370224637606
0.12650111848138
0.01058919308362
0.39885473997264
0.69247879586443
0.29528626102681
-0.47844147659114
-0.78517583998131
-0.39271207268885
0.04350681738304
-0.04952137653623
-0.35168482291892
-0.16315841313017
0.51287990986940
0.90000000000000
0.51287990986936
-0.16315841313015
-0.35168482291887
-0.04952137653626
0.04350681738304
-0.39271207268880
-0.78517583998134
-0.47844147659118
0.29528626102685
0.69247879586441
0.39885473997268
0.01058919308363
0.12650111848144
0.47370224637601
0.33055742661664
-0.37116238695045
-0.87139923010079
-0.60768531153604
0.01801977423539
0.22500000000000
-0.05426760548197
-0.14106583012484
0.33396769992620
0.83020042852760
0.63639610306790
-0.10487870412165
-0.56470854059008
-0.35629161612787
-0.01576619684303
-0.16347206880125
-0.57339851353949
-0.50272101021331
0.19478080510368
0.78876022207703
0.64875547815062
0.09036353631014
-0.11152573800789
0.16831040432814
0.27106140137894
-0.22499999999991
-0.82018914249498
-0.75390313285880
-0.07422096924785
0.41819588180333
0.27469123415083
-0.02722460713382
0.15218761276883
0.63546006376029
0.66120079564226
0.00000000000003
-0.66120079564226
-0.63546006376030
-0.15218761276898
0.02722460713380
-0.27469123415086
-0.41819588180334
0.07422096924774
0.75390313285880
0.82018914249498
0.22500000000003
-0.27106140137892
-0.16831040432812
0.11152573800789
-0.09036353631006
-0.64875547815053
-0.78876022207704
-0.19478080510381
0.50272101021327
0.57339851353955
0.16347206880116
0.01576619684304
0.35629161612777
0.56470854059009
0.10487870412154
-0.63639610306788
-0.83020042852765
-0.33396769992630
0.14106583012482
0.05426760548195
-0.22499999999998
-0.01801977423537
0.60768531153604
0.87139923010079
0.37116238695057
-0.33055742661664
-0.47370224637599
-0.12650111848142
-0.01058919308361
-0.39885473997258
-0.69247879586445
-0.29528626102685
0.47844147659120
0.78517583998136
0.39271207268879
-0.04350681738303
0.04952137653627
0.35168482291883
0.16315841313015
-0.51287990986935
-0.90000000000000
-0.51287990986951
0.16315841313009
0.35168482291885
0.04952137653630
-0.04350681738307
0.39271207268875
0.78517583998135
0.47844147659122
-0.29528626102670
-0.69247879586442
-0.39885473997263
-0.01058919308365
-0.12650111848133
-0.47370224637606
-0.33055742661665
0.37116238695053
0.87139923010077
0.60768531153598
-0.01801977423534
-0.22499999999996
0.05426760548191
0.14106583012482
-0.33396769992614
-0.83020042852763
-0.63639610306790
0.10487870412161
0.56470854059009
0.35629161612779
0.01576619684305
0.16347206880122
0.57339851353944
0.50272101021330
-0.19478080510363
-0.78876022207698
-0.64875547815066
-0.09036353631008
0.11152573800796
-0.16831040432813
-0.27106140137892
0.22500000000010
0.82018914249490
0.75390313285885
0.07422096924780
-0.41819588180327
-0.27469123415097
0.02722460713380
-0.15218761276895
-0.63546006376035
-0.66120079564231
-0.00000000000005
