0.69210006290590
0.61000009985400
0.08359278730338
-0.03868476158120
0.27469123415090
0.24426174130360
-0.40146875373693
-0.89114129062063
-0.53428630635471
0.22500000000000
0.46309597905136
0.12994180590333
0.01587072551676
0.42259373980793
0.64875547815061
0.10925609360417
-0.66977659781920
-0.76389830484752
-0.19432770894174
0.16347206880121
-0.05648358257849
-0.20532955785097
0.26055751744741
0.82197682930382
0.63639610306789
-0.15680046617697
-0.60211289681505
-0.32354761137197
-0.00177506809319
-0.22500000000000
-0.53976597626216
-0.19613574844373
0.59048750136717
0.86485103424123
0.33055742661666
-0.23232287444695
-0.16789473871099
0.10749721063283
-0.13454181915898
-0.69247879586443
-0.68879775570163
0.05606585777539
0.67884658925225
0.51908262283390
0.04350681738305
0.04119508695272
0.37397263277228
0.24151612490160
-0.47035071705200
-0.90000000000000
-0.47035071705200
0.24151612490161
0.37397263277228
0.04119508695273
0.04350681738305
0.51908262283389
0.67884658925225
0.05606585777539
-0.68879775570163
-0.69247879586443
-0.13454181915898
0.10749721063283
-0.16789473871099
-0.23232287444695
0.33055742661665
0.86485103424123
0.59048750136717
-0.19613574844373
-0.53976597626215
-0.22500000000000
-0.00177506809319
-0.32354761137197
-0.60211289681505
-0.15680046617697
0.63639610306789
0.82197682930382
0.26055751744741
-0.20532955785097
-0.05648358257849
0.16347206880121
-0.19432770894173
-0.76389830484751
-0.66977659781919
0.10925609360417
0.64875547815061
0.42259373980793
0.01587072551676
0.12994180590333
0.46309597905136
0.22500000000000
-0.53428630635470
-0.89114129062063
-0.40146875373694
0.24426174130360
0.27469123415090
-0.03868476158120
0.08359278730337
0.61000009985399
0.69210006290590
-0.00000000000001
-0.69210006290589
-0.61000009985400
-0.08359278730338
0.03868476158119
-0.27469123415089
-0.24426174130360
0.40146875373692
0.89114129062063
0.53428630635472
-0.22500000000000
-0.46309597905135
-0.12994180590334
-0.01587072551676
-0.42259373980791
-0.64875547815061
-0.10925609360418
0.66977659781920
0.76389830484752
0.19432770894175
-0.16347206880120
0.05648358257849
0.20532955785097
-0.26055751744741
-0.82197682930381
-0.63639610306790
0.15680046617698
0.60211289681505
0.32354761137198
0.00177506809319
0.22500000000000
0.53976597626216
0.19613574844373
-0.59048750136717
-0.86485103424123
-0.33055742661667
0.23232287444695
0.16789473871099
-0.10749721063283
0.13454181915898
0.69247879586443
0.68879775570163
-0.05606585777539
-0.67884658925224
-0.51908262283389
-0.04350681738305
-0.04119508695272
-0.37397263277229
-0.24151612490160
0.47035071705199
0.90000000000000
0.47035071705201
-0.24151612490160
-0.37397263277228
-0.04119508695272
-0.04350681738304
-0.51908262283389
-0.67884658925225
-0.05606585777539
0.68879775570163
0.69247879586443
0.13454181915898
-0.10749721063283
0.16789473871098
0.23232287444696
-0.33055742661665
-0.86485103424123
-0.59048750136716
0.19613574844373
0.53976597626216
0.22500000000001
0.00177506809319
0.32354761137197
0.60211289681505
0.15680046617699
-0.63639610306787
-0.82197682930383
-0.26055751744741
0.20532955785097
0.05648358257850
-0.16347206880120
0.19432770894173
0.76389830484751
0.66977659781920
-0.10925609360415
-0.64875547815061
-0.42259373980793
-0.01587072551676
-0.12994180590334
-0.46309597905136
-0.22500000000000
0.53428630635470
0.89114129062063
0.40146875373694
-0.24426174130360
-0.27469123415091
0.03868476158119
-0.08359278730336
-0.61000009985399
-0.69210006290589
0.00000000000002
0.69210006290589
0.61000009985400
0.08359278730338
-0.03868476158120
0.27469123415090
0.24426174130361
-0.40146875373690
-0.89114129062063
-0.53428630635469
0.22499999999999
0.46309597905136
0.12994180590333
0.01587072551676
0.42259373980791
0.64875547815061
0.10925609360420
-0.66977659781919
-0.76389830484752
-0.19432770894175
0.16347206880121
-0.05648358257849
-0.20532955785097
0.26055751744739
0.82197682930381
0.63639610306789
-0.15680046617697
-0.60211289681505
-0.32354761137200
-0.00177506809320
-0.22500000000001
-0.53976597626217
-0.19613574844374
0.59048750136716
0.86485103424123
0.33055742661667
-0.23232287444694
-0.16789473871099
0.10749721063283
-0.13454181915897
-0.69247879586444
-0.68879775570164
0.05606585777538
0.67884658925225
0.51908262283389
0.04350681738304
0.04119508695272
0.37397263277228
0.24151612490161
-0.47035071705200
-0.90000000000000
-0.47035071705199
0.24151612490161
0.37397263277229
0.04119508695272
0.04350681738304
0.51908262283388
0.67884658925225
0.05606585777537
-0.68879775570162
-0.69247879586444
-0.13454181915899
0.10749721063282
-0.16789473871101
-0.23232287444695
0.33055742661665
0.86485103424123
0.59048750136716
-0.19613574844371
-0.53976597626216
-0.22500000000000
-0.00177506809319
-0.32354761137198
-0.60211289681505
-0.15680046617699
0.63639610306790
0.82197682930381
0.26055751744743
-0.20532955785097
-0.05648358257848
0.16347206880120
-0.19432770894173
-0.76389830484751
-0.66977659781919
0.10925609360418
0.64875547815062
0.42259373980795
0.01587072551677
0.12994180590334
0.46309597905136
0.22500000000000
-0.53428630635469
-0.89114129062064
-0.40146875373695
0.24426174130361
0.27469123415091
-0.03868476158119
0.08359278730338
0.61000009985399
0.69210006290590
0.00000000000002
-0.69210006290589
-0.61000009985401
-0.08359278730338
0.03868476158120
-0.27469123415089
-0.24426174130360
0.40146875373693
0.89114129062063
0.53428630635472
-0.22499999999999
-0.46309597905136
-0.12994180590333
-0.01587072551676
-0.42259373980791
-0.64875547815061
-0.10925609360418
0.66977659781920
0.76389830484752
0.19432770894175
-0.16347206880121
0.05648358257850
0.20532955785097
-0.26055751744739
-0.82197682930381
-0.63639610306791
0.15680046617695
0.60211289681505
0.32354761137201
0.00177506809319
0.22499999999999
0.53976597626215
0.19613574844371
-0.59048750136716
-0.86485103424123
-0.33055742661668
0.23232287444696
0.16789473871101
-0.10749721063283
0.13454181915897
0.69247879586441
0.68879775570166
-0.05606585777537
-0.67884658925224
-0.51908262283390
-0.04350681738304
-0.04119508695270
-0.37397263277228
-0.24151612490162
0.47035071705197
0.90000000000000
0.47035071705200
-0.24151612490157
-0.37397263277228
-0.04119508695272
-0.04350681738303
-0.51908262283390
-0.67884658925225
-0.05606585777540
0.68879775570162
0.69247879586443
0.13454181915901
-0.10749721063282
0.16789473871098
0.23232287444696
-0.33055742661667
-0.86485103424123
-0.59048750136718
0.19613574844369
0.53976597626215
0.22500000000003
0.00177506809319
0.32354761137197
0.60211289681505
0.15680046617696
-0.63639610306788
-0.82197682930381
-0.26055751744744
0.20532955785096
0.05648358257849
-0.16347206880121
0.19432770894172
0.76389830484750
0.66977659781922
-0.10925609360417
-0.64875547815062
-0.42259373980796
-0.01587072551676
-0.12994180590334
-0.46309597905135
-0.22500000000002
0.53428630635472
0.89114129062063
0.40146875373695
-0.24426174130359
-0.27469123415089
0.03868476158119
-0.08359278730336
-0.61000009985401
-0.69210006290592
0.00000000000004
0.69210006290588
0.61000009985403
0.08359278730338
-0.03868476158120
0.27469123415088
0.24426174130361
-0.40146875373692
-0.89114129062063
-0.53428630635470
0.22500000000000
0.46309597905137
0.12994180590335
0.01587072551676
0.42259373980788
0.64875547815061
0.10925609360415
-0.66977659781917
-0.76389830484749
-0.19432770894175
0.16347206880122
-0.05648358257849
-0.20532955785097
0.26055751744738
0.82197682930382
0.63639610306795
-0.15680046617694
-0.60211289681505
-0.32354761137201
-0.00177506809319
-0.22499999999998
-0.53976597626217
-0.19613574844377
0.59048750136716
0.86485103424124
0.33055742661670
-0.23232287444692
-0.16789473871099
0.10749721063281
-0.13454181915898
-0.69247879586443
-0.68879775570162
0.05606585777541
0.67884658925223
0.51908262283386
0.04350681738306
0.04119508695270
0.37397263277226
0.24151612490161
-0.47035071705202
-0.90000000000000
-0.47035071705201
0.24151612490160
0.37397263277227
0.04119508695272
0.04350681738304
0.51908262283383
0.67884658925224
0.05606585777543
-0.68879775570164
-0.69247879586442
-0.13454181915902
0.10749721063281
-0.16789473871097
-0.23232287444696
0.33055742661666
0.86485103424123
0.59048750136720
-0.19613574844373
-0.53976597626215
-0.22500000000000
-0.00177506809320
-0.32354761137199
-0.60211289681506
-0.15680046617700
0.63639610306791
0.82197682930384
0.26055751744737
-0.20532955785096
-0.05648358257854
0.16347206880122
-0.19432770894172
-0.76389830484750
-0.66977659781920
0.10925609360415
0.64875547815062
0.42259373980791
0.01587072551677
0.12994180590333
0.46309597905134
0.22499999999999
-0.53428630635471
-0.89114129062063
-0.40146875373691
0.24426174130357
0.27469123415090
-0.03868476158119
0.08359278730336
0.61000009985401
0.69210006290591
0.00000000000002
-0.69210006290589
-0.61000009985400
-0.08359278730339
0.03868476158118
-0.27469123415087
-0.24426174130359
0.40146875373691
0.89114129062064
0.53428630635477
-0.22499999999999
-0.46309597905136
-0.12994180590337
-0.01587072551676
-0.42259373980792
-0.64875547815061
-0.10925609360414
0.66977659781920
0.76389830484752
0.19432770894171
-0.16347206880119
0.05648358257850
0.20532955785098
-0.26055751744738
-0.82197682930382
-0.63639610306791
0.15680046617698
0.60211289681507
0.32354761137197
0.00177506809319
0.22499999999998
0.53976597626218
0.19613574844373
-0.59048750136711
-0.86485103424122
-0.33055742661665
0.23232287444693
0.16789473871096
-0.10749721063282
0.13454181915899
0.69247879586443
0.68879775570164
-0.05606585777534
-0.67884658925226
-0.51908262283386
-0.04350681738306
-0.04119508695273
-0.37397263277231
-0.24151612490162
0.47035071705201
0.90000000000000
0.47035071705207
-0.24151612490161
-0.37397263277230
-0.04119508695277
-0.04350681738306
-0.51908262283387
-0.67884658925225
-0.05606585777540
0.68879775570163
0.69247879586446
0.13454181915898
-0.10749721063282
0.16789473871098
0.23232287444695
-0.33055742661666
-0.86485103424122
-0.59048750136715
0.19613574844374
0.53976597626219
0.22499999999998
0.00177506809319
0.32354761137193
0.60211289681507
0.15680046617702
-0.63639610306786
-0.82197682930381
-0.26055751744742
0.20532955785095
0.05648358257848
-0.16347206880121
0.19432770894172
0.76389830484750
0.66977659781919
-0.10925609360408
-0.64875547815059
-0.42259373980796
-0.01587072551677
-0.12994180590337
-0.46309597905135
-0.22500000000003
0.53428630635472
0.89114129062064
0.40146875373696
-0.24426174130360
-0.27469123415089
0.03868476158118
-0.08359278730336
-0.61000009985400
-0.69210006290591
-0.00000000000004
0.69210006290588
0.61000009985404
0.08359278730335
-0.03868476158120
0.27469123415088
0.24426174130360
-0.40146875373691
-0.89114129062063
-0.53428630635472
0.22500000000000
0.46309597905135
0.12994180590332
0.01587072551675
0.42259373980791
0.64875547815062
0.10925609360416
-0.66977659781916
-0.76389830484753
-0.19432770894171
0.16347206880122
-0.05648358257849
-0.20532955785097
0.26055751744738
0.82197682930382
0.63639610306790
-0.15680046617692
-0.60211289681504
-0.32354761137201
-0.00177506809319
-0.22500000000002
-0.53976597626214
-0.19613574844374
0.59048750136714
0.86485103424122
0.33055742661671
-0.23232287444694
-0.16789473871099
0.10749721063283
-0.13454181915898
-0.69247879586442
-0.68879775570163
0.05606585777538
0.67884658925225
0.51908262283391
0.04350681738304
0.04119508695270
0.37397263277227
0.24151612490164
-0.47035071705196
-0.90000000000000
-0.47035071705201
0.24151612490157
0.37397263277230
0.04119508695272
0.04350681738304
0.51908262283382
0.67884658925224
0.05606585777540
-0.68879775570157
-0.69247879586446
-0.13454181915898
0.10749721063283
-0.16789473871099
-0.23232287444694
0.33055742661665
0.86485103424122
0.59048750136721
-0.19613574844375
-0.53976597626215
-0.22500000000001
-0.00177506809318
-0.32354761137196
-0.60211289681506
-0.15680046617705
0.63639610306790
0.82197682930382
0.26055751744748
-0.20532955785096
-0.05648358257849
0.16347206880121
-0.19432770894172
-0.76389830484747
-0.66977659781919
0.10925609360414
0.64875547815059
0.42259373980791
0.01587072551676
0.12994180590333
0.46309597905133
0.22500000000000
-0.53428630635470
-0.89114129062064
-0.40146875373697
0.24426174130360
0.27469123415095
-0.03868476158121
0.08359278730339
0.61000009985395
0.69210006290590
0.00000000000011
-0.69210006290591
-0.61000009985399
-0.08359278730339
0.03868476158123
-0.27469123415089
-0.24426174130362
0.40146875373684
0.89114129062063
0.53428630635471
-0.22499999999995
-0.46309597905134
-0.12994180590333
-0.01587072551674
-0.42259373980792
-0.64875547815060
-0.10925609360420
0.66977659781917
0.76389830484757
0.19432770894168
-0.16347206880121
0.05648358257845
0.20532955785098
-0.26055751744742
-0.82197682930382
-0.63639610306795
0.15680046617702
0.60211289681505
0.32354761137202
0.00177506809320
0.22500000000001
0.53976597626213
0.19613574844374
-0.59048750136708
-0.86485103424124
-0.33055742661666
0.23232287444692
0.16789473871093
-0.10749721063284
0.13454181915893
0.69247879586438
0.68879775570163
-0.05606585777538
-0.67884658925223
-0.51908262283390
-0.04350681738304
-0.04119508695273
-0.37397263277228
-0.24151612490158
0.47035071705201
0.90000000000000
0.47035071705207
-0.24151612490162
-0.37397263277229
-0.04119508695276
-0.04350681738304
-0.51908262283391
-0.67884658925224
-0.05606585777542
0.68879775570166
0.69247879586442
0.13454181915899
-0.10749721063282
0.16789473871105
0.23232287444695
-0.33055742661659
-0.86485103424120
-0.59048750136716
0.19613574844373
0.53976597626213
0.22500000000003
0.00177506809319
0.32354761137191
0.60211289681505
0.15680046617693
-0.63639610306789
-0.82197682930382
-0.26055751744753
0.20532955785097
0.05648358257843
-0.16347206880120
0.19432770894176
0.76389830484753
0.66977659781926
-0.10925609360415
-0.64875547815061
-0.42259373980797
-0.01587072551678
-0.12994180590328
-0.46309597905129
-0.22500000000001
0.53428630635469
0.89114129062064
0.40146875373697
-0.24426174130358
-0.27469123415094
0.03868476158121
-0.08359278730338
-0.61000009985391
-0.69210006290593
0.00000000000007
0.69210006290588
0.61000009985404
0.08359278730335
-0.03868476158124
0.27469123415090
0.24426174130363
-0.40146875373691
-0.89114129062063
-0.53428630635476
0.22499999999994
0.46309597905137
0.12994180590332
0.01587072551673
0.42259373980791
0.64875547815060
0.10925609360422
-0.66977659781913
-0.76389830484750
-0.19432770894182
0.16347206880120
-0.05648358257851
-0.20532955785095
0.26055751744736
0.82197682930379
0.63639610306795
-0.15680046617698
-0.60211289681504
-0.32354761137207
-0.00177506809320
-0.22499999999997
-0.53976597626214
-0.19613574844369
0.59048750136719
0.86485103424126
0.33055742661678
-0.23232287444696
-0.16789473871102
0.10749721063281
-0.13454181915893
-0.69247879586437
-0.68879775570164
0.05606585777539
0.67884658925227
0.51908262283392
0.04350681738307
0.04119508695271
0.37397263277231
0.24151612490160
-0.47035071705190
-0.90000000000000
-0.47035071705202
0.24151612490156
0.37397263277232
0.04119508695270
0.04350681738301
0.51908262283382
0.67884658925225
0.05606585777539
-0.68879775570161
-0.69247879586447
-0.13454181915903
0.10749721063281
-0.16789473871104
-0.23232287444697
0.33055742661665
0.86485103424122
0.59048750136720
-0.19613574844370
-0.53976597626212
-0.22500000000008
-0.00177506809318
-0.32354761137200
-0.60211289681507
-0.15680046617702
0.63639610306786
0.82197682930385
0.26055751744739
-0.20532955785093
-0.05648358257857
0.16347206880120
-0.19432770894170
-0.76389830484756
-0.66977659781922
0.10925609360422
0.64875547815062
0.42259373980801
0.01587072551676
0.12994180590340
0.46309597905136
0.22500000000009
-0.53428630635475
-0.89114129062065
-0.40146875373692
0.24426174130355
0.27469123415096
-0.03868476158117
0.08359278730341
0.61000009985403
0.69210006290591
-0.00000000000000
-0.69210006290584
-0.61000009985400
-0.08359278730334
0.03868476158123
-0.27469123415086
-0.24426174130359
0.40146875373684
0.89114129062063
0.53428630635461
-0.22499999999997
-0.46309597905134
-0.12994180590345
-0.01587072551677
-0.42259373980795
-0.64875547815063
-0.10925609360426
0.66977659781920
0.76389830484747
0.19432770894178
-0.16347206880122
0.05648358257852
0.20532955785098
-0.26055751744739
-0.82197682930386
-0.63639610306789
0.15680046617694
0.60211289681504
0.32354761137203
0.00177506809319
0.22500000000002
0.53976597626216
0.19613574844377
-0.59048750136713
-0.86485103424124
-0.33055742661663
0.23232287444695
0.16789473871108
-0.10749721063284
0.13454181915905
0.69247879586442
0.68879775570165
-0.05606585777544
-0.67884658925223
-0.51908262283385
-0.04350681738304
-0.04119508695273
-0.37397263277226
-0.24151612490164
0.47035071705195
0.90000000000000
0.47035071705198
-0.24151612490153
-0.37397263277226
-0.04119508695266
-0.04350681738303
-0.51908262283386
-0.67884658925228
-0.05606585777543
0.68879775570163
0.69247879586442
0.13454181915899
-0.10749721063284
0.16789473871097
0.23232287444696
-0.33055742661668
-0.86485103424124
-0.59048750136724
0.19613574844369
0.53976597626216
0.22500000000004
0.00177506809320
0.32354761137201
0.60211289681506
0.15680046617706
-0.63639610306797
-0.82197682930382
-0.26055751744746
0.20532955785099
0.05648358257858
-0.16347206880121
0.19432770894174
0.76389830484752
0.66977659781919
-0.10925609360413
-0.64875547815057
-0.42259373980787
-0.01587072551675
-0.12994180590329
-0.46309597905132
-0.22500000000000
0.53428630635471
0.89114129062064
0.40146875373687
-0.24426174130357
-0.27469123415087
0.03868476158123
-0.08359278730337
-0.61000009985400
-0.69210006290588
-0.00000000000004
