0.67633386606286
0.70524021403662
0.21009390578477
-0.13398306516000
-0.00000000000000
0.20273732481546
-0.04978393081807
-0.61476807650083
-0.80534770773364
-0.27811529493745
0.48111575328671
0.72667852572501
0.34983842544294
-0.05211360957178
-0.00000000000000
0.25164624256397
0.11539924216215
-0.46411815629607
-0.85552850458403
-0.52900672706323
0.23880267844830
0.67698448024843
0.45533832255112
0.03485708921820
0.00000000000000
0.27592227276786
0.26928633328574
-0.26803711725172
-0.82196421058813
-0.72811529493746
-0.02688606639273
0.56102247701691
0.51626653211936
0.11841573325188
-0.00000000000000
0.27318910844971
0.39681380187910
-0.04571873764636
-0.70794033269846
-0.85595086466564
-0.28994301572900
0.39014368486152
0.52665897648331
0.19038302026394
0.00000000000000
0.24371429077606
0.48549837078022
0.18107491054100
-0.52461832253393
-0.90000000000000
-0.52461832253394
0.18107491054100
0.48549837078022
0.24371429077606
-0.00000000000000
0.19038302026393
0.52665897648331
0.39014368486152
-0.28994301572899
-0.85595086466564
-0.70794033269847
-0.04571873764637
0.39681380187910
0.27318910844971
0.00000000000000
0.11841573325188
0.51626653211936
0.56102247701691
-0.02688606639272
-0.72811529493745
-0.82196421058813
-0.26803711725173
0.26928633328573
0.27592227276786
-0.00000000000000
0.03485708921820
0.45533832255113
0.67698448024843
0.23880267844831
-0.52900672706322
-0.85552850458402
-0.46411815629608
0.11539924216215
0.25164624256397
-0.00000000000000
-0.05211360957178
0.34983842544294
0.72667852572501
0.48111575328671
-0.27811529493746
-0.80534770773364
-0.61476807650083
-0.04978393081808
0.20273732481546
-0.00000000000000
-0.13398306516000
0.21009390578476
0.70524021403662
0.67633386606286
-0.00000000000000
-0.67633386606286
-0.70524021403663
-0.21009390578478
0.13398306516000
0.00000000000001
-0.20273732481546
0.04978393081807
0.61476807650082
0.80534770773364
0.27811529493745
-0.48111575328672
-0.72667852572502
-0.34983842544294
0.05211360957177
-0.00000000000000
-0.25164624256398
-0.11539924216215
0.46411815629607
0.85552850458403
0.52900672706324
-0.23880267844831
-0.67698448024843
-0.45533832255112
-0.03485708921821
0.00000000000000
-0.27592227276786
-0.26928633328573
0.26803711725172
0.82196421058813
0.72811529493747
0.02688606639272
-0.56102247701691
-0.51626653211936
-0.11841573325188
0.00000000000000
-0.27318910844971
-0.39681380187911
0.04571873764636
0.70794033269847
0.85595086466564
0.28994301572900
-0.39014368486152
-0.52665897648331
-0.19038302026394
0.00000000000000
-0.24371429077606
-0.48549837078022
-0.18107491054100
0.52461832253394
0.90000000000000
0.52461832253394
-0.18107491054100
-0.48549837078022
-0.24371429077605
-0.00000000000000
-0.19038302026394
-0.52665897648331
-0.39014368486153
0.28994301572900
0.85595086466564
0.70794033269847
0.04571873764637
-0.39681380187910
-0.27318910844971
-0.00000000000001
-0.11841573325188
-0.51626653211936
-0.56102247701690
0.02688606639273
0.72811529493745
0.82196421058814
0.26803711725172
-0.26928633328573
-0.27592227276786
-0.00000000000000
-0.03485708921819
-0.45533832255113
-0.67698448024843
-0.23880267844830
0.52900672706323
0.85552850458403
0.46411815629608
-0.11539924216214
-0.25164624256397
0.00000000000001
0.05211360957178
-0.34983842544295
-0.72667852572501
-0.48111575328672
0.27811529493746
0.80534770773364
0.61476807650083
0.04978393081808
-0.20273732481546
0.00000000000000
0.13398306516000
-0.21009390578476
-0.70524021403663
-0.67633386606286
0.00000000000001
0.67633386606285
0.70524021403662
0.21009390578476
-0.13398306516000
-0.00000000000000
0.20273732481545
-0.04978393081806
-0.61476807650084
-0.80534770773364
-0.27811529493746
0.48111575328671
0.72667852572501
0.34983842544295
-0.05211360957177
-0.00000000000001
0.25164624256397
0.11539924216216
-0.46411815629606
-0.85552850458403
-0.52900672706322
0.23880267844830
0.67698448024843
0.45533832255112
0.03485708921821
-0.00000000000002
0.27592227276786
0.26928633328574
-0.26803711725169
-0.82196421058814
-0.72811529493744
-0.02688606639273
0.56102247701690
0.51626653211936
0.11841573325188
0.00000000000001
0.27318910844971
0.39681380187910
-0.04571873764634
-0.70794033269846
-0.85595086466565
-0.28994301572901
0.39014368486152
0.52665897648331
0.19038302026395
-0.00000000000000
0.24371429077606
0.48549837078022
0.18107491054102
-0.52461832253393
-0.90000000000000
-0.52461832253393
0.18107491054100
0.48549837078023
0.24371429077606
-0.00000000000000
0.19038302026393
0.52665897648331
0.39014368486151
-0.28994301572898
-0.85595086466562
-0.70794033269848
-0.04571873764635
0.39681380187910
0.27318910844972
-0.00000000000001
0.11841573325188
0.51626653211935
0.56102247701692
-0.02688606639273
-0.72811529493744
-0.82196421058815
-0.26803711725172
0.26928633328574
0.27592227276786
-0.00000000000000
0.03485708921820
0.45533832255112
0.67698448024844
0.23880267844832
-0.52900672706320
-0.85552850458402
-0.46411815629609
0.11539924216215
0.25164624256399
-0.00000000000000
-0.05211360957178
0.34983842544293
0.72667852572501
0.48111575328672
-0.27811529493743
-0.80534770773363
-0.61476807650083
-0.04978393081808
0.20273732481546
-0.00000000000001
-0.13398306516000
0.21009390578476
0.70524021403662
0.67633386606287
0.00000000000001
-0.67633386606286
-0.70524021403663
-0.21009390578479
0.13398306516000
-0.00000000000001
-0.20273732481546
0.04978393081806
0.61476807650084
0.80534770773364
0.27811529493747
-0.48111575328670
-0.72667852572501
-0.34983842544296
0.05211360957177
-0.00000000000000
-0.25164624256397
-0.11539924216215
0.46411815629607
0.85552850458403
0.52900672706323
-0.23880267844829
-0.67698448024843
-0.45533832255115
-0.03485708921820
0.00000000000001
-0.27592227276784
-0.26928633328574
0.26803711725170
0.82196421058813
0.72811529493748
0.02688606639274
-0.56102247701691
-0.51626653211938
-0.11841573325187
-0.00000000000000
-0.27318910844971
-0.39681380187911
0.04571873764636
0.70794033269845
0.85595086466564
0.28994301572904
-0.39014368486151
-0.52665897648331
-0.19038302026393
-0.00000000000000
-0.24371429077603
-0.48549837078022
-0.18107491054103
0.52461832253393
0.90000000000000
0.52461832253395
-0.18107491054097
-0.48549837078022
-0.24371429077605
0.00000000000000
-0.19038302026394
-0.52665897648330
-0.39014368486152
0.28994301572898
0.85595086466564
0.70794033269849
0.04571873764638
-0.39681380187912
-0.27318910844971
0.00000000000000
-0.11841573325186
-0.51626653211935
-0.56102247701692
0.02688606639272
0.72811529493745
0.82196421058813
0.26803711725177
-0.26928633328573
-0.27592227276785
0.00000000000000
-0.03485708921820
-0.45533832255111
-0.67698448024843
-0.23880267844833
0.52900672706323
0.85552850458403
0.46411815629610
-0.11539924216214
-0.25164624256398
-0.00000000000000
0.05211360957178
-0.34983842544296
-0.72667852572501
-0.48111575328672
0.27811529493745
0.80534770773364
0.61476807650086
0.04978393081807
-0.20273732481546
0.00000000000000
0.13398306516001
-0.21009390578475
-0.70524021403662
-0.67633386606288
0.00000000000001
0.67633386606284
0.70524021403664
0.21009390578478
-0.13398306516000
-0.00000000000001
0.20273732481547
-0.04978393081808
-0.61476807650081
-0.80534770773364
-0.27811529493746
0.48111575328672
0.72667852572502
0.34983842544294
-0.05211360957177
-0.00000000000001
0.25164624256399
0.11539924216216
-0.46411815629609
-0.85552850458402
-0.52900672706323
0.23880267844830
0.67698448024843
0.45533832255116
0.03485708921819
-0.00000000000000
0.27592227276786
0.26928633328573
-0.26803711725172
-0.82196421058814
-0.72811529493747
-0.02688606639275
0.56102247701690
0.51626653211937
0.11841573325191
0.00000000000001
0.27318910844971
0.39681380187911
-0.04571873764640
-0.70794033269842
-0.85595086466564
-0.28994301572899
0.39014368486153
0.52665897648331
0.19038302026390
-0.00000000000000
0.24371429077607
0.48549837078024
0.18107491054101
-0.52461832253397
-0.90000000000000
-0.52461832253394
0.18107491054102
0.48549837078024
0.24371429077608
0.00000000000000
0.19038302026389
0.52665897648331
0.39014368486152
-0.28994301572896
-0.85595086466565
-0.70794033269848
-0.04571873764636
0.39681380187910
0.27318910844969
0.00000000000001
0.11841573325187
0.51626653211936
0.56102247701691
-0.02688606639268
-0.72811529493745
-0.82196421058815
-0.26803711725175
0.26928633328573
0.27592227276789
0.00000000000000
0.03485708921818
0.45533832255110
0.67698448024843
0.23880267844829
-0.52900672706317
-0.85552850458402
-0.46411815629611
0.11539924216213
0.25164624256393
0.00000000000005
-0.05211360957178
0.34983842544296
0.72667852572500
0.48111575328672
-0.27811529493745
-0.80534770773364
-0.61476807650082
-0.04978393081806
0.20273732481545
-0.00000000000003
-0.13398306515999
0.21009390578477
0.70524021403664
0.67633386606289
0.00000000000003
-0.67633386606285
-0.70524021403663
-0.21009390578477
0.13398306516000
0.00000000000003
-0.20273732481543
0.04978393081805
0.61476807650082
0.80534770773366
0.27811529493745
-0.48111575328669
-0.72667852572503
-0.34983842544290
0.05211360957178
-0.00000000000001
-0.25164624256397
-0.11539924216215
0.46411815629605
0.85552850458402
0.52900672706330
-0.23880267844829
-0.67698448024842
-0.45533832255115
-0.03485708921819
0.00000000000003
-0.27592227276788
-0.26928633328573
0.26803711725169
0.82196421058812
0.72811529493744
0.02688606639280
-0.56102247701691
-0.51626653211935
-0.11841573325190
-0.00000000000001
-0.27318910844971
-0.39681380187910
0.04571873764636
0.70794033269848
0.85595086466565
0.28994301572901
-0.39014368486150
-0.52665897648333
-0.19038302026394
0.00000000000000
-0.24371429077608
-0.48549837078024
-0.18107491054102
0.52461832253392
0.90000000000000
0.52461832253398
-0.18107491054098
-0.48549837078022
-0.24371429077607
-0.00000000000000
-0.19038302026395
-0.52665897648329
-0.39014368486154
0.28994301572904
0.85595086466562
0.70794033269846
0.04571873764636
-0.39681380187910
-0.27318910844973
-0.00000000000000
-0.11841573325187
-0.51626653211937
-0.56102247701690
0.02688606639270
0.72811529493748
0.82196421058817
0.26803711725173
-0.26928633328572
-0.27592227276787
-0.00000000000001
-0.03485708921819
-0.45533832255111
-0.67698448024845
-0.23880267844830
0.52900672706319
0.85552850458402
0.46411815629610
-0.11539924216215
-0.25164624256394
0.00000000000002
0.05211360957179
-0.34983842544292
-0.72667852572501
-0.48111575328672
0.27811529493745
0.80534770773364
0.61476807650085
0.04978393081808
-0.20273732481545
-0.00000000000004
0.13398306516000
-0.21009390578474
-0.70524021403660
-0.67633386606286
-0.00000000000003
0.67633386606284
0.70524021403662
0.21009390578480
-0.13398306516000
0.00000000000005
0.20273732481543
-0.04978393081807
-0.61476807650084
-0.80534770773365
-0.27811529493742
0.48111575328665
0.72667852572501
0.34983842544294
-0.05211360957178
-0.00000000000001
0.25164624256400
0.11539924216218
-0.46411815629607
-0.85552850458402
-0.52900672706325
0.23880267844832
0.67698448024843
0.45533832255114
0.03485708921820
0.00000000000001
0.27592227276786
0.26928633328575
-0.26803711725170
-0.82196421058813
-0.72811529493745
-0.02688606639273
0.56102247701689
0.51626653211937
0.11841573325189
-0.00000000000000
0.27318910844972
0.39681380187911
-0.04571873764632
-0.70794033269845
-0.85595086466564
-0.28994301572899
0.39014368486151
0.52665897648334
0.19038302026396
0.00000000000000
0.24371429077601
0.48549837078021
0.18107491054102
-0.52461832253390
-0.90000000000000
-0.52461832253390
0.18107491054094
0.48549837078022
0.24371429077605
0.00000000000000
0.19038302026392
0.52665897648330
0.39014368486153
-0.28994301572897
-0.85595086466560
-0.70794033269845
-0.04571873764638
0.39681380187909
0.27318910844973
-0.00000000000001
0.11841573325185
0.51626653211935
0.56102247701689
-0.02688606639270
-0.72811529493744
-0.82196421058816
-0.26803711725170
0.26928633328572
0.27592227276786
0.00000000000001
0.03485708921820
0.45533832255113
0.67698448024843
0.23880267844827
-0.52900672706319
-0.85552850458404
-0.46411815629613
0.11539924216214
0.25164624256398
-0.00000000000000
-0.05211360957178
0.34983842544294
0.72667852572502
0.48111575328676
-0.27811529493747
-0.80534770773364
-0.61476807650089
-0.04978393081811
0.20273732481546
0.00000000000003
-0.13398306516002
0.21009390578480
0.70524021403661
0.67633386606286
0.00000000000008
-0.67633386606288
-0.70524021403664
-0.21009390578483
0.13398306515999
0.00000000000002
-0.20273732481545
0.04978393081802
0.61476807650085
0.80534770773364
0.27811529493747
-0.48111575328664
-0.72667852572501
-0.34983842544297
0.05211360957177
0.00000000000003
-0.25164624256396
-0.11539924216216
0.46411815629603
0.85552850458403
0.52900672706319
-0.23880267844823
-0.67698448024843
-0.45533832255107
-0.03485708921822
0.00000000000001
-0.27592227276781
-0.26928633328574
0.26803711725172
0.82196421058811
0.72811529493744
0.02688606639270
-0.56102247701690
-0.51626653211939
-0.11841573325188
0.00000000000002
-0.27318910844970
-0.39681380187909
0.04571873764634
0.70794033269845
0.85595086466564
0.28994301572899
-0.39014368486152
-0.52665897648332
-0.19038302026398
0.00000000000000
-0.24371429077607
-0.48549837078021
-0.18107491054098
0.52461832253392
0.90000000000000
0.52461832253399
-0.18107491054102
-0.48549837078025
-0.24371429077607
-0.00000000000001
-0.19038302026393
-0.52665897648330
-0.39014368486156
0.28994301572903
0.85595086466564
0.70794033269849
0.04571873764642
-0.39681380187910
-0.27318910844975
-0.00000000000000
-0.11841573325186
-0.51626653211936
-0.56102247701691
0.02688606639270
0.72811529493747
0.82196421058812
0.26803711725179
-0.26928633328571
-0.27592227276784
-0.00000000000003
-0.03485708921818
-0.45533832255110
-0.67698448024843
-0.23880267844832
0.52900672706321
0.85552850458403
0.46411815629606
-0.11539924216213
-0.25164624256401
-0.00000000000002
0.05211360957177
-0.34983842544290
-0.72667852572500
-0.48111575328668
0.27811529493742
0.80534770773362
0.61476807650078
0.04978393081807
-0.20273732481546
-0.00000000000005
0.13398306516000
-0.21009390578476
-0.70524021403660
-0.67633386606289
0.00000000000003
0.67633386606285
0.70524021403666
0.21009390578473
-0.13398306516000
-0.00000000000004
0.20273732481547
-0.04978393081806
-0.61476807650082
-0.80534770773364
-0.27811529493752
0.48111575328674
0.72667852572499
0.34983842544301
-0.05211360957178
0.00000000000000
0.25164624256395
0.11539924216219
-0.46411815629605
-0.85552850458403
-0.52900672706323
0.23880267844818
0.67698448024844
0.45533832255115
0.03485708921824
-0.00000000000001
0.27592227276787
0.26928633328575
-0.26803711725167
-0.82196421058814
-0.72811529493747
-0.02688606639275
0.56102247701692
0.51626653211935
0.11841573325190
0.00000000000000
0.27318910844973
0.39681380187909
-0.04571873764632
-0.70794033269842
-0.85595086466564
-0.28994301572904
0.39014368486152
0.52665897648334
0.19038302026393
0.00000000000000
0.24371429077601
0.48549837078023
0.18107491054098
-0.52461832253387
-0.90000000000000
-0.52461832253387
0.18107491054096
0.48549837078022
0.24371429077608
0.00000000000000
0.19038302026395
0.52665897648325
0.39014368486150
-0.28994301572892
-0.85595086466562
-0.70794033269851
-0.04571873764640
0.39681380187908
0.27318910844972
0.00000000000001
0.11841573325187
0.51626653211936
0.56102247701690
-0.02688606639273
-0.72811529493747
-0.82196421058817
-0.26803711725181
0.26928633328575
0.27592227276787
0.00000000000002
0.03485708921824
0.45533832255111
0.67698448024844
0.23880267844832
-0.52900672706323
-0.85552850458404
-0.46411815629605
0.11539924216213
0.25164624256404
-0.00000000000006
-0.05211360957180
0.34983842544291
0.72667852572505
0.48111575328675
-0.27811529493730
-0.80534770773365
-0.61476807650081
-0.04978393081812
0.20273732481541
-0.00000000000000
-0.13398306515998
0.21009390578482
0.70524021403668
0.67633386606289
0.00000000000013
-0.67633386606282
-0.70524021403661
-0.21009390578486
0.13398306516001
0.00000000000006
-0.20273732481542
0.04978393081809
0.61476807650078
0.80534770773363
0.27811529493749
-0.48111575328666
-0.72667852572506
-0.34983842544294
0.05211360957178
0.00000000000006
-0.25164624256399
-0.11539924216212
0.46411815629601
0.85552850458402
0.52900672706315
-0.23880267844827
-0.67698448024841
-0.45533832255111
-0.03485708921820
0.00000000000002
-0.27592227276787
-0.26928633328577
0.26803711725174
0.82196421058810
0.72811529493750
0.02688606639268
-0.56102247701687
-0.51626653211938
-0.11841573325189
-0.00000000000001
-0.27318910844971
-0.39681380187909
0.04571873764628
0.70794033269848
0.85595086466564
0.28994301572906
-0.39014368486152
-0.52665897648325
-0.19038302026395
0.00000000000001
-0.24371429077605
-0.48549837078020
-0.18107491054108
0.52461832253385
0.90000000000000
0.52461832253401
-0.18107491054092
-0.48549837078017
-0.24371429077610
-0.00000000000000
-0.19038302026392
-0.52665897648333
-0.39014368486150
0.28994301572899
0.85595086466560
0.70794033269854
0.04571873764634
-0.39681380187909
-0.27318910844976
0.00000000000004
-0.11841573325185
-0.51626653211923
-0.56102247701693
0.02688606639270
0.72811529493739
0.82196421058808
0.26803711725171
-0.26928633328570
-0.27592227276782
0.00000000000002
-0.03485708921817
-0.45533832255120
-0.67698448024841
-0.23880267844829
0.52900672706321
0.85552850458402
0.46411815629608
-0.11539924216216
-0.25164624256395
-0.00000000000003
0.05211360957179
-0.34983842544298
-0.72667852572501
-0.48111575328682
0.27811529493752
0.80534770773365
0.61476807650094
0.04978393081807
-0.20273732481544
-0.00000000000009
0.13398306516002
-0.21009390578479
-0.70524021403659
-0.67633386606286
-0.00000000000005
