0.60850727560252
0.85426184115760
0.61787909365809
0.09125704432214
-0.37406424399971
-0.51963656354392
-0.34498517115844
-0.06916446131682
0.06782659046034
0.00000000000000
-0.12739152231581
-0.10238106854362
0.15041254467574
0.47865959758331
0.60524866076756
0.35077221850577
-0.19942588076720
-0.72270321789479
-0.87317429819398
-0.52900672706323
0.11141115613250
0.65952147639026
0.80032349370957
0.49842921793185
-0.00000000000000
-0.36213002402794
-0.40778518787332
-0.21429151776780
-0.01764579360996
0.00000000000000
-0.13829722252522
-0.23482051002492
-0.10161256153873
0.25485093438723
0.60524866076756
0.65881841617368
0.29520124034038
-0.31509652917510
-0.80431841697818
-0.85595086466564
-0.42824023825422
0.21286632395236
0.67707152115905
0.71521837127762
0.37406424399971
-0.06630212368010
-0.31482512292935
-0.27756649793229
-0.09637808427971
0.00000000000000
-0.09637808427971
-0.27756649793229
-0.31482512292935
-0.06630212368010
0.37406424399971
0.71521837127762
0.67707152115905
0.21286632395236
-0.42824023825421
-0.85595086466564
-0.80431841697818
-0.31509652917510
0.29520124034038
0.65881841617368
0.60524866076756
0.25485093438723
-0.10161256153873
-0.23482051002492
-0.13829722252522
-0.00000000000000
-0.01764579360996
-0.21429151776780
-0.40778518787332
-0.36213002402794
-0.00000000000000
0.49842921793184
0.80032349370957
0.65952147639026
0.11141115613250
-0.52900672706322
-0.87317429819398
-0.72270321789480
-0.19942588076720
0.35077221850577
0.60524866076756
0.47865959758332
0.15041254467574
-0.10238106854362
-0.12739152231581
-0.00000000000001
0.06782659046034
-0.06916446131681
-0.34498517115844
-0.51963656354392
-0.37406424399971
0.09125704432214
0.61787909365808
0.85426184115760
0.60850727560252
-0.00000000000000
-0.60850727560252
-0.85426184115760
-0.61787909365809
-0.09125704432213
0.37406424399971
0.51963656354391
0.34498517115844
0.06916446131682
-0.06782659046034
0.00000000000000
0.12739152231581
0.10238106854362
-0.15041254467574
-0.47865959758331
-0.60524866076756
-0.35077221850578
0.19942588076720
0.72270321789479
0.87317429819398
0.52900672706323
-0.11141115613249
-0.65952147639026
-0.80032349370957
-0.49842921793185
-0.00000000000001
0.36213002402794
0.40778518787332
0.21429151776781
0.01764579360996
0.00000000000000
0.13829722252522
0.23482051002492
0.10161256153873
-0.25485093438723
-0.60524866076756
-0.65881841617368
-0.29520124034038
0.31509652917510
0.80431841697818
0.85595086466564
0.42824023825423
-0.21286632395236
-0.67707152115905
-0.71521837127762
-0.37406424399971
0.06630212368010
0.31482512292935
0.27756649793230
0.09637808427972
0.00000000000000
0.09637808427971
0.27756649793228
0.31482512292935
0.06630212368010
-0.37406424399971
-0.71521837127762
-0.67707152115906
-0.21286632395237
0.42824023825421
0.85595086466564
0.80431841697818
0.31509652917512
-0.29520124034036
-0.65881841617368
-0.60524866076757
-0.25485093438724
0.10161256153873
0.23482051002493
0.13829722252522
-0.00000000000000
0.01764579360995
0.21429151776780
0.40778518787332
0.36213002402795
0.00000000000001
-0.49842921793183
-0.80032349370957
-0.65952147639026
-0.11141115613249
0.52900672706322
0.87317429819398
0.72270321789480
0.19942588076720
-0.35077221850577
-0.60524866076756
-0.47865959758332
-0.15041254467574
0.10238106854362
0.12739152231580
0.00000000000000
-0.06782659046034
0.06916446131682
0.34498517115844
0.51963656354391
0.37406424399971
-0.09125704432213
-0.61787909365808
-0.85426184115760
-0.60850727560252
0.00000000000000
0.60850727560252
0.85426184115760
0.61787909365808
0.09125704432214
-0.37406424399971
-0.51963656354391
-0.34498517115844
-0.06916446131681
0.06782659046034
-0.00000000000000
-0.12739152231581
-0.10238106854362
0.15041254467574
0.47865959758332
0.60524866076756
0.35077221850578
-0.19942588076720
-0.72270321789478
-0.87317429819398
-0.52900672706322
0.11141115613251
0.65952147639027
0.80032349370956
0.49842921793184
-0.00000000000000
-0.36213002402794
-0.40778518787333
-0.21429151776781
-0.01764579360996
-0.00000000000000
-0.13829722252523
-0.23482051002492
-0.10161256153874
0.25485093438723
0.60524866076756
0.65881841617369
0.29520124034039
-0.31509652917508
-0.80431841697817
-0.85595086466564
-0.42824023825423
0.21286632395234
0.67707152115905
0.71521837127762
0.37406424399971
-0.06630212368009
-0.31482512292934
-0.27756649793230
-0.09637808427972
0.00000000000000
-0.09637808427971
-0.27756649793229
-0.31482512292934
-0.06630212368010
0.37406424399970
0.71521837127761
0.67707152115905
0.21286632395236
-0.42824023825421
-0.85595086466563
-0.80431841697819
-0.31509652917510
0.29520124034037
0.65881841617368
0.60524866076757
0.25485093438724
-0.10161256153873
-0.23482051002491
-0.13829722252523
-0.00000000000000
-0.01764579360995
-0.21429151776780
-0.40778518787332
-0.36213002402794
-0.00000000000000
0.49842921793184
0.80032349370956
0.65952147639026
0.11141115613251
-0.52900672706322
-0.87317429819398
-0.72270321789481
-0.19942588076719
0.35077221850578
0.60524866076757
0.47865959758332
0.15041254467574
-0.10238106854361
-0.12739152231581
0.00000000000000
0.06782659046034
-0.06916446131681
-0.34498517115844
-0.51963656354392
-0.37406424399972
0.09125704432212
0.61787909365808
0.85426184115759
0.60850727560252
0.00000000000002
-0.60850727560252
-0.85426184115760
-0.61787909365808
-0.09125704432217
0.37406424399971
0.51963656354392
0.34498517115846
0.06916446131682
-0.06782659046035
0.00000000000000
0.12739152231580
0.10238106854362
-0.15041254467572
-0.47865959758330
-0.60524866076756
-0.35077221850578
0.19942588076720
0.72270321789479
0.87317429819398
0.52900672706323
-0.11141115613250
-0.65952147639026
-0.80032349370957
-0.49842921793187
-0.00000000000001
0.36213002402793
0.40778518787332
0.21429151776781
0.01764579360996
-0.00000000000000
0.13829722252522
0.23482051002491
0.10161256153873
-0.25485093438723
-0.60524866076755
-0.65881841617367
-0.29520124034039
0.31509652917510
0.80431841697817
0.85595086466564
0.42824023825427
-0.21286632395233
-0.67707152115905
-0.71521837127763
-0.37406424399971
0.06630212368009
0.31482512292935
0.27756649793228
0.09637808427971
0.00000000000000
0.09637808427970
0.27756649793227
0.31482512292935
0.06630212368010
-0.37406424399970
-0.71521837127762
-0.67707152115906
-0.21286632395235
0.42824023825422
0.85595086466564
0.80431841697820
0.31509652917512
-0.29520124034039
-0.65881841617368
-0.60524866076756
-0.25485093438724
0.10161256153874
0.23482051002491
0.13829722252521
0.00000000000001
0.01764579360995
0.21429151776779
0.40778518787331
0.36213002402793
0.00000000000001
-0.49842921793186
-0.80032349370957
-0.65952147639026
-0.11141115613253
0.52900672706322
0.87317429819398
0.72270321789480
0.19942588076722
-0.35077221850577
-0.60524866076756
-0.47865959758331
-0.15041254467573
0.10238106854361
0.12739152231581
0.00000000000001
-0.06782659046034
0.06916446131681
0.34498517115844
0.51963656354391
0.37406424399972
-0.09125704432215
-0.61787909365809
-0.85426184115760
-0.60850727560254
0.00000000000000
0.60850727560250
0.85426184115759
0.61787909365810
0.09125704432214
-0.37406424399969
-0.51963656354391
-0.34498517115845
-0.06916446131682
0.06782659046034
0.00000000000001
-0.12739152231581
-0.10238106854362
0.15041254467575
0.47865959758332
0.60524866076757
0.35077221850576
-0.19942588076719
-0.72270321789480
-0.87317429819398
-0.52900672706321
0.11141115613249
0.65952147639026
0.80032349370956
0.49842921793183
0.00000000000001
-0.36213002402793
-0.40778518787332
-0.21429151776780
-0.01764579360995
0.00000000000000
-0.13829722252524
-0.23482051002493
-0.10161256153872
0.25485093438724
0.60524866076756
0.65881841617371
0.29520124034039
-0.31509652917512
-0.80431841697817
-0.85595086466563
-0.42824023825422
0.21286632395239
0.67707152115904
0.71521837127760
0.37406424399973
-0.06630212368010
-0.31482512292935
-0.27756649793229
-0.09637808427970
0.00000000000000
-0.09637808427974
-0.27756649793227
-0.31482512292935
-0.06630212368012
0.37406424399971
0.71521837127760
0.67707152115905
0.21286632395238
-0.42824023825420
-0.85595086466565
-0.80431841697819
-0.31509652917507
0.29520124034035
0.65881841617368
0.60524866076759
0.25485093438725
-0.10161256153871
-0.23482051002493
-0.13829722252524
0.00000000000000
-0.01764579360996
-0.21429151776778
-0.40778518787331
-0.36213002402795
-0.00000000000000
0.49842921793182
0.80032349370956
0.65952147639028
0.11141115613249
-0.52900672706319
-0.87317429819398
-0.72270321789481
-0.19942588076723
0.35077221850575
0.60524866076758
0.47865959758333
0.15041254467576
-0.10238106854361
-0.12739152231583
-0.00000000000001
0.06782659046034
-0.06916446131680
-0.34498517115844
-0.51963656354392
-0.37406424399971
0.09125704432212
0.61787909365808
0.85426184115760
0.60850727560254
0.00000000000004
-0.60850727560250
-0.85426184115760
-0.61787909365811
-0.09125704432214
0.37406424399970
0.51963656354394
0.34498517115845
0.06916446131681
-0.06782659046033
-0.00000000000002
0.12739152231579
0.10238106854361
-0.15041254467574
-0.47865959758330
-0.60524866076757
-0.35077221850576
0.19942588076721
0.72270321789478
0.87317429819398
0.52900672706328
-0.11141115613247
-0.65952147639023
-0.80032349370957
-0.49842921793185
-0.00000000000001
0.36213002402792
0.40778518787333
0.21429151776779
0.01764579360996
-0.00000000000000
0.13829722252522
0.23482051002491
0.10161256153874
-0.25485093438722
-0.60524866076756
-0.65881841617370
-0.29520124034037
0.31509652917507
0.80431841697817
0.85595086466565
0.42824023825423
-0.21286632395234
-0.67707152115907
-0.71521837127762
-0.37406424399971
0.06630212368011
0.31482512292933
0.27756649793229
0.09637808427972
0.00000000000000
0.09637808427971
0.27756649793229
0.31482512292935
0.06630212368010
-0.37406424399972
-0.71521837127762
-0.67707152115906
-0.21286632395239
0.42824023825422
0.85595086466563
0.80431841697818
0.31509652917512
-0.29520124034036
-0.65881841617369
-0.60524866076758
-0.25485093438723
0.10161256153872
0.23482051002491
0.13829722252524
0.00000000000001
0.01764579360994
0.21429151776779
0.40778518787333
0.36213002402797
0.00000000000002
-0.49842921793183
-0.80032349370956
-0.65952147639029
-0.11141115613252
0.52900672706321
0.87317429819399
0.72270321789482
0.19942588076721
-0.35077221850574
-0.60524866076755
-0.47865959758333
-0.15041254467575
0.10238106854362
0.12739152231583
0.00000000000000
-0.06782659046032
0.06916446131679
0.34498517115842
0.51963656354392
0.37406424399973
-0.09125704432211
-0.61787909365807
-0.85426184115760
-0.60850727560252
-0.00000000000004
0.60850727560249
0.85426184115760
0.61787909365807
0.09125704432216
-0.37406424399969
-0.51963656354391
-0.34498517115842
-0.06916446131685
0.06782659046035
0.00000000000004
-0.12739152231581
-0.10238106854362
0.15041254467571
0.47865959758328
0.60524866076758
0.35077221850577
-0.19942588076716
-0.72270321789478
-0.87317429819398
-0.52900672706322
0.11141115613251
0.65952147639025
0.80032349370957
0.49842921793183
-0.00000000000002
-0.36213002402792
-0.40778518787335
-0.21429151776782
-0.01764579360996
-0.00000000000000
-0.13829722252519
-0.23482051002492
-0.10161256153874
0.25485093438724
0.60524866076754
0.65881841617369
0.29520124034039
-0.31509652917510
-0.80431841697816
-0.85595086466564
-0.42824023825421
0.21286632395236
0.67707152115906
0.71521837127762
0.37406424399975
-0.06630212368008
-0.31482512292936
-0.27756649793231
-0.09637808427974
0.00000000000000
-0.09637808427970
-0.27756649793227
-0.31482512292933
-0.06630212368011
0.37406424399971
0.71521837127760
0.67707152115905
0.21286632395237
-0.42824023825420
-0.85595086466562
-0.80431841697815
-0.31509652917510
0.29520124034035
0.65881841617370
0.60524866076756
0.25485093438727
-0.10161256153870
-0.23482051002495
-0.13829722252521
-0.00000000000001
-0.01764579360995
-0.21429151776778
-0.40778518787333
-0.36213002402795
0.00000000000003
0.49842921793185
0.80032349370958
0.65952147639028
0.11141115613245
-0.52900672706321
-0.87317429819398
-0.72270321789486
-0.19942588076719
0.35077221850574
0.60524866076755
0.47865959758332
0.15041254467574
-0.10238106854361
-0.12739152231580
-0.00000000000000
0.06782659046035
-0.06916446131680
-0.34498517115844
-0.51963656354392
-0.37406424399971
0.09125704432210
0.61787909365813
0.85426184115760
0.60850727560250
0.00000000000004
-0.60850727560256
-0.85426184115760
-0.61787909365811
-0.09125704432221
0.37406424399973
0.51963656354393
0.34498517115843
0.06916446131682
-0.06782659046033
-0.00000000000001
0.12739152231580
0.10238106854361
-0.15041254467576
-0.47865959758330
-0.60524866076757
-0.35077221850576
0.19942588076721
0.72270321789479
0.87317429819398
0.52900672706324
-0.11141115613246
-0.65952147639022
-0.80032349370956
-0.49842921793187
-0.00000000000005
0.36213002402797
0.40778518787330
0.21429151776781
0.01764579360997
0.00000000000000
0.13829722252525
0.23482051002492
0.10161256153876
-0.25485093438725
-0.60524866076754
-0.65881841617370
-0.29520124034031
0.31509652917512
0.80431841697814
0.85595086466566
0.42824023825421
-0.21286632395233
-0.67707152115904
-0.71521837127763
-0.37406424399973
0.06630212368009
0.31482512292936
0.27756649793228
0.09637808427973
0.00000000000000
0.09637808427968
0.27756649793230
0.31482512292933
0.06630212368012
-0.37406424399967
-0.71521837127764
-0.67707152115905
-0.21286632395241
0.42824023825421
0.85595086466563
0.80431841697822
0.31509652917515
-0.29520124034036
-0.65881841617368
-0.60524866076759
-0.25485093438726
0.10161256153871
0.23482051002492
0.13829722252523
-0.00000000000001
0.01764579360995
0.21429151776780
0.40778518787331
0.36213002402792
0.00000000000001
-0.49842921793180
-0.80032349370954
-0.65952147639027
-0.11141115613255
0.52900672706319
0.87317429819398
0.72270321789480
0.19942588076724
-0.35077221850575
-0.60524866076758
-0.47865959758331
-0.15041254467577
0.10238106854361
0.12739152231582
-0.00000000000002
-0.06782659046035
0.06916446131684
0.34498517115845
0.51963656354394
0.37406424399974
-0.09125704432213
-0.61787909365805
-0.85426184115760
-0.60850727560257
0.00000000000000
0.60850727560250
0.85426184115759
0.61787909365809
0.09125704432215
-0.37406424399971
-0.51963656354390
-0.34498517115845
-0.06916446131681
0.06782659046035
-0.00000000000002
-0.12739152231579
-0.10238106854363
0.15041254467569
0.47865959758331
0.60524866076755
0.35077221850579
-0.19942588076711
-0.72270321789480
-0.87317429819399
-0.52900672706324
0.11141115613241
0.65952147639027
0.80032349370957
0.49842921793186
0.00000000000000
-0.36213002402793
-0.40778518787332
-0.21429151776779
-0.01764579360995
-0.00000000000002
-0.13829722252522
-0.23482051002495
-0.10161256153874
0.25485093438721
0.60524866076753
0.65881841617367
0.29520124034039
-0.31509652917509
-0.80431841697814
-0.85595086466563
-0.42824023825425
0.21286632395235
0.67707152115907
0.71521837127760
0.37406424399972
-0.06630212368007
-0.31482512292934
-0.27756649793226
-0.09637808427971
0.00000000000000
-0.09637808427969
-0.27756649793230
-0.31482512292933
-0.06630212368009
0.37406424399969
0.71521837127762
0.67707152115906
0.21286632395232
-0.42824023825419
-0.85595086466564
-0.80431841697821
-0.31509652917508
0.29520124034033
0.65881841617367
0.60524866076755
0.25485093438720
-0.10161256153872
-0.23482051002493
-0.13829722252518
-0.00000000000001
-0.01764579360994
-0.21429151776780
-0.40778518787329
-0.36213002402796
-0.00000000000003
0.49842921793187
0.80032349370956
0.65952147639030
0.11141115613255
-0.52900672706325
-0.87317429819397
-0.72270321789479
-0.19942588076722
0.35077221850581
0.60524866076756
0.47865959758328
0.15041254467572
-0.10238106854362
-0.12739152231582
0.00000000000003
0.06782659046033
-0.06916446131681
-0.34498517115841
-0.51963656354389
-0.37406424399967
0.09125704432215
0.61787909365806
0.85426184115761
0.60850727560255
-0.00000000000000
-0.60850727560247
-0.85426184115758
-0.61787909365809
-0.09125704432215
0.37406424399969
0.51963656354389
0.34498517115847
0.06916446131686
-0.06782659046035
0.00000000000002
0.12739152231582
0.10238106854363
-0.15041254467574
-0.47865959758327
-0.60524866076757
-0.35077221850580
0.19942588076722
0.72270321789477
0.87317429819399
0.52900672706316
-0.11141115613251
-0.65952147639023
-0.80032349370955
-0.49842921793179
0.00000000000003
0.36213002402795
0.40778518787334
0.21429151776784
0.01764579360996
-0.00000000000002
0.13829722252523
0.23482051002493
0.10161256153874
-0.25485093438717
-0.60524866076758
-0.65881841617368
-0.29520124034037
0.31509652917504
0.80431841697819
0.85595086466565
0.42824023825423
-0.21286632395238
-0.67707152115904
-0.71521837127765
-0.37406424399976
0.06630212368008
0.31482512292937
0.27756649793233
0.09637808427975
0.00000000000000
0.09637808427971
0.27756649793228
0.31482512292937
0.06630212368012
-0.37406424399969
-0.71521837127759
-0.67707152115909
-0.21286632395235
0.42824023825421
0.85595086466561
0.80431841697817
0.31509652917511
-0.29520124034032
-0.65881841617368
-0.60524866076756
-0.25485093438729
0.10161256153872
0.23482051002491
0.13829722252523
0.00000000000004
0.01764579360996
0.21429151776778
0.40778518787334
0.36213002402794
-0.00000000000002
-0.49842921793183
-0.80032349370959
-0.65952147639026
-0.11141115613243
0.52900672706323
0.87317429819397
0.72270321789482
0.19942588076720
-0.35077221850574
-0.60524866076754
-0.47865959758333
-0.15041254467575
0.10238106854360
0.12739152231582
0.00000000000002
-0.06782659046033
0.06916446131679
0.34498517115846
0.51963656354393
0.37406424399971
-0.09125704432209
-0.61787909365812
-0.85426184115761
-0.60850727560249
-0.00000000000008
