0.65389045591822
0.78245706611844
0.36876703360433
-0.11992923466491
-0.24780254226584
-0.05254303373556
0.05712584111604
-0.18460866426111
-0.55986548045186
-0.58905764746873
-0.07874972716514
0.61123432278072
0.89246263733920
0.53339565348847
-0.11390232665115
-0.48437538743676
-0.36798584866375
-0.07180477503916
-0.02244341014464
-0.26450336353161
-0.41508777746992
-0.12293558972818
0.48338509082590
0.87000469516073
0.63639610306789
-0.05473605590515
-0.62317630405346
-0.64445093000752
-0.24548222728178
0.08594235253127
0.05186366077241
-0.15259291430743
-0.10690977193411
0.30739396812279
0.71915098741871
0.64476458567859
0.02804676827477
-0.65089844285564
-0.83308509443939
-0.42797543233282
0.12514476174092
0.33580191368054
0.15867312781956
-0.02080325872311
0.12626170173386
0.46709352980836
0.54262421189626
0.09884731482351
-0.57648198330634
-0.90000000000000
-0.57648198330635
0.09884731482351
0.54262421189626
0.46709352980836
0.12626170173386
-0.02080325872311
0.15867312781956
0.33580191368054
0.12514476174093
-0.42797543233282
-0.83308509443939
-0.65089844285564
0.02804676827477
0.64476458567859
0.71915098741872
0.30739396812279
-0.10690977193410
-0.15259291430743
0.05186366077241
0.08594235253127
-0.24548222728179
-0.64445093000752
-0.62317630405347
-0.05473605590515
0.63639610306789
0.87000469516073
0.48338509082590
-0.12293558972817
-0.41508777746992
-0.26450336353161
-0.02244341014464
-0.07180477503915
-0.36798584866375
-0.48437538743675
-0.11390232665115
0.53339565348846
0.89246263733920
0.61123432278072
-0.07874972716514
-0.58905764746873
-0.55986548045186
-0.18460866426111
0.05712584111603
-0.05254303373555
-0.24780254226584
-0.11992923466491
0.36876703360433
0.78245706611843
0.65389045591822
-0.00000000000000
-0.65389045591822
-0.78245706611844
-0.36876703360434
0.11992923466491
0.24780254226584
0.05254303373556
-0.05712584111604
0.18460866426110
0.55986548045185
0.58905764746873
0.07874972716514
-0.61123432278072
-0.89246263733920
-0.53339565348847
0.11390232665115
0.48437538743675
0.36798584866375
0.07180477503916
0.02244341014464
0.26450336353162
0.41508777746992
0.12293558972818
-0.48338509082589
-0.87000469516073
-0.63639610306790
0.05473605590515
0.62317630405347
0.64445093000752
0.24548222728179
-0.08594235253127
-0.05186366077241
0.15259291430743
0.10690977193410
-0.30739396812278
-0.71915098741871
-0.64476458567859
-0.02804676827477
0.65089844285563
0.83308509443939
0.42797543233283
-0.12514476174093
-0.33580191368053
-0.15867312781956
0.02080325872311
-0.12626170173386
-0.46709352980836
-0.54262421189626
-0.09884731482351
0.57648198330635
0.90000000000000
0.57648198330636
-0.09884731482351
-0.54262421189625
-0.46709352980837
-0.12626170173387
0.02080325872312
-0.15867312781956
-0.33580191368054
-0.12514476174093
0.42797543233282
0.83308509443939
0.65089844285565
-0.02804676827476
-0.64476458567858
-0.71915098741872
-0.30739396812278
0.10690977193411
0.15259291430743
-0.05186366077241
-0.08594235253128
0.24548222728177
0.64445093000752
0.62317630405347
0.05473605590517
-0.63639610306788
-0.87000469516073
-0.48338509082589
0.12293558972818
0.41508777746993
0.26450336353163
0.02244341014464
0.07180477503916
0.36798584866374
0.48437538743676
0.11390232665116
-0.53339565348846
-0.89246263733920
-0.61123432278072
0.07874972716514
0.58905764746873
0.55986548045185
0.18460866426111
-0.05712584111604
0.05254303373556
0.24780254226585
0.11992923466492
-0.36876703360432
-0.78245706611844
-0.65389045591822
0.00000000000001
0.65389045591822
0.78245706611844
0.36876703360433
-0.11992923466491
-0.24780254226585
-0.05254303373556
0.05712584111604
-0.18460866426111
-0.55986548045186
-0.58905764746872
-0.07874972716514
0.61123432278071
0.89246263733920
0.53339565348848
-0.11390232665115
-0.48437538743676
-0.36798584866376
-0.07180477503916
-0.02244341014464
-0.26450336353162
-0.41508777746991
-0.12293558972818
0.48338509082588
0.87000469516073
0.63639610306790
-0.05473605590515
-0.62317630405346
-0.64445093000752
-0.24548222728179
0.08594235253128
0.05186366077242
-0.15259291430744
-0.10690977193411
0.30739396812278
0.71915098741871
0.64476458567860
0.02804676827479
-0.65089844285562
-0.83308509443939
-0.42797543233282
0.12514476174092
0.33580191368054
0.15867312781957
-0.02080325872311
0.12626170173385
0.46709352980835
0.54262421189626
0.09884731482351
-0.57648198330633
-0.90000000000000
-0.57648198330633
0.09884731482351
0.54262421189626
0.46709352980836
0.12626170173385
-0.02080325872311
0.15867312781956
0.33580191368052
0.12514476174094
-0.42797543233278
-0.83308509443938
-0.65089844285564
0.02804676827475
0.64476458567859
0.71915098741871
0.30739396812279
-0.10690977193410
-0.15259291430743
0.05186366077241
0.08594235253128
-0.24548222728179
-0.64445093000753
-0.62317630405346
-0.05473605590515
0.63639610306788
0.87000469516073
0.48338509082590
-0.12293558972818
-0.41508777746993
-0.26450336353163
-0.02244341014464
-0.07180477503916
-0.36798584866374
-0.48437538743676
-0.11390232665113
0.53339565348846
0.89246263733920
0.61123432278072
-0.07874972716514
-0.58905764746872
-0.55986548045187
-0.18460866426112
0.05712584111604
-0.05254303373555
-0.24780254226585
-0.11992923466491
0.36876703360432
0.78245706611843
0.65389045591823
0.00000000000001
-0.65389045591822
-0.78245706611844
-0.36876703360434
0.11992923466491
0.24780254226584
0.05254303373554
-0.05712584111604
0.18460866426109
0.55986548045183
0.58905764746873
0.07874972716516
-0.61123432278070
-0.89246263733920
-0.53339565348848
0.11390232665114
0.48437538743675
0.36798584866375
0.07180477503915
0.02244341014463
0.26450336353161
0.41508777746993
0.12293558972818
-0.48338509082590
-0.87000469516072
-0.63639610306792
0.05473605590512
0.62317630405346
0.64445093000754
0.24548222728179
-0.08594235253127
-0.05186366077243
0.15259291430743
0.10690977193410
-0.30739396812279
-0.71915098741870
-0.64476458567858
-0.02804676827479
0.65089844285564
0.83308509443940
0.42797543233281
-0.12514476174090
-0.33580191368054
-0.15867312781956
0.02080325872311
-0.12626170173386
-0.46709352980834
-0.54262421189626
-0.09884731482354
0.57648198330634
0.90000000000000
0.57648198330635
-0.09884731482348
-0.54262421189625
-0.46709352980834
-0.12626170173387
0.02080325872311
-0.15867312781953
-0.33580191368053
-0.12514476174094
0.42797543233280
0.83308509443939
0.65089844285565
-0.02804676827478
-0.64476458567859
-0.71915098741871
-0.30739396812280
0.10690977193411
0.15259291430742
-0.05186366077242
-0.08594235253128
0.24548222728180
0.64445093000753
0.62317630405346
0.05473605590516
-0.63639610306788
-0.87000469516073
-0.48338509082592
0.12293558972818
0.41508777746992
0.26450336353162
0.02244341014464
0.07180477503916
0.36798584866374
0.48437538743675
0.11390232665113
-0.53339565348847
-0.89246263733920
-0.61123432278073
0.07874972716516
0.58905764746872
0.55986548045187
0.18460866426114
-0.05712584111604
0.05254303373554
0.24780254226584
0.11992923466491
-0.36876703360432
-0.78245706611844
-0.65389045591825
0.00000000000001
0.65389045591821
0.78245706611844
0.36876703360436
-0.11992923466491
-0.24780254226584
-0.05254303373556
0.05712584111604
-0.18460866426110
-0.55986548045184
-0.58905764746873
-0.07874972716514
0.61123432278069
0.89246263733920
0.53339565348850
-0.11390232665115
-0.48437538743676
-0.36798584866376
-0.07180477503915
-0.02244341014463
-0.26450336353161
-0.41508777746991
-0.12293558972817
0.48338509082588
0.87000469516072
0.63639610306794
-0.05473605590513
-0.62317630405347
-0.64445093000753
-0.24548222728178
0.08594235253128
0.05186366077242
-0.15259291430741
-0.10690977193410
0.30739396812277
0.71915098741870
0.64476458567863
0.02804676827478
-0.65089844285565
-0.83308509443939
-0.42797543233280
0.12514476174091
0.33580191368056
0.15867312781959
-0.02080325872311
0.12626170173385
0.46709352980835
0.54262421189627
0.09884731482351
-0.57648198330635
-0.90000000000000
-0.57648198330635
0.09884731482351
0.54262421189626
0.46709352980836
0.12626170173386
-0.02080325872311
0.15867312781958
0.33580191368052
0.12514476174094
-0.42797543233281
-0.83308509443939
-0.65089844285563
0.02804676827475
0.64476458567859
0.71915098741871
0.30739396812282
-0.10690977193408
-0.15259291430744
0.05186366077239
0.08594235253128
-0.24548222728181
-0.64445093000754
-0.62317630405347
-0.05473605590519
0.63639610306790
0.87000469516073
0.48338509082588
-0.12293558972817
-0.41508777746993
-0.26450336353159
-0.02244341014462
-0.07180477503914
-0.36798584866370
-0.48437538743676
-0.11390232665118
0.53339565348845
0.89246263733919
0.61123432278072
-0.07874972716513
-0.58905764746873
-0.55986548045186
-0.18460866426113
0.05712584111603
-0.05254303373556
-0.24780254226585
-0.11992923466491
0.36876703360431
0.78245706611842
0.65389045591825
0.00000000000003
-0.65389045591822
-0.78245706611843
-0.36876703360432
0.11992923466491
0.24780254226586
0.05254303373557
-0.05712584111604
0.18460866426112
0.55986548045187
0.58905764746873
0.07874972716514
-0.61123432278072
-0.89246263733920
-0.53339565348846
0.11390232665117
0.48437538743678
0.36798584866376
0.07180477503917
0.02244341014462
0.26450336353158
0.41508777746992
0.12293558972823
-0.48338509082587
-0.87000469516073
-0.63639610306791
0.05473605590511
0.62317630405346
0.64445093000753
0.24548222728182
-0.08594235253127
-0.05186366077242
0.15259291430743
0.10690977193411
-0.30739396812276
-0.71915098741871
-0.64476458567862
-0.02804676827476
0.65089844285563
0.83308509443938
0.42797543233282
-0.12514476174092
-0.33580191368052
-0.15867312781958
0.02080325872311
-0.12626170173387
-0.46709352980840
-0.54262421189629
-0.09884731482352
0.57648198330632
0.90000000000000
0.57648198330642
-0.09884731482348
-0.54262421189625
-0.46709352980838
-0.12626170173389
0.02080325872311
-0.15867312781955
-0.33580191368052
-0.12514476174093
0.42797543233279
0.83308509443939
0.65089844285566
-0.02804676827477
-0.64476458567859
-0.71915098741873
-0.30739396812278
0.10690977193409
0.15259291430742
-0.05186366077241
-0.08594235253126
0.24548222728179
0.64445093000752
0.62317630405349
0.05473605590517
-0.63639610306788
-0.87000469516072
-0.48338509082585
0.12293558972817
0.41508777746992
0.26450336353162
0.02244341014463
0.07180477503913
0.36798584866373
0.48437538743677
0.11390232665117
-0.53339565348843
-0.89246263733919
-0.61123432278073
0.07874972716511
0.58905764746872
0.55986548045188
0.18460866426110
-0.05712584111604
0.05254303373553
0.24780254226582
0.11992923466491
-0.36876703360429
-0.78245706611844
-0.65389045591822
-0.00000000000001
0.65389045591820
0.78245706611846
0.36876703360434
-0.11992923466489
-0.24780254226582
-0.05254303373557
0.05712584111604
-0.18460866426111
-0.55986548045185
-0.58905764746872
-0.07874972716517
0.61123432278073
0.89246263733920
0.53339565348843
-0.11390232665111
-0.48437538743677
-0.36798584866381
-0.07180477503919
-0.02244341014463
-0.26450336353158
-0.41508777746993
-0.12293558972820
0.48338509082586
0.87000469516071
0.63639610306791
-0.05473605590508
-0.62317630405345
-0.64445093000754
-0.24548222728178
0.08594235253127
0.05186366077244
-0.15259291430743
-0.10690977193412
0.30739396812279
0.71915098741870
0.64476458567860
0.02804676827479
-0.65089844285561
-0.83308509443939
-0.42797543233283
0.12514476174095
0.33580191368052
0.15867312781953
-0.02080325872312
0.12626170173389
0.46709352980839
0.54262421189625
0.09884731482359
-0.57648198330631
-0.90000000000000
-0.57648198330636
0.09884731482345
0.54262421189628
0.46709352980839
0.12626170173390
-0.02080325872312
0.15867312781957
0.33580191368053
0.12514476174097
-0.42797543233277
-0.83308509443938
-0.65089844285566
0.02804676827469
0.64476458567861
0.71915098741870
0.30739396812280
-0.10690977193408
-0.15259291430744
0.05186366077241
0.08594235253128
-0.24548222728173
-0.64445093000753
-0.62317630405347
-0.05473605590518
0.63639610306791
0.87000469516073
0.48338509082592
-0.12293558972814
-0.41508777746991
-0.26450336353157
-0.02244341014463
-0.07180477503913
-0.36798584866370
-0.48437538743676
-0.11390232665123
0.53339565348847
0.89246263733920
0.61123432278075
-0.07874972716508
-0.58905764746872
-0.55986548045189
-0.18460866426116
0.05712584111604
-0.05254303373556
-0.24780254226583
-0.11992923466495
0.36876703360433
0.78245706611842
0.65389045591824
0.00000000000009
-0.65389045591825
-0.78245706611843
-0.36876703360435
0.11992923466488
0.24780254226587
0.05254303373557
-0.05712584111605
0.18460866426114
0.55986548045187
0.58905764746874
0.07874972716520
-0.61123432278073
-0.89246263733920
-0.53339565348855
0.11390232665120
0.48437538743677
0.36798584866377
0.07180477503919
0.02244341014463
0.26450336353156
0.41508777746991
0.12293558972822
-0.48338509082589
-0.87000469516072
-0.63639610306793
0.05473605590517
0.62317630405346
0.64445093000751
0.24548222728180
-0.08594235253128
-0.05186366077242
0.15259291430741
0.10690977193414
-0.30739396812278
-0.71915098741872
-0.64476458567861
-0.02804676827472
0.65089844285563
0.83308509443939
0.42797543233285
-0.12514476174093
-0.33580191368051
-0.15867312781954
0.02080325872313
-0.12626170173388
-0.46709352980837
-0.54262421189626
-0.09884731482352
0.57648198330635
0.90000000000000
0.57648198330639
-0.09884731482351
-0.54262421189627
-0.46709352980839
-0.12626170173391
0.02080325872310
-0.15867312781955
-0.33580191368054
-0.12514476174090
0.42797543233281
0.83308509443939
0.65089844285568
-0.02804676827481
-0.64476458567859
-0.71915098741870
-0.30739396812282
0.10690977193409
0.15259291430744
-0.05186366077241
-0.08594235253126
0.24548222728181
0.64445093000752
0.62317630405349
0.05473605590511
-0.63639610306789
-0.87000469516073
-0.48338509082594
0.12293558972820
0.41508777746990
0.26450336353160
0.02244341014462
0.07180477503914
0.36798584866370
0.48437538743674
0.11390232665113
-0.53339565348846
-0.89246263733920
-0.61123432278076
0.07874972716514
0.58905764746871
0.55986548045189
0.18460866426109
-0.05712584111603
0.05254303373556
0.24780254226584
0.11992923466491
-0.36876703360431
-0.78245706611843
-0.65389045591826
0.00000000000003
0.65389045591822
0.78245706611844
0.36876703360431
-0.11992923466489
-0.24780254226586
-0.05254303373557
0.05712584111603
-0.18460866426113
-0.55986548045185
-0.58905764746875
-0.07874972716511
0.61123432278071
0.89246263733920
0.53339565348841
-0.11390232665114
-0.48437538743676
-0.36798584866377
-0.07180477503917
-0.02244341014462
-0.26450336353155
-0.41508777746992
-0.12293558972817
0.48338509082587
0.87000469516072
0.63639610306790
-0.05473605590511
-0.62317630405344
-0.64445093000756
-0.24548222728177
0.08594235253127
0.05186366077242
-0.15259291430743
-0.10690977193411
0.30739396812276
0.71915098741869
0.64476458567857
0.02804676827475
-0.65089844285563
-0.83308509443939
-0.42797543233281
0.12514476174091
0.33580191368056
0.15867312781953
-0.02080325872312
0.12626170173388
0.46709352980838
0.54262421189626
0.09884731482355
-0.57648198330628
-0.90000000000000
-0.57648198330635
0.09884731482346
0.54262421189626
0.46709352980838
0.12626170173389
-0.02080325872312
0.15867312781950
0.33580191368053
0.12514476174094
-0.42797543233279
-0.83308509443938
-0.65089844285565
0.02804676827470
0.64476458567856
0.71915098741869
0.30739396812278
-0.10690977193410
-0.15259291430747
0.05186366077243
0.08594235253127
-0.24548222728175
-0.64445093000751
-0.62317630405345
-0.05473605590517
0.63639610306788
0.87000469516073
0.48338509082590
-0.12293558972813
-0.41508777746992
-0.26450336353157
-0.02244341014464
-0.07180477503913
-0.36798584866367
-0.48437538743672
-0.11390232665120
0.53339565348837
0.89246263733920
0.61123432278073
-0.07874972716509
-0.58905764746867
-0.55986548045188
-0.18460866426114
0.05712584111605
-0.05254303373555
-0.24780254226580
-0.11992923466491
0.36876703360429
0.78245706611844
0.65389045591826
0.00000000000006
-0.65389045591818
-0.78245706611842
-0.36876703360435
0.11992923466492
0.24780254226586
0.05254303373557
-0.05712584111605
0.18460866426111
0.55986548045188
0.58905764746874
0.07874972716519
-0.61123432278068
-0.89246263733920
-0.53339565348842
0.11390232665111
0.48437538743677
0.36798584866378
0.07180477503918
0.02244341014462
0.26450336353156
0.41508777746992
0.12293558972821
-0.48338509082584
-0.87000469516073
-0.63639610306789
0.05473605590511
0.62317630405342
0.64445093000750
0.24548222728178
-0.08594235253126
-0.05186366077240
0.15259291430741
0.10690977193412
-0.30739396812269
-0.71915098741875
-0.64476458567861
-0.02804676827476
0.65089844285558
0.83308509443941
0.42797543233284
-0.12514476174088
-0.33580191368052
-0.15867312781956
0.02080325872314
-0.12626170173382
-0.46709352980834
-0.54262421189625
-0.09884731482358
0.57648198330632
0.90000000000000
0.57648198330633
-0.09884731482344
-0.54262421189624
-0.46709352980834
-0.12626170173382
0.02080325872311
-0.15867312781962
-0.33580191368054
-0.12514476174094
0.42797543233282
0.83308509443941
0.65089844285559
-0.02804676827475
-0.64476458567856
-0.71915098741872
-0.30739396812290
0.10690977193409
0.15259291430744
-0.05186366077241
-0.08594235253127
0.24548222728174
0.64445093000750
0.62317630405351
0.05473605590522
-0.63639610306788
-0.87000469516072
-0.48338509082599
0.12293558972817
0.41508777746997
0.26450336353170
0.02244341014465
0.07180477503915
0.36798584866375
0.48437538743675
0.11390232665121
-0.53339565348846
-0.89246263733919
-0.61123432278077
0.07874972716504
0.58905764746873
0.55986548045190
0.18460866426111
-0.05712584111604
0.05254303373553
0.24780254226583
0.11992923466496
-0.36876703360438
-0.78245706611844
-0.65389045591819
-0.00000000000006
