0.68506967858808
0.65952147639026
0.14157220347679
-0.09912597594180
0.14079101853621
0.25485093438723
-0.20861736136612
-0.79584298704183
-0.72775601399261
-0.00000000000000
0.57532394988223
0.45864140847329
0.06066897191961
0.06630212368010
0.40859144976559
0.38562930772397
-0.25524159840231
-0.85426184115760
-0.69920452017324
-0.00000000000000
0.40926150444424
0.21286632395236
-0.02617296131464
0.22524010948214
0.63639610306789
0.47865959758331
-0.27688100941409
-0.82905959426863
-0.60221001627496
-0.00000000000000
0.20313769145868
-0.05374559948392
-0.11045290273768
0.36213002402794
0.80190587176953
0.52483535101368
-0.27141737808100
-0.72270321789479
-0.44626700013978
-0.00000000000000
-0.02287065411038
-0.31509652917510
-0.18392094447013
0.46357212871364
0.88891950653562
0.51963656354392
-0.23938552270526
-0.54560361518401
-0.24664026070590
0.00000000000000
-0.24664026070589
-0.54560361518401
-0.23938552270527
0.51963656354392
0.88891950653562
0.46357212871364
-0.18392094447012
-0.31509652917510
-0.02287065411038
0.00000000000000
-0.44626700013978
-0.72270321789479
-0.27141737808100
0.52483535101368
0.80190587176953
0.36213002402794
-0.11045290273768
-0.05374559948393
0.20313769145868
0.00000000000000
-0.60221001627496
-0.82905959426863
-0.27688100941410
0.47865959758332
0.63639610306789
0.22524010948214
-0.02617296131464
0.21286632395235
0.40926150444425
0.00000000000000
-0.69920452017324
-0.85426184115760
-0.25524159840231
0.38562930772398
0.40859144976559
0.06630212368011
0.06066897191961
0.45864140847328
0.57532394988223
-0.00000000000000
-0.72775601399261
-0.79584298704183
-0.20861736136613
0.25485093438723
0.14079101853621
-0.09912597594180
0.14157220347679
0.65952147639026
0.68506967858808
0.00000000000001
-0.68506967858808
-0.65952147639027
-0.14157220347680
0.09912597594180
-0.14079101853620
-0.25485093438723
0.20861736136612
0.79584298704183
0.72775601399262
-0.00000000000001
-0.57532394988223
-0.45864140847329
-0.06066897191961
-0.06630212368010
-0.40859144976559
-0.38562930772397
0.25524159840231
0.85426184115760
0.69920452017325
0.00000000000001
-0.40926150444424
-0.21286632395235
0.02617296131465
-0.22524010948214
-0.63639610306789
-0.47865959758331
0.27688100941410
0.82905959426863
0.60221001627496
0.00000000000001
-0.20313769145868
0.05374559948391
0.11045290273768
-0.36213002402792
-0.80190587176953
-0.52483535101368
0.27141737808099
0.72270321789479
0.44626700013978
0.00000000000000
0.02287065411037
0.31509652917510
0.18392094447013
-0.46357212871364
-0.88891950653562
-0.51963656354393
0.23938552270526
0.54560361518401
0.24664026070590
0.00000000000000
0.24664026070589
0.54560361518401
0.23938552270526
-0.51963656354392
-0.88891950653562
-0.46357212871365
0.18392094447012
0.31509652917510
0.02287065411038
-0.00000000000000
0.44626700013978
0.72270321789480
0.27141737808101
-0.52483535101368
-0.80190587176953
-0.36213002402793
0.11045290273768
0.05374559948392
-0.20313769145869
-0.00000000000001
0.60221001627495
0.82905959426863
0.27688100941411
-0.47865959758330
-0.63639610306790
-0.22524010948215
0.02617296131464
-0.21286632395236
-0.40926150444424
0.00000000000000
0.69920452017324
0.85426184115760
0.25524159840232
-0.38562930772396
-0.40859144976560
-0.06630212368011
-0.06066897191961
-0.45864140847329
-0.57532394988223
-0.00000000000000
0.72775601399261
0.79584298704183
0.20861736136613
-0.25485093438723
-0.14079101853621
0.09912597594180
-0.14157220347679
-0.65952147639026
-0.68506967858809
-0.00000000000001
0.68506967858808
0.65952147639025
0.14157220347679
-0.09912597594181
0.14079101853618
0.25485093438723
-0.20861736136609
-0.79584298704182
-0.72775601399262
-0.00000000000001
0.57532394988223
0.45864140847331
0.06066897191961
0.06630212368011
0.40859144976559
0.38562930772398
-0.25524159840231
-0.85426184115759
-0.69920452017323
0.00000000000001
0.40926150444425
0.21286632395235
-0.02617296131465
0.22524010948214
0.63639610306789
0.47865959758331
-0.27688100941409
-0.82905959426862
-0.60221001627497
0.00000000000001
0.20313769145868
-0.05374559948393
-0.11045290273768
0.36213002402794
0.80190587176953
0.52483535101369
-0.27141737808099
-0.72270321789479
-0.44626700013979
-0.00000000000001
-0.02287065411039
-0.31509652917512
-0.18392094447012
0.46357212871365
0.88891950653562
0.51963656354392
-0.23938552270525
-0.54560361518401
-0.24664026070590
0.00000000000000
-0.24664026070591
-0.54560361518402
-0.23938552270525
0.51963656354392
0.88891950653562
0.46357212871364
-0.18392094447012
-0.31509652917511
-0.02287065411038
0.00000000000001
-0.44626700013975
-0.72270321789480
-0.27141737808102
0.52483535101367
0.80190587176954
0.36213002402796
-0.11045290273767
-0.05374559948394
0.20313769145866
0.00000000000001
-0.60221001627495
-0.82905959426863
-0.27688100941411
0.47865959758330
0.63639610306791
0.22524010948214
-0.02617296131465
0.21286632395235
0.40926150444425
0.00000000000001
-0.69920452017323
-0.85426184115760
-0.25524159840230
0.38562930772398
0.40859144976560
0.06630212368010
0.06066897191961
0.45864140847329
0.57532394988224
0.00000000000001
-0.72775601399260
-0.79584298704184
-0.20861736136614
0.25485093438723
0.14079101853620
-0.09912597594180
0.14157220347679
0.65952147639026
0.68506967858809
0.00000000000002
-0.68506967858808
-0.65952147639027
-0.14157220347680
0.09912597594180
-0.14079101853621
-0.25485093438724
0.20861736136613
0.79584298704183
0.72775601399261
0.00000000000001
-0.57532394988223
-0.45864140847330
-0.06066897191962
-0.06630212368010
-0.40859144976560
-0.38562930772398
0.25524159840231
0.85426184115760
0.69920452017325
0.00000000000001
-0.40926150444424
-0.21286632395237
0.02617296131464
-0.22524010948213
-0.63639610306788
-0.47865959758334
0.27688100941409
0.82905959426862
0.60221001627496
0.00000000000001
-0.20313769145868
0.05374559948393
0.11045290273768
-0.36213002402795
-0.80190587176954
-0.52483535101367
0.27141737808097
0.72270321789479
0.44626700013981
0.00000000000001
0.02287065411037
0.31509652917510
0.18392094447013
-0.46357212871363
-0.88891950653563
-0.51963656354394
0.23938552270526
0.54560361518401
0.24664026070590
0.00000000000000
0.24664026070590
0.54560361518401
0.23938552270528
-0.51963656354393
-0.88891950653563
-0.46357212871364
0.18392094447011
0.31509652917511
0.02287065411040
0.00000000000000
0.44626700013975
0.72270321789480
0.27141737808097
-0.52483535101367
-0.80190587176953
-0.36213002402796
0.11045290273768
0.05374559948393
-0.20313769145868
-0.00000000000002
0.60221001627495
0.82905959426864
0.27688100941411
-0.47865959758333
-0.63639610306790
-0.22524010948213
0.02617296131465
-0.21286632395236
-0.40926150444424
-0.00000000000000
0.69920452017321
0.85426184115760
0.25524159840235
-0.38562930772397
-0.40859144976559
-0.06630212368012
-0.06066897191961
-0.45864140847327
-0.57532394988223
-0.00000000000001
0.72775601399261
0.79584298704183
0.20861736136613
-0.25485093438723
-0.14079101853619
0.09912597594180
-0.14157220347680
-0.65952147639024
-0.68506967858811
-0.00000000000003
0.68506967858806
0.65952147639024
0.14157220347682
-0.09912597594179
0.14079101853618
0.25485093438724
-0.20861736136613
-0.79584298704180
-0.72775601399261
-0.00000000000005
0.57532394988224
0.45864140847334
0.06066897191962
0.06630212368007
0.40859144976558
0.38562930772397
-0.25524159840229
-0.85426184115759
-0.69920452017326
-0.00000000000002
0.40926150444426
0.21286632395239
-0.02617296131465
0.22524010948211
0.63639610306788
0.47865959758332
-0.27688100941411
-0.82905959426862
-0.60221001627496
0.00000000000000
0.20313769145868
-0.05374559948392
-0.11045290273767
0.36213002402793
0.80190587176952
0.52483535101372
-0.27141737808097
-0.72270321789479
-0.44626700013980
0.00000000000001
-0.02287065411036
-0.31509652917510
-0.18392094447015
0.46357212871366
0.88891950653562
0.51963656354391
-0.23938552270522
-0.54560361518401
-0.24664026070590
0.00000000000000
-0.24664026070590
-0.54560361518400
-0.23938552270526
0.51963656354391
0.88891950653562
0.46357212871367
-0.18392094447012
-0.31509652917512
-0.02287065411040
-0.00000000000001
-0.44626700013976
-0.72270321789480
-0.27141737808103
0.52483535101369
0.80190587176954
0.36213002402793
-0.11045290273766
-0.05374559948391
0.20313769145866
0.00000000000001
-0.60221001627496
-0.82905959426864
-0.27688100941411
0.47865959758330
0.63639610306791
0.22524010948215
-0.02617296131465
0.21286632395234
0.40926150444422
0.00000000000003
-0.69920452017322
-0.85426184115759
-0.25524159840230
0.38562930772396
0.40859144976558
0.06630212368009
0.06066897191962
0.45864140847330
0.57532394988222
-0.00000000000001
-0.72775601399261
-0.79584298704183
-0.20861736136613
0.25485093438722
0.14079101853617
-0.09912597594180
0.14157220347682
0.65952147639025
0.68506967858809
0.00000000000002
-0.68506967858809
-0.65952147639025
-0.14157220347678
0.09912597594179
-0.14079101853623
-0.25485093438722
0.20861736136613
0.79584298704183
0.72775601399263
0.00000000000000
-0.57532394988222
-0.45864140847330
-0.06066897191959
-0.06630212368010
-0.40859144976564
-0.38562930772396
0.25524159840236
0.85426184115759
0.69920452017322
0.00000000000004
-0.40926150444422
-0.21286632395242
0.02617296131465
-0.22524010948216
-0.63639610306788
-0.47865959758335
0.27688100941406
0.82905959426863
0.60221001627500
0.00000000000003
-0.20313769145869
0.05374559948387
0.11045290273769
-0.36213002402788
-0.80190587176952
-0.52483535101374
0.27141737808099
0.72270321789481
0.44626700013980
0.00000000000001
0.02287065411036
0.31509652917508
0.18392094447012
-0.46357212871362
-0.88891950653562
-0.51963656354395
0.23938552270521
0.54560361518402
0.24664026070593
0.00000000000000
0.24664026070587
0.54560361518402
0.23938552270531
-0.51963656354392
-0.88891950653563
-0.46357212871366
0.18392094447011
0.31509652917510
0.02287065411040
-0.00000000000001
0.44626700013976
0.72270321789480
0.27141737808104
-0.52483535101366
-0.80190587176954
-0.36213002402792
0.11045290273767
0.05374559948392
-0.20313769145865
0.00000000000002
0.60221001627492
0.82905959426864
0.27688100941416
-0.47865959758329
-0.63639610306793
-0.22524010948214
0.02617296131465
-0.21286632395236
-0.40926150444424
-0.00000000000002
0.69920452017323
0.85426184115761
0.25524159840234
-0.38562930772394
-0.40859144976561
-0.06630212368012
-0.06066897191959
-0.45864140847330
-0.57532394988224
-0.00000000000000
0.72775601399259
0.79584298704183
0.20861736136617
-0.25485093438723
-0.14079101853625
0.09912597594179
-0.14157220347679
-0.65952147639025
-0.68506967858810
-0.00000000000003
0.68506967858806
0.65952147639028
0.14157220347681
-0.09912597594180
0.14079101853620
0.25485093438723
-0.20861736136609
-0.79584298704180
-0.72775601399262
0.00000000000001
0.57532394988221
0.45864140847328
0.06066897191961
0.06630212368010
0.40859144976561
0.38562930772398
-0.25524159840230
-0.85426184115760
-0.69920452017321
-0.00000000000001
0.40926150444423
0.21286632395237
-0.02617296131465
0.22524010948211
0.63639610306791
0.47865959758336
-0.27688100941410
-0.82905959426862
-0.60221001627495
0.00000000000000
0.20313769145867
-0.05374559948394
-0.11045290273769
0.36213002402794
0.80190587176953
0.52483535101369
-0.27141737808098
-0.72270321789478
-0.44626700013979
-0.00000000000001
-0.02287065411040
-0.31509652917510
-0.18392094447011
0.46357212871362
0.88891950653563
0.51963656354395
-0.23938552270528
-0.54560361518401
-0.24664026070588
0.00000000000000
-0.24664026070590
-0.54560361518401
-0.23938552270520
0.51963656354391
0.88891950653562
0.46357212871366
-0.18392094447014
-0.31509652917510
-0.02287065411036
0.00000000000001
-0.44626700013982
-0.72270321789479
-0.27141737808105
0.52483535101371
0.80190587176951
0.36213002402792
-0.11045290273766
-0.05374559948392
0.20313769145870
0.00000000000000
-0.60221001627487
-0.82905959426862
-0.27688100941410
0.47865959758328
0.63639610306786
0.22524010948209
-0.02617296131465
0.21286632395231
0.40926150444423
0.00000000000003
-0.69920452017319
-0.85426184115763
-0.25524159840232
0.38562930772395
0.40859144976564
0.06630212368012
0.06066897191960
0.45864140847327
0.57532394988225
-0.00000000000001
-0.72775601399259
-0.79584298704185
-0.20861736136622
0.25485093438723
0.14079101853625
-0.09912597594180
0.14157220347679
0.65952147639025
0.68506967858810
0.00000000000009
-0.68506967858809
-0.65952147639027
-0.14157220347684
0.09912597594181
-0.14079101853617
-0.25485093438724
0.20861736136603
0.79584298704184
0.72775601399263
0.00000000000004
-0.57532394988219
-0.45864140847328
-0.06066897191963
-0.06630212368007
-0.40859144976558
-0.38562930772396
0.25524159840224
0.85426184115758
0.69920452017325
-0.00000000000000
-0.40926150444423
-0.21286632395240
0.02617296131464
-0.22524010948212
-0.63639610306789
-0.47865959758327
0.27688100941407
0.82905959426862
0.60221001627499
-0.00000000000001
-0.20313769145870
0.05374559948389
0.11045290273771
-0.36213002402795
-0.80190587176953
-0.52483535101374
0.27141737808102
0.72270321789479
0.44626700013978
0.00000000000003
0.02287065411037
0.31509652917510
0.18392094447014
-0.46357212871356
-0.88891950653563
-0.51963656354394
0.23938552270524
0.54560361518401
0.24664026070588
0.00000000000000
0.24664026070587
0.54560361518401
0.23938552270525
-0.51963656354386
-0.88891950653563
-0.46357212871365
0.18392094447013
0.31509652917512
0.02287065411036
-0.00000000000000
0.44626700013978
0.72270321789479
0.27141737808096
-0.52483535101367
-0.80190587176953
-0.36213002402801
0.11045290273767
0.05374559948395
-0.20313769145869
0.00000000000002
0.60221001627498
0.82905959426863
0.27688100941416
-0.47865959758334
-0.63639610306788
-0.22524010948218
0.02617296131465
-0.21286632395236
-0.40926150444425
-0.00000000000002
0.69920452017328
0.85426184115760
0.25524159840233
-0.38562930772396
-0.40859144976557
-0.06630212368012
-0.06066897191960
-0.45864140847327
-0.57532394988222
0.00000000000000
0.72775601399258
0.79584298704182
0.20861736136612
-0.25485093438722
-0.14079101853628
0.09912597594178
-0.14157220347679
-0.65952147639023
-0.68506967858813
-0.00000000000005
0.68506967858808
0.65952147639030
0.14157220347680
-0.09912597594177
0.14079101853619
0.25485093438725
-0.20861736136611
-0.79584298704184
-0.72775601399263
-0.00000000000010
0.57532394988225
0.45864140847327
0.06066897191963
0.06630212368011
0.40859144976565
0.38562930772400
-0.25524159840224
-0.85426184115760
-0.69920452017321
-0.00000000000009
0.40926150444423
0.21286632395238
-0.02617296131466
0.22524010948204
0.63639610306792
0.47865959758334
-0.27688100941411
-0.82905959426861
-0.60221001627494
-0.00000000000002
0.20313769145865
-0.05374559948388
-0.11045290273768
0.36213002402790
0.80190587176955
0.52483535101371
-0.27141737808101
-0.72270321789481
-0.44626700013977
-0.00000000000001
-0.02287065411039
-0.31509652917505
-0.18392094447007
0.46357212871358
0.88891950653562
0.51963656354401
-0.23938552270532
-0.54560361518405
-0.24664026070592
0.00000000000000
-0.24664026070597
-0.54560361518405
-0.23938552270529
0.51963656354394
0.88891950653562
0.46357212871365
-0.18392094447010
-0.31509652917512
-0.02287065411033
-0.00000000000000
-0.44626700013973
-0.72270321789480
-0.27141737808100
0.52483535101366
0.80190587176952
0.36213002402795
-0.11045290273768
-0.05374559948395
0.20313769145871
0.00000000000002
-0.60221001627498
-0.82905959426866
-0.27688100941407
0.47865959758328
0.63639610306788
0.22524010948209
-0.02617296131464
0.21286632395235
0.40926150444427
-0.00000000000004
-0.69920452017323
-0.85426184115762
-0.25524159840232
0.38562930772401
0.40859144976560
0.06630212368013
0.06066897191965
0.45864140847332
0.57532394988226
0.00000000000013
-0.72775601399266
-0.79584298704181
-0.20861736136615
0.25485093438722
0.14079101853619
-0.09912597594180
0.14157220347668
0.65952147639027
0.68506967858809
0.00000000000001
-0.68506967858803
-0.65952147639026
-0.14157220347685
0.09912597594182
-0.14079101853616
-0.25485093438722
0.20861736136605
0.79584298704182
0.72775601399264
0.00000000000004
-0.57532394988219
-0.45864140847330
-0.06066897191965
-0.06630212368007
-0.40859144976553
-0.38562930772398
0.25524159840224
0.85426184115758
0.69920452017333
-0.00000000000007
-0.40926150444424
-0.21286632395239
0.02617296131465
-0.22524010948217
-0.63639610306786
-0.47865959758335
0.27688100941395
0.82905959426862
0.60221001627498
0.00000000000006
-0.20313769145869
0.05374559948397
0.11045290273769
-0.36213002402785
-0.80190587176953
-0.52483535101368
0.27141737808098
0.72270321789481
0.44626700013983
0.00000000000001
0.02287065411034
0.31509652917509
0.18392094447016
-0.46357212871362
-0.88891950653561
-0.51963656354394
0.23938552270523
0.54560361518400
0.24664026070597
0.00000000000000
0.24664026070583
0.54560361518404
0.23938552270527
-0.51963656354389
-0.88891950653563
-0.46357212871369
0.18392094447009
0.31509652917516
0.02287065411046
-0.00000000000003
0.44626700013979
0.72270321789478
0.27141737808112
-0.52483535101371
-0.80190587176952
-0.36213002402790
0.11045290273767
0.05374559948386
-0.20313769145868
0.00000000000002
0.60221001627494
0.82905959426863
0.27688100941415
-0.47865959758331
-0.63639610306792
-0.22524010948212
0.02617296131463
-0.21286632395235
-0.40926150444419
0.00000000000001
0.69920452017319
0.85426184115760
0.25524159840235
-0.38562930772396
-0.40859144976560
-0.06630212368010
-0.06066897191958
-0.45864140847330
-0.57532394988225
0.00000000000008
0.72775601399259
0.79584298704184
0.20861736136610
-0.25485093438721
-0.14079101853629
0.09912597594181
-0.14157220347680
-0.65952147639033
-0.68506967858808
-0.00000000000005
